#         t          x          y          z         vx         vy         vz
      0.000    -98.510   -120.040   -127.800    -30.000    173.770     91.580
      0.000    -99.918   -111.245   -123.105    -26.339    178.037     96.226
      0.050   -101.133   -102.234   -118.170    -22.242    182.388    101.162
      0.100   -102.130    -93.004   -112.981    -17.642    186.806    106.414
      0.150   -102.883    -83.552   -107.520    -12.460    191.268    112.011
      0.200   -103.359    -73.877   -101.770     -6.605    195.738    117.980
      0.250   -103.524    -63.980    -95.712      0.033    200.161    124.349
      0.300   -103.333    -53.864    -89.325      7.585    204.463    131.141
      0.350   -102.739    -43.539    -82.587     16.200    208.535    138.371
      0.400   -101.682    -33.020    -75.477     26.048    212.224    146.037
      0.450   -100.098    -22.332    -67.973     37.317    215.315    154.110
      0.500    -97.910    -11.511    -60.058     50.196    217.516    162.513
      0.550    -95.034     -0.612    -51.717     64.853    218.437    171.094
      0.600    -91.378     10.288    -42.950     81.380    217.579    179.597
      0.650    -86.851     21.086    -33.770     99.714    214.352    187.622
      0.700    -81.370     31.649    -24.214    119.528    208.140    194.610
      0.750    -74.878     41.814    -14.352    140.131    198.454    199.882
      0.800    -67.364     51.404     -4.286    160.445    185.141    202.751
      0.850    -58.874     60.247      5.843    179.152    168.596    202.384
      0.900    -49.521     68.208     15.877    194.965    149.857    199.002
      0.950    -39.468     75.209     25.680    207.179    130.172    193.103
      1.000    -28.896     81.231     35.142    215.682    110.715    185.368
      1.050    -17.983     86.308     44.189    220.823     92.342    176.525
      1.100     -6.883     90.505     52.782    223.185     75.541    167.191
      1.150      4.281     93.905     60.907    223.398     60.493    157.815
      1.200     15.417     96.597     68.569    222.021     47.181    148.687
      1.250     26.455     98.664     75.786    219.513     35.483    139.972
      1.300     37.349    100.182     82.579    216.223     25.229    131.750
      1.350     48.064    101.219     88.974    212.411     16.242    124.047
      1.400     58.581    101.833     94.997    208.267      8.351    116.858
      1.450     68.886    102.077    100.672    203.926      1.407    110.161
      1.500     78.971    101.994    106.024    199.484     -4.724    103.921
      1.550     88.834    101.622    111.075    195.008    -10.155     98.106
      1.600     98.473    100.994    115.844    190.547    -14.981     92.678
      1.650    107.889    100.137    120.351    186.131    -19.285     87.604
      1.700    117.087     99.077    124.613    181.783    -23.135     82.853
      1.750    126.070     97.834    128.644    177.518    -26.589     78.394
      1.800    134.841     96.427    132.459    173.343    -29.697     74.202
      1.850    143.407     94.872    136.070    169.265    -32.501     70.253
      1.900    151.770     93.183    139.490    165.284    -35.037     66.526
      1.950    159.937     91.374    142.728    161.402    -37.335     63.000
      2.000    167.913     89.455    145.794    157.618    -39.422     59.660
      2.050    175.702     87.436    148.698    153.930    -41.321     56.490
      2.100    183.308     85.327    151.447    150.334    -43.052     53.475
      2.150    190.737     83.135    154.049    146.829    -44.630     50.605
      2.200    197.993     80.867    156.511    143.410    -46.073     47.866
      2.250    205.080     78.531    158.839    140.075    -47.392     45.250
      2.300    212.003     76.131    161.039    136.819    -48.599     42.747
      2.350    218.764     73.674    163.116    133.641    -49.704     40.349
      2.400    225.369     71.163    165.076    130.536    -50.717     38.049
      2.450    231.820     68.604    166.923    127.501    -51.645     35.840
      2.500    238.120     66.000    168.662    124.533    -52.495     33.715
      2.550    244.275     63.356    170.297    121.629    -53.273     31.670
      2.600    250.285     60.675    171.831    118.786    -53.986     29.699
      2.650    256.155     57.959    173.269    116.002    -54.639     27.797
      2.700    261.886     55.212    174.613    113.273    -55.235     25.961
      2.750    267.483     52.437    175.866    110.597    -55.779     24.185
      2.800    272.947     49.636    177.033    107.973    -56.275     22.468
      2.850    278.282     46.811    178.114    105.396    -56.725     20.804
      2.900    283.488     43.964    179.114    102.867    -57.134     19.192
      2.950    288.569     41.098    180.035    100.381    -57.504     17.628
      3.000    293.527     38.215    180.878     97.938    -57.837     16.110
      3.050    298.364     35.315    181.647     95.535    -58.135     14.635
      3.100    303.082     32.402    182.343     93.171    -58.401     13.201
      3.150    307.682     29.476    182.968     90.844    -58.637     11.807
      3.200    312.167     26.539    183.524     88.552    -58.844     10.449
      3.250    316.538     23.592    184.014     86.294    -59.024      9.126
      3.300    320.797     20.637    184.438     84.069    -59.179      7.837
      3.350    324.946     17.675    184.798     81.874    -59.309      6.580
      3.400    328.985     14.707    185.097     79.710    -59.416      5.353
      3.450    332.918     11.734    185.334     77.573    -59.501      4.155
      3.500    336.744      8.757    185.513     75.464    -59.566      2.985
      3.550    340.465      5.778    185.633     73.382    -59.611      1.841
      3.600    344.082      2.797    185.697     71.324    -59.636      0.722
      3.650    347.598     -0.185    185.706     69.290    -59.644     -0.372
      3.700    351.012     -3.167    185.661     67.279    -59.634     -1.443
      3.750    354.326     -6.148    185.562     65.290    -59.608     -2.492
      3.800    357.541     -9.128    185.412     63.322    -59.566     -3.520
      3.850    360.659    -12.104    185.211     61.374    -59.508     -4.527
      3.900    363.679    -15.078    184.960     59.446    -59.436     -5.514
      3.950    366.604    -18.048    184.660     57.536    -59.349     -6.483
      4.000    369.433    -21.013    184.312     55.644    -59.249     -7.433
      4.050    372.169    -23.972    183.917     53.768    -59.135     -8.366
      4.100    374.811    -26.926    183.476     51.909    -59.008     -9.283
      4.150    377.360    -29.873    182.989     50.066    -58.869    -10.183
      4.200    379.818    -32.812    182.458     48.237    -58.718    -11.067
      4.250    382.184    -35.744    181.883     46.423    -58.555    -11.936
      4.300    384.460    -38.668    181.265     44.622    -58.380    -12.791
      4.350    386.646    -41.582    180.604     42.834    -58.194    -13.632
      4.400    388.744    -44.487    179.902     41.058    -57.997    -14.459
      4.450    390.753    -47.381    179.159     39.294    -57.789    -15.273
      4.500    392.673    -50.265    178.375     37.541    -57.570    -16.075
      4.550    394.507    -53.138    177.551     35.799    -57.341    -16.864
      4.600    396.254    -55.999    176.689     34.067    -57.102    -17.642
      4.650    397.914    -58.848    175.787     32.344    -56.853    -18.408
      4.700    399.488    -61.684    174.848     30.631    -56.594    -19.163
      4.750    400.977    -64.507    173.871     28.926    -56.325    -19.907
      4.800    402.381    -67.317    172.858     27.229    -56.047    -20.641
      4.850    403.700    -70.112    171.808     25.540    -55.759    -21.365
      4.900    404.935    -72.892    170.721     23.858    -55.462    -22.079
      4.950    406.086    -75.658    169.600     22.183    -55.155    -22.783
      5.000    407.154    -78.407    168.443     20.514    -54.839    -23.478
      5.050    408.138    -81.141    167.252     18.851    -54.513    -24.165
      5.100    409.039    -83.859    166.027     17.193    -54.178    -24.842
      5.150    409.857    -86.559    164.768     15.541    -53.835    -25.511
      5.200    410.593    -89.242    163.476     13.893    -53.481    -26.172
      5.250    411.247    -91.907    162.151     12.249    -53.119    -26.825
      5.300    411.818    -94.553    160.794     10.609    -52.748    -27.470
      5.350    412.308    -97.181    159.404      8.972    -52.367    -28.107
      5.400    412.715    -99.790    157.983      7.338    -51.977    -28.737
      5.450    413.041   -102.379    156.531      5.707    -51.577    -29.360
      5.500    413.286   -104.947    155.048      4.078    -51.169    -29.975
      5.550    413.449   -107.495    153.534      2.451    -50.751    -30.584
      5.600    413.531   -110.022    151.989      0.826    -50.323    -31.186
      5.650    413.532   -112.527    150.415     -0.799    -49.886    -31.782
      5.700    413.451   -115.011    148.811     -2.423    -49.439    -32.370
      5.750    413.290   -117.471    147.178     -4.046    -48.983    -32.953
      5.800    413.047   -119.909    145.516     -5.670    -48.516    -33.530
      5.850    412.723   -122.322    143.825     -7.294    -48.040    -34.100
      5.900    412.317   -124.712    142.106     -8.918    -47.553    -34.665
      5.950    411.831   -127.078    140.359    -10.544    -47.057    -35.223
      6.000    411.263   -129.418    138.584    -12.172    -46.549    -35.776
      6.050    410.614   -131.732    136.782    -13.801    -46.032    -36.324
      6.100    409.883   -134.021    134.952    -15.433    -45.503    -36.866
      6.150    409.070   -136.282    133.095    -17.068    -44.964    -37.402
      6.200    408.176   -138.517    131.212    -18.706    -44.413    -37.933
      6.250    407.200   -140.723    129.302    -20.347    -43.851    -38.459
      6.300    406.141   -142.901    127.366    -21.992    -43.277    -38.980
      6.350    405.000   -145.051    125.404    -23.642    -42.691    -39.495
      6.400    403.777   -147.170    123.417    -25.296    -42.094    -40.006
      6.450    402.471   -149.260    121.404    -26.955    -41.484    -40.511
      6.500    401.081   -151.318    119.366    -28.620    -40.861    -41.011
      6.550    399.608   -153.345    117.303    -30.291    -40.225    -41.507
      6.600    398.052   -155.341    115.215    -31.969    -39.576    -41.997
      6.650    396.411   -157.303    113.103    -33.653    -38.913    -42.483
      6.700    394.686   -159.231    110.967    -35.344    -38.236    -42.964
      6.750    392.877   -161.126    108.807    -37.044    -37.545    -43.440
      6.800    390.982   -162.986    106.623    -38.752    -36.839    -43.910
      6.850    389.001   -164.810    104.416    -40.468    -36.117    -44.377
      6.900    386.935   -166.597    102.185    -42.194    -35.380    -44.838
      6.950    384.782   -168.347     99.932    -43.929    -34.627    -45.294
      7.000    382.542   -170.059     97.656    -45.675    -33.857    -45.745
      7.050    380.214   -171.732     95.358    -47.432    -33.070    -46.191
      7.100    377.798   -173.366     93.037    -49.200    -32.265    -46.632
      7.150    375.294   -174.958     90.695    -50.980    -31.442    -47.069
      7.200    372.700   -176.510     88.330    -52.773    -30.599    -47.499
      7.250    370.016   -178.018     85.945    -54.579    -29.737    -47.925
      7.300    367.242   -179.483     83.538    -56.398    -28.855    -48.345
      7.350    364.376   -180.903     81.111    -58.232    -27.952    -48.760
      7.400    361.418   -182.277     78.662    -60.081    -27.026    -49.169
      7.450    358.367   -183.605     76.194    -61.946    -26.078    -49.572
      7.500    355.223   -184.885     73.705    -63.827    -25.107    -49.969
      7.550    351.984   -186.115     71.197    -65.726    -24.111    -50.360
      7.600    348.650   -187.295     68.669    -67.643    -23.089    -50.745
      7.650    345.219   -188.423     66.123    -69.578    -22.041    -51.123
      7.700    341.692   -189.499     63.557    -71.534    -20.966    -51.494
      7.750    338.065   -190.519     60.974    -73.509    -19.861    -51.858
      7.800    334.340   -191.484     58.372    -75.506    -18.726    -52.215
      7.850    330.514   -192.391     55.752    -77.526    -17.560    -52.564
      7.900    326.587   -193.239     53.116    -79.569    -16.362    -52.905
      7.950    322.557   -194.026     50.462    -81.636    -15.128    -53.237
      8.000    318.423   -194.751     47.792    -83.729    -13.859    -53.560
      8.050    314.183   -195.411     45.106    -85.848    -12.552    -53.874
      8.100    309.837   -196.005     42.405    -87.995    -11.205    -54.178
      8.150    305.383   -196.531     39.689    -90.171     -9.817    -54.471
      8.200    300.819   -196.986     36.958    -92.377     -8.385    -54.752
      8.250    296.144   -197.368     34.214    -94.615     -6.907    -55.022
      8.300    291.357   -197.675     31.456    -96.885     -5.380    -55.279
      8.350    286.455   -197.905     28.686    -99.190     -3.802    -55.522
      8.400    281.437   -198.054     25.905   -101.531     -2.170    -55.750
      8.450    276.301   -198.120     23.112   -103.909     -0.480    -55.962
      8.500    271.045   -198.101     20.309   -106.327      1.270    -56.158
      8.550    265.667   -197.992     17.496   -108.785      3.084    -56.334
      8.600    260.165   -197.790     14.676   -111.287      4.967    -56.491
      8.650    254.537   -197.493     11.848   -113.833      6.922    -56.626
      8.700    248.781   -197.096      9.014   -116.425      8.954    -56.738
      8.750    242.894   -196.596      6.175   -119.066     11.069    -56.824
      8.800    236.873   -195.987      3.332   -121.759     13.272    -56.882
      8.850    230.717   -195.266      0.487   -124.504     15.569    -56.908
      8.900    224.421   -194.428     -2.358   -127.305     17.968    -56.893
      8.950    217.985   -193.467     -5.201   -130.163     20.474    -56.839
      9.000    211.404   -192.377     -8.041   -133.082     23.097    -56.744
      9.050    204.675   -191.154    -10.874   -136.063     25.845    -56.602
      9.100    197.796   -189.790    -13.700   -139.110     28.728    -56.410
      9.150    190.762   -188.277    -16.514   -142.224     31.758    -56.161
      9.200    183.571   -186.610    -19.314   -145.408     34.947    -55.849
      9.250    176.220   -184.778    -22.097   -148.664     38.308    -55.467
      9.300    168.703   -182.774    -24.859   -151.995     41.857    -55.005
      9.350    161.018   -180.588    -27.595   -155.401     45.611    -54.454
      9.400    153.161   -178.208    -30.302   -158.885     49.590    -53.803
      9.450    145.128   -175.622    -32.973   -162.447     53.815    -53.037
      9.500    136.914   -172.819    -35.602   -166.086     58.310    -52.140
      9.550    128.517   -169.784    -38.183   -169.800     63.105    -51.095
      9.600    119.933   -166.501    -40.707   -173.586     68.229    -49.879
      9.650    111.157   -162.952    -43.166   -177.436     73.718    -48.467
      9.700    102.188   -159.119    -45.548   -181.342     79.614    -46.826
      9.750     93.022   -154.979    -47.842   -185.286     85.961    -44.919
      9.800     83.659   -150.510    -50.033   -189.248     92.811    -42.703
      9.850     74.098   -145.684    -52.103   -193.195    100.222    -40.123
      9.900     64.341   -140.472    -54.034   -197.083    108.258    -37.115
      9.950     54.392   -134.841    -55.802   -200.849    116.990    -33.599
