NUMBER OF AGES= 1 MAGS=10
----------------------------------------------------       
MIX-LEN  Y      Z          Zeff        [Fe/H] [a/Fe]
 1.9380  0.2452 1.3168E-04 1.7223E-04  -2.00  -0.20 
----------------------------------------------------       
**PHOTOMETRIC SYSTEM**: Bessell UBV(RI)c + 2MASS JHKs + Kepler (Vega)
----------------------------------------------------       
AGE= 4.000 EEPS=270
#EEP   M    LogTeff  LogG   LogL U       B       V       R       I       J       H       Ks      Kp      D51
   8  0.104789  3.5384  5.3711 -2.8057 17.0667 14.8622 13.0677 12.0469 11.1142  9.9889  9.5591  9.4548 12.2070 13.8903
   9  0.114521  3.5502  5.3300 -2.6787 16.2188 14.3555 12.6542 11.6714 10.8040  9.7073  9.2428  9.1244 11.8483 13.4136
  10  0.125416  3.5621  5.2879 -2.5498 15.4622 13.8468 12.2406 11.2969 10.4832  9.4195  8.9277  8.8003 11.4838 12.9355
  11  0.139940  3.5744  5.2420 -2.4069 14.7175 13.2973 11.7885 10.8907 10.1223  9.0983  8.5840  8.4489 11.0821 12.4194
  12  0.162288  3.5858  5.1924 -2.2475 13.9907 12.7268 11.3051 10.4533  9.7188  8.7327  8.2032  8.0589 10.6443 11.8767
  13  0.190018  3.5942  5.1490 -2.1021 13.3847 12.2402 10.8806 10.0641  9.3516  8.3933  7.8560  7.7040 10.2531 11.4056
  14  0.210753  3.5993  5.1199 -2.0077 13.0027 11.9318 10.6081  9.8134  9.1133  8.1719  7.6315  7.4751 10.0005 11.1043
  15  0.227328  3.6027  5.0985 -1.9395 12.7392 11.7133 10.4127  9.6327  8.9409  8.0112  7.4692  7.3106  9.8185 10.8903
  16  0.243354  3.6057  5.0792 -1.8787 12.5144 11.5212 10.2394  9.4716  8.7871  7.8675  7.3248  7.1646  9.6563 10.7020
  17  0.263456  3.6092  5.0570 -1.8082 12.2590 11.2999 10.0389  9.2848  8.6087  7.7006  7.1577  6.9964  9.4684 10.4850
  18  0.285971  3.6126  5.0342 -1.7359 12.0017 11.0745  9.8335  9.0932  8.4254  7.5291  6.9866  6.8246  9.2754 10.2635
  19  0.300977  3.6148  5.0228 -1.6936 11.8484 10.9417  9.7128  8.9809  8.3184  7.4292  6.8874  6.7255  9.1623 10.1330
  20  0.308887  3.6159  5.0184 -1.6736 11.7753 10.8785  9.6554  8.9277  8.2677  7.3822  6.8408  6.6790  9.1087 10.0709
  21  0.314175  3.6166  5.0161 -1.6613 11.7301 10.8394  9.6200  8.8948  8.2364  7.3532  6.8122  6.6506  9.0756 10.0324
  22  0.317758  3.6170  5.0125 -1.6511 11.6941 10.8078  9.5910  8.8675  8.2103  7.3286  6.7878  6.6261  9.0481 10.0012
  23  0.320312  3.6173  5.0114 -1.6451 11.6723 10.7889  9.5739  8.8518  8.1954  7.3148  6.7741  6.6126  9.0323  9.9827
  24  0.322653  3.6177  5.0096 -1.6389 11.6498 10.7694  9.5561  8.8352  8.1795  7.3000  6.7594  6.5979  9.0155  9.9635
  25  0.324816  3.6180  5.0068 -1.6319 11.6256 10.7480  9.5364  8.8168  8.1618  7.2833  6.7429  6.5814  8.9970  9.9423
  26  0.327397  3.6184  5.0039 -1.6241 11.5985 10.7243  9.5146  8.7964  8.1423  7.2649  6.7245  6.5632  8.9765  9.9189
  27  0.331005  3.6187  5.0008 -1.6145 11.5641 10.6942  9.4870  8.7707  8.1176  7.2418  6.7017  6.5404  8.9505  9.8892
  28  0.336716  3.6195  4.9970 -1.6003 11.5138 10.6505  9.4471  8.7333  8.0820  7.2086  6.6688  6.5077  8.9129  9.8460
  29  0.347380  3.6208  4.9903 -1.5746 11.4206 10.5695  9.3732  8.6647  8.0166  7.1478  6.6087  6.4481  8.8437  9.7664
  30  0.444253  3.6411  4.9005 -1.2974 10.3286  9.6474  8.5484  7.9111  7.3115  6.5077  5.9871  5.8402  8.0828  8.8665
  31  0.460068  3.6462  4.8828 -1.2438 10.0942  9.4566  8.3817  7.7623  7.1752  6.3883  5.8741  5.7319  7.9318  8.6828
  32  0.473304  3.6512  4.8679 -1.1968  9.8823  9.2869  8.2347  7.6314  7.0561  6.2848  5.7771  5.6397  7.7989  8.5205
  33  0.484844  3.6559  4.8553 -1.1547  9.6840  9.1326  8.1023  7.5140  6.9497  6.1934  5.6922  5.5593  7.6795  8.3742
  34  0.495711  3.6607  4.8439 -1.1146  9.4892  8.9847  7.9767  7.4029  6.8491  6.1075  5.6133  5.4846  7.5663  8.2351
  35  0.506042  3.6654  4.8336 -1.0766  9.3008  8.8432  7.8574  7.2974  6.7540  6.0269  5.5398  5.4155  7.4588  8.1036
  36  0.515034  3.6698  4.8253 -1.0430  9.1307  8.7166  7.7519  7.2045  6.6706  5.9568  5.4765  5.3562  7.3639  7.9877
  37  0.523475  3.6741  4.8179 -1.0112  8.9661  8.5958  7.6521  7.1165  6.5917  5.8912  5.4177  5.3013  7.2740  7.8783
  38  0.532531  3.6789  4.8104 -0.9770  8.7874  8.4659  7.5457  7.0227  6.5079  5.8218  5.3560  5.2438  7.1781  7.7618
  39  0.543503  3.6849  4.8018 -0.9359  8.5728  8.3096  7.4185  6.9109  6.4084  5.7399  5.2839  5.1767  7.0635  7.6234
  40  0.557492  3.6924  4.7912 -0.8841  8.3043  8.1132  7.2602  6.7714  6.2841  5.6378  5.1942  5.0933  6.9202  7.4524
  41  0.573719  3.7014  4.7795 -0.8236  7.9952  7.8874  7.0798  6.6116  6.1419  5.5208  5.0922  4.9983  6.7562  7.2588
  42  0.591481  3.7114  4.7670 -0.7580  7.6700  7.6465  6.8880  6.4417  5.9906  5.3968  4.9844  4.8979  6.5812  7.0540
  43  0.610052  3.7214  4.7537 -0.6910  7.3559  7.4093  6.6981  6.2720  5.8384  5.2711  4.8747  4.7954  6.4065  6.8522
  44  0.629048  3.7316  4.7397 -0.6235  7.0573  7.1765  6.5108  6.1041  5.6879  5.1465  4.7655  4.6934  6.2335  6.6546
  45  0.648084  3.7413  4.7252 -0.5571  6.7817  6.9538  6.3289  5.9410  5.5418  5.0244  4.6575  4.5924  6.0653  6.4632
  46  0.666381  3.7504  4.7108 -0.4943  6.5357  6.7504  6.1606  5.7889  5.4043  4.9087  4.5548  4.4961  5.9086  6.2865
  47  0.683490  3.7586  4.6967 -0.4364  6.3185  6.5663  6.0069  5.6502  5.2792  4.8027  4.4600  4.4071  5.7655  6.1256
  48  0.699322  3.7661  4.6837 -0.3835  6.1261  6.4002  5.8678  5.5249  5.1666  4.7071  4.3742  4.3267  5.6361  5.9799
  49  0.713732  3.7729  4.6724 -0.3359  5.9599  6.2540  5.7436  5.4122  5.0645  4.6210  4.2981  4.2551  5.5200  5.8502
  50  0.726830  3.7792  4.6624 -0.2930  5.8139  6.1233  5.6323  5.3114  4.9734  4.5439  4.2302  4.1913  5.4158  5.7340
  51  0.738776  3.7848  4.6531 -0.2542  5.6852  6.0064  5.5323  5.2206  4.8912  4.4744  4.1687  4.1334  5.3221  5.6296
  52  0.744769  3.7875  4.6482 -0.2348  5.6218  5.9482  5.4825  5.1756  4.8506  4.4398  4.1380  4.1046  5.2756  5.5777
  53  0.750750  3.7902  4.6432 -0.2156  5.5595  5.8905  5.4332  5.1310  4.8103  4.4055  4.1073  4.0757  5.2294  5.5264
  54  0.756701  3.7928  4.6379 -0.1965  5.4987  5.8338  5.3844  5.0866  4.7701  4.3709  4.0766  4.0466  5.1835  5.4756
  55  0.762613  3.7953  4.6325 -0.1776  5.4399  5.7780  5.3359  5.0421  4.7295  4.3361  4.0458  4.0173  5.1377  5.4252
  56  0.768489  3.7978  4.6269 -0.1588  5.3822  5.7230  5.2879  4.9981  4.6892  4.3015  4.0150  3.9879  5.0924  5.3754
  57  0.774339  3.8003  4.6213 -0.1401  5.3249  5.6682  5.2406  4.9550  4.6499  4.2674  3.9842  3.9588  5.0478  5.3261
  58  0.780166  3.8026  4.6156 -0.1217  5.2678  5.6138  5.1939  4.9128  4.6117  4.2339  3.9535  3.9299  5.0040  5.2776
  59  0.785956  3.8050  4.6099 -0.1034  5.2118  5.5602  5.1478  4.8710  4.5739  4.2007  3.9230  3.9013  4.9608  5.2296
  60  0.791723  3.8073  4.6042 -0.0854  5.1577  5.5075  5.1021  4.8293  4.5359  4.1675  3.8930  3.8728  4.9177  5.1822
  61  0.797447  3.8095  4.5985 -0.0676  5.1057  5.4561  5.0568  4.7876  4.4977  4.1343  3.8635  3.8445  4.8748  5.1355
  62  0.803124  3.8117  4.5929 -0.0502  5.0554  5.4058  5.0123  4.7464  4.4598  4.1015  3.8345  3.8165  4.8324  5.0894
  63  0.808714  3.8138  4.5872 -0.0331  5.0067  5.3569  4.9688  4.7062  4.4228  4.0693  3.8060  3.7889  4.7910  5.0446
  64  0.814214  3.8158  4.5817 -0.0165  4.9594  5.3092  4.9264  4.6670  4.3867  4.0379  3.7780  3.7619  4.7507  5.0009
  65  0.819633  3.8178  4.5760 -0.0002  4.9133  5.2626  4.8848  4.6285  4.3512  4.0070  3.7505  3.7353  4.7111  4.9580
  66  0.824972  3.8197  4.5705  0.0158  4.8684  5.2167  4.8440  4.5907  4.3164  3.9766  3.7235  3.7092  4.6723  4.9159
  67  0.830254  3.8216  4.5651  0.0315  4.8243  5.1715  4.8037  4.5535  4.2821  3.9465  3.6969  3.6834  4.6340  4.8743
  68  0.835493  3.8234  4.5597  0.0472  4.7807  5.1266  4.7638  4.5165  4.2481  3.9169  3.6705  3.6578  4.5960  4.8332
  69  0.840698  3.8253  4.5543  0.0627  4.7376  5.0819  4.7241  4.4798  4.2144  3.8874  3.6443  3.6324  4.5582  4.7922
  70  0.845906  3.8272  4.5490  0.0783  4.6945  5.0371  4.6842  4.4430  4.1806  3.8579  3.6183  3.6072  4.5203  4.7512
  71  0.851131  3.8291  4.5437  0.0940  4.6513  4.9920  4.6441  4.4059  4.1466  3.8284  3.5922  3.5819  4.4822  4.7098
  72  0.856415  3.8310  4.5384  0.1099  4.6077  4.9463  4.6034  4.3684  4.1123  3.7986  3.5660  3.5565  4.4435  4.6679
  73  0.861762  3.8330  4.5331  0.1259  4.5637  4.8999  4.5623  4.3305  4.0776  3.7686  3.5397  3.5310  4.4044  4.6255
  74  0.867132  3.8351  4.5280  0.1421  4.5196  4.8531  4.5209  4.2927  4.0430  3.7386  3.5135  3.5056  4.3652  4.5828
  75  0.872491  3.8372  4.5228  0.1582  4.4757  4.8064  4.4795  4.2547  4.0083  3.7088  3.4874  3.4803  4.3259  4.5401
  76  0.877807  3.8393  4.5178  0.1742  4.4323  4.7600  4.4385  4.2169  3.9739  3.6791  3.4618  3.4554  4.2869  4.4977
  77  0.883041  3.8413  4.5129  0.1900  4.3898  4.7142  4.3980  4.1797  3.9401  3.6501  3.4367  3.4309  4.2485  4.4558
  78  0.888158  3.8434  4.5081  0.2054  4.3482  4.6693  4.3582  4.1432  3.9069  3.6217  3.4122  3.4071  4.2108  4.4147
  79  0.893122  3.8454  4.5035  0.2204  4.3080  4.6258  4.3196  4.1077  3.8747  3.5941  3.3884  3.3839  4.1741  4.3747
  80  0.897903  3.8473  4.4989  0.2349  4.2691  4.5836  4.2822  4.0734  3.8436  3.5676  3.3654  3.3615  4.1387  4.3363
  81  0.902474  3.8491  4.4945  0.2489  4.2319  4.5431  4.2463  4.0405  3.8139  3.5420  3.3434  3.3400  4.1047  4.2992
  82  0.909155  3.8518  4.4880  0.2693  4.1773  4.4835  4.1936  3.9921  3.7700  3.5043  3.3109  3.3083  4.0546  4.2448
  83  0.915633  3.8544  4.4816  0.2893  4.1242  4.4253  4.1420  3.9448  3.7271  3.4675  3.2791  3.2773  4.0055  4.1916
  84  0.921954  3.8570  4.4751  0.3090  4.0720  4.3679  4.0910  3.8980  3.6846  3.4311  3.2478  3.2465  3.9572  4.1391
  85  0.928163  3.8596  4.4688  0.3287  4.0204  4.3111  4.0404  3.8515  3.6423  3.3947  3.2162  3.2157  3.9090  4.0869
  86  0.934289  3.8622  4.4625  0.3482  3.9693  4.2545  3.9900  3.8051  3.6003  3.3586  3.1849  3.1850  3.8610  4.0349
  87  0.940357  3.8649  4.4563  0.3677  3.9184  4.1977  3.9395  3.7588  3.5583  3.3226  3.1541  3.1547  3.8131  3.9828
  88  0.946386  3.8676  4.4503  0.3874  3.8674  4.1404  3.8888  3.7126  3.5167  3.2871  3.1236  3.1249  3.7651  3.9306
  89  0.952384  3.8704  4.4445  0.4071  3.8169  4.0823  3.8380  3.6667  3.4759  3.2525  3.0942  3.0965  3.7171  3.8780
  90  0.958306  3.8733  4.4388  0.4269  3.7670  4.0233  3.7875  3.6216  3.4362  3.2190  3.0661  3.0694  3.6696  3.8254
  91  0.964141  3.8761  4.4334  0.4468  3.7172  3.9642  3.7369  3.5767  3.3969  3.1860  3.0387  3.0432  3.6224  3.7727
  92  0.969878  3.8792  4.4284  0.4665  3.6671  3.9050  3.6863  3.5318  3.3579  3.1535  3.0119  3.0174  3.5750  3.7201
  93  0.975509  3.8823  4.4236  0.4862  3.6159  3.8468  3.6355  3.4860  3.3175  3.1203  2.9846  2.9907  3.5271  3.6674
  94  0.981025  3.8854  4.4192  0.5057  3.5637  3.7896  3.5846  3.4396  3.2762  3.0866  2.9570  2.9633  3.4789  3.6149
  95  0.986407  3.8886  4.4149  0.5251  3.5117  3.7332  3.5341  3.3936  3.2353  3.0534  2.9298  2.9361  3.4311  3.5628
  96  0.991654  3.8918  4.4107  0.5441  3.4605  3.6774  3.4846  3.3483  3.1952  3.0210  2.9033  2.9097  3.3841  3.5117
  97  0.996748  3.8949  4.4065  0.5630  3.4114  3.6221  3.4364  3.3052  3.1577  2.9905  2.8787  2.8855  3.3387  3.4617
  98  1.001678  3.8979  4.4023  0.5814  3.3636  3.5678  3.3895  3.2633  3.1214  2.9611  2.8547  2.8622  3.2946  3.4130
  99  1.006426  3.9009  4.3981  0.5994  3.3172  3.5149  3.3439  3.2227  3.0861  2.9326  2.8315  2.8396  3.2518  3.3656
 100  1.011000  3.9037  4.3939  0.6169  3.2718  3.4636  3.2995  3.1832  3.0519  2.9046  2.8085  2.8171  3.2101  3.3195
 101  1.015410  3.9065  4.3897  0.6341  3.2276  3.4138  3.2561  3.1445  3.0182  2.8768  2.7855  2.7946  3.1692  3.2744
 102  1.019672  3.9091  4.3853  0.6509  3.1841  3.3651  3.2136  3.1065  2.9850  2.8494  2.7627  2.7721  3.1292  3.2303
 103  1.023803  3.9116  4.3807  0.6675  3.1413  3.3175  3.1719  3.0691  2.9524  2.8224  2.7400  2.7498  3.0898  3.1871
 104  1.027818  3.9141  4.3761  0.6837  3.0987  3.2707  3.1309  3.0323  2.9202  2.7955  2.7172  2.7275  3.0511  3.1447
 105  1.031734  3.9165  4.3713  0.6997  3.0563  3.2248  3.0908  2.9961  2.8882  2.7688  2.6943  2.7052  3.0131  3.1032
 106  1.035570  3.9188  4.3664  0.7155  3.0144  3.1798  3.0514  2.9604  2.8567  2.7423  2.6714  2.6828  2.9757  3.0625
 107  1.039342  3.9211  4.3612  0.7311  2.9731  3.1355  3.0127  2.9254  2.8257  2.7159  2.6484  2.6603  2.9388  3.0226
 108  1.043066  3.9232  4.3558  0.7468  2.9325  3.0921  2.9749  2.8911  2.7950  2.6896  2.6254  2.6377  2.9027  2.9835
 109  1.046760  3.9254  4.3503  0.7622  2.8927  3.0495  2.9376  2.8572  2.7647  2.6635  2.6021  2.6148  2.8672  2.9450
 110  1.050426  3.9274  4.3444  0.7778  2.8539  3.0074  2.9008  2.8237  2.7347  2.6372  2.5785  2.5913  2.8320  2.9069
 111  1.054029  3.9294  4.3384  0.7933  2.8158  2.9659  2.8645  2.7909  2.7051  2.6112  2.5550  2.5680  2.7972  2.8693
 112  1.055239  3.9301  4.3365  0.7986  2.8030  2.9518  2.8523  2.7799  2.6952  2.6027  2.5474  2.5604  2.7855  2.8567
 113  1.056452  3.9309  4.3347  0.8040  2.7899  2.9377  2.8401  2.7689  2.6854  2.5941  2.5399  2.5529  2.7739  2.8439
 114  1.057669  3.9317  4.3329  0.8095  2.7768  2.9233  2.8276  2.7577  2.6756  2.5856  2.5322  2.5452  2.7621  2.8310
 115  1.058885  3.9325  4.3310  0.8150  2.7636  2.9090  2.8153  2.7465  2.6656  2.5769  2.5244  2.5375  2.7501  2.8181
 116  1.060100  3.9332  4.3290  0.8207  2.7502  2.8944  2.8027  2.7352  2.6553  2.5680  2.5164  2.5293  2.7381  2.8049
 117  1.061313  3.9340  4.3268  0.8263  2.7364  2.8798  2.7898  2.7234  2.6448  2.5585  2.5078  2.5209  2.7258  2.7917
 118  1.062522  3.9347  4.3244  0.8320  2.7226  2.8649  2.7768  2.7116  2.6340  2.5489  2.4990  2.5121  2.7132  2.7783
 119  1.063727  3.9354  4.3218  0.8378  2.7086  2.8500  2.7636  2.6994  2.6229  2.5389  2.4898  2.5029  2.7005  2.7646
 120  1.064926  3.9360  4.3190  0.8437  2.6944  2.8349  2.7501  2.6870  2.6114  2.5286  2.4802  2.4933  2.6876  2.7508
 121  1.066120  3.9367  4.3161  0.8496  2.6800  2.8197  2.7366  2.6744  2.5998  2.5180  2.4702  2.4833  2.6743  2.7367
 122  1.067308  3.9373  4.3131  0.8556  2.6654  2.8045  2.7228  2.6616  2.5879  2.5070  2.4599  2.4731  2.6610  2.7226
 123  1.068490  3.9379  4.3099  0.8616  2.6507  2.7890  2.7088  2.6486  2.5758  2.4958  2.4493  2.4626  2.6475  2.7083
 124  1.069666  3.9384  4.3065  0.8677  2.6359  2.7735  2.6947  2.6353  2.5633  2.4844  2.4385  2.4519  2.6337  2.6938
 125  1.070836  3.9390  4.3031  0.8738  2.6209  2.7579  2.6805  2.6219  2.5508  2.4727  2.4274  2.4408  2.6198  2.6792
 126  1.071997  3.9395  4.2995  0.8801  2.6057  2.7421  2.6662  2.6084  2.5381  2.4608  2.4161  2.4295  2.6058  2.6646
 127  1.073151  3.9400  4.2957  0.8863  2.5905  2.7262  2.6515  2.5946  2.5251  2.4485  2.4044  2.4178  2.5916  2.6497
 128  1.074296  3.9405  4.2918  0.8926  2.5751  2.7103  2.6368  2.5806  2.5119  2.4361  2.3925  2.4059  2.5772  2.6347
 129  1.075434  3.9409  4.2878  0.8988  2.5597  2.6942  2.6220  2.5665  2.4985  2.4234  2.3802  2.3938  2.5627  2.6196
 130  1.076561  3.9414  4.2836  0.9052  2.5440  2.6781  2.6069  2.5521  2.4847  2.4104  2.3677  2.3813  2.5480  2.6043
 131  1.077679  3.9418  4.2793  0.9116  2.5282  2.6619  2.5918  2.5376  2.4709  2.3972  2.3549  2.3686  2.5331  2.5889
 132  1.078787  3.9421  4.2749  0.9180  2.5123  2.6455  2.5765  2.5229  2.4568  2.3837  2.3418  2.3555  2.5180  2.5733
 133  1.079882  3.9424  4.2700  0.9244  2.4963  2.6290  2.5609  2.5078  2.4422  2.3696  2.3281  2.3418  2.5026  2.5575
 134  1.080965  3.9427  4.2649  0.9309  2.4801  2.6124  2.5449  2.4924  2.4273  2.3551  2.3138  2.3276  2.4869  2.5415
 135  1.082035  3.9429  4.2596  0.9375  2.4638  2.5956  2.5288  2.4766  2.4119  2.3401  2.2990  2.3129  2.4710  2.5251
 136  1.083092  3.9431  4.2541  0.9441  2.4473  2.5785  2.5125  2.4607  2.3962  2.3248  2.2838  2.2978  2.4548  2.5087
 137  1.084138  3.9432  4.2484  0.9507  2.4306  2.5615  2.4960  2.4445  2.3803  2.3090  2.2682  2.2822  2.4383  2.4921
 138  1.085172  3.9432  4.2424  0.9575  2.4139  2.5443  2.4792  2.4279  2.3640  2.2929  2.2522  2.2662  2.4217  2.4753
 139  1.086191  3.9433  4.2362  0.9641  2.3971  2.5270  2.4621  2.4111  2.3474  2.2762  2.2356  2.2497  2.4048  2.4582
 140  1.087197  3.9432  4.2296  0.9709  2.3801  2.5095  2.4449  2.3939  2.3304  2.2591  2.2186  2.2325  2.3876  2.4410
 141  1.088188  3.9431  4.2229  0.9776  2.3631  2.4918  2.4274  2.3765  2.3129  2.2416  2.2010  2.2150  2.3702  2.4234
 142  1.089164  3.9429  4.2157  0.9844  2.3459  2.4740  2.4097  2.3588  2.2950  2.2235  2.1827  2.1968  2.3524  2.4057
 143  1.090126  3.9427  4.2083  0.9913  2.3285  2.4561  2.3917  2.3406  2.2767  2.2049  2.1639  2.1780  2.3342  2.3877
 144  1.091070  3.9424  4.2005  0.9981  2.3111  2.4380  2.3734  2.3221  2.2580  2.1857  2.1444  2.1586  2.3158  2.3695
 145  1.091999  3.9420  4.1924  1.0050  2.2934  2.4197  2.3548  2.3032  2.2388  2.1659  2.1243  2.1384  2.2971  2.3510
 146  1.092908  3.9415  4.1838  1.0120  2.2757  2.4013  2.3359  2.2838  2.2190  2.1453  2.1034  2.1175  2.2780  2.3323
 147  1.093802  3.9409  4.1748  1.0189  2.2580  2.3828  2.3166  2.2641  2.1987  2.1241  2.0816  2.0956  2.2585  2.3132
 148  1.094676  3.9402  4.1654  1.0259  2.2401  2.3641  2.2971  2.2439  2.1779  2.1022  2.0590  2.0731  2.2387  2.2939
 149  1.095531  3.9394  4.1555  1.0329  2.2221  2.3453  2.2771  2.2233  2.1562  2.0794  2.0355  2.0495  2.2184  2.2744
 150  1.096365  3.9384  4.1451  1.0400  2.2040  2.3264  2.2569  2.2022  2.1341  2.0559  2.0111  2.0251  2.1978  2.2545
 151  1.097178  3.9374  4.1341  1.0470  2.1859  2.3074  2.2364  2.1806  2.1113  2.0314  1.9856  1.9995  2.1768  2.2344
 152  1.097970  3.9362  4.1224  1.0541  2.1677  2.2884  2.2156  2.1586  2.0878  2.0061  1.9591  1.9728  2.1554  2.2141
 153  1.098738  3.9348  4.1102  1.0612  2.1496  2.2694  2.1946  2.1360  2.0637  1.9797  1.9313  1.9451  2.1336  2.1936
 154  1.099483  3.9333  4.0973  1.0682  2.1314  2.2504  2.1732  2.1129  2.0387  1.9523  1.9023  1.9160  2.1114  2.1728
 155  1.100203  3.9316  4.0837  1.0753  2.1133  2.2316  2.1516  2.0894  2.0130  1.9238  1.8720  1.8856  2.0889  2.1520
 156  1.100897  3.9297  4.0694  1.0823  2.0952  2.2132  2.1298  2.0653  1.9865  1.8942  1.8404  1.8539  2.0660  2.1310
 157  1.101566  3.9276  4.0542  1.0893  2.0776  2.1954  2.1079  2.0408  1.9593  1.8634  1.8072  1.8205  2.0429  2.1101
 158  1.102207  3.9252  4.0382  1.0963  2.0612  2.1786  2.0863  2.0163  1.9317  1.8317  1.7729  1.7859  2.0199  2.0897
 159  1.102819  3.9227  4.0213  1.1032  2.0462  2.1632  2.0655  1.9921  1.9039  1.7991  1.7373  1.7499  1.9976  2.0700
 160  1.103399  3.9198  4.0033  1.1100  2.0326  2.1495  2.0456  1.9684  1.8760  1.7655  1.7002  1.7122  1.9758  2.0516
 161  1.103951  3.9168  3.9844  1.1167  2.0202  2.1376  2.0268  1.9451  1.8479  1.7311  1.6615  1.6731  1.9548  2.0344
 162  1.104344  3.9143  3.9699  1.1217  2.0113  2.1297  2.0136  1.9282  1.8270  1.7050  1.6320  1.6432  1.9395  2.0224
 163  1.104732  3.9116  3.9542  1.1267  2.0021  2.1222  2.0001  1.9105  1.8047  1.6771  1.6002  1.6109  1.9239  2.0104
 164  1.105116  3.9087  3.9374  1.1318  1.9927  2.1151  1.9864  1.8921  1.7813  1.6475  1.5661  1.5765  1.9076  1.9984
 165  1.105494  3.9053  3.9194  1.1369  1.9831  2.1082  1.9723  1.8728  1.7565  1.6160  1.5296  1.5396  1.8909  1.9862
 166  1.105865  3.9017  3.9000  1.1422  1.9738  2.1018  1.9580  1.8529  1.7306  1.5825  1.4904  1.4999  1.8736  1.9738
 167  1.106229  3.8979  3.8793  1.1475  1.9651  2.0963  1.9438  1.8327  1.7039  1.5474  1.4492  1.4580  1.8561  1.9618
 168  1.106585  3.8936  3.8570  1.1528  1.9568  2.0921  1.9299  1.8121  1.6761  1.5102  1.4049  1.4131  1.8386  1.9505
 169  1.106931  3.8889  3.8331  1.1581  1.9490  2.0893  1.9166  1.7912  1.6472  1.4711  1.3579  1.3652  1.8210  1.9397
 170  1.107266  3.8838  3.8071  1.1635  1.9420  2.0885  1.9038  1.7702  1.6171  1.4293  1.3071  1.3134  1.8037  1.9300
 171  1.107589  3.8783  3.7803  1.1688  1.9360  2.0890  1.8920  1.7495  1.5870  1.3868  1.2547  1.2599  1.7867  1.9212
 172  1.107899  3.8724  3.7514  1.1740  1.9312  2.0918  1.8811  1.7290  1.5563  1.3423  1.1990  1.2032  1.7702  1.9138
 173  1.108195  3.8659  3.7202  1.1791  1.9281  2.0972  1.8715  1.7089  1.5248  1.2955  1.1399  1.1427  1.7545  1.9081
 174  1.108478  3.8592  3.6886  1.1840  1.9257  2.1041  1.8627  1.6892  1.4935  1.2483  1.0797  1.0811  1.7392  1.9032
 175  1.108746  3.8518  3.6547  1.1888  1.9254  2.1142  1.8556  1.6700  1.4619  1.1994  1.0164  1.0161  1.7248  1.9005
 176  1.109009  3.8444  3.6206  1.1935  1.9266  2.1254  1.8492  1.6515  1.4309  1.1504  0.9527  0.9507  1.7109  1.8987
 177  1.109264  3.8369  3.5858  1.1981  1.9299  2.1384  1.8435  1.6332  1.3997  1.1008  0.8876  0.8835  1.6974  1.8978
 178  1.109524  3.8294  3.5513  1.2028  1.9346  2.1520  1.8381  1.6153  1.3692  1.0519  0.8235  0.8173  1.6842  1.8972
 179  1.109789  3.8220  3.5172  1.2074  1.9405  2.1649  1.8329  1.5981  1.3399  1.0046  0.7612  0.7528  1.6713  1.8968
 180  1.110061  3.8146  3.4831  1.2120  1.9486  2.1786  1.8283  1.5814  1.3110  0.9576  0.6992  0.6885  1.6588  1.8968
 181  1.110338  3.8071  3.4492  1.2163  1.9593  2.1945  1.8247  1.5655  1.2829  0.9109  0.6371  0.6238  1.6472  1.8983
 182  1.110596  3.8004  3.4186  1.2200  1.9719  2.2103  1.8225  1.5518  1.2581  0.8691  0.5812  0.5654  1.6375  1.9007
 183  1.110859  3.7937  3.3889  1.2230  1.9877  2.2279  1.8222  1.5405  1.2360  0.8299  0.5279  0.5097  1.6298  1.9052
 184  1.111125  3.7871  3.3608  1.2249  2.0111  2.2508  1.8233  1.5290  1.2129  0.7914  0.4781  0.4554  1.6226  1.9116
 185  1.111395  3.7806  3.3333  1.2265  2.0362  2.2738  1.8263  1.5205  1.1936  0.7563  0.4311  0.4048  1.6178  1.9196
 186  1.111670  3.7745  3.3086  1.2268  2.0638  2.2977  1.8327  1.5167  1.1802  0.7275  0.3901  0.3609  1.6172  1.9306
 187  1.111950  3.7686  3.2851  1.2270  2.0938  2.3223  1.8399  1.5140  1.1680  0.7002  0.3511  0.3189  1.6175  1.9422
 188  1.112235  3.7634  3.2638  1.2273  2.1227  2.3442  1.8457  1.5109  1.1564  0.6750  0.3153  0.2804  1.6171  1.9522
 189  1.112519  3.7588  3.2434  1.2294  2.1473  2.3608  1.8460  1.5027  1.1404  0.6479  0.2808  0.2425  1.6116  1.9566
 190  1.112797  3.7550  3.2239  1.2340  2.1625  2.3682  1.8395  1.4892  1.1203  0.6189  0.2459  0.2046  1.6002  1.9534
 191  1.113059  3.7523  3.2057  1.2415  2.1633  2.3628  1.8247  1.4694  1.0962  0.5877  0.2097  0.1667  1.5819  1.9410
 192  1.113302  3.7498  3.1877  1.2493  2.1628  2.3559  1.8090  1.4492  1.0716  0.5565  0.1737  0.1292  1.5630  1.9274
 193  1.113530  3.7480  3.1712  1.2592  2.1510  2.3393  1.7866  1.4238  1.0435  0.5240  0.1381  0.0925  1.5385  1.9065
 194  1.113745  3.7464  3.1547  1.2689  2.1403  2.3237  1.7647  1.3987  1.0155  0.4918  0.1031  0.0563  1.5144  1.8862
 195  1.113952  3.7452  3.1393  1.2797  2.1231  2.3026  1.7395  1.3713  0.9861  0.4595  0.0687  0.0212  1.4875  1.8620
 196  1.114152  3.7440  3.1241  1.2902  2.1073  2.2829  1.7151  1.3448  0.9575  0.4277  0.0348 -0.0134  1.4616  1.8388
 197  1.114348  3.7431  3.1093  1.3011  2.0888  2.2610  1.6895  1.3173  0.9283  0.3959  0.0012 -0.0477  1.4347  1.8140
 198  1.114540  3.7422  3.0949  1.3120  2.0692  2.2382  1.6636  1.2898  0.8994  0.3647 -0.0318 -0.0812  1.4076  1.7888
 199  1.114730  3.7413  3.0806  1.3230  2.0492  2.2151  1.6376  1.2622  0.8704  0.3333 -0.0648 -0.1147  1.3805  1.7635
 200  1.114917  3.7406  3.0666  1.3342  2.0275  2.1909  1.6107  1.2342  0.8412  0.3021 -0.0973 -0.1477  1.3528  1.7374
 201  1.115102  3.7398  3.0526  1.3452  2.0063  2.1669  1.5842  1.2064  0.8121  0.2711 -0.1300 -0.1807  1.3253  1.7114
 202  1.115286  3.7392  3.0389  1.3566  1.9837  2.1418  1.5570  1.1782  0.7829  0.2401 -0.1623 -0.2133  1.2974  1.6847
 203  1.115468  3.7385  3.0252  1.3677  1.9614  2.1170  1.5301  1.1501  0.7538  0.2092 -0.1946 -0.2458  1.2696  1.6583
 204  1.115649  3.7379  3.0116  1.3790  1.9384  2.0918  1.5028  1.1219  0.7246  0.1784 -0.2267 -0.2783  1.2417  1.6315
 205  1.115828  3.7374  2.9981  1.3904  1.9151  2.0662  1.4754  1.0936  0.6955  0.1476 -0.2588 -0.3106  1.2135  1.6045
 206  1.116008  3.7368  2.9846  1.4017  1.8919  2.0407  1.4481  1.0653  0.6663  0.1167 -0.2910 -0.3430  1.1855  1.5777
 207  1.116185  3.7362  2.9711  1.4131  1.8685  2.0151  1.4206  1.0369  0.6369  0.0858 -0.3231 -0.3755  1.1574  1.5506
 208  1.116361  3.7357  2.9575  1.4245  1.8450  1.9893  1.3930  1.0084  0.6076  0.0549 -0.3553 -0.4078  1.1292  1.5235
 209  1.116536  3.7352  2.9441  1.4359  1.8212  1.9633  1.3653  0.9799  0.5783  0.0240 -0.3874 -0.4400  1.1008  1.4962
 210  1.116711  3.7347  2.9307  1.4473  1.7974  1.9373  1.3376  0.9513  0.5490 -0.0069 -0.4195 -0.4723  1.0725  1.4689
 211  1.116884  3.7342  2.9173  1.4589  1.7733  1.9111  1.3098  0.9227  0.5195 -0.0378 -0.4516 -0.5046  1.0441  1.4415
 212  1.117056  3.7337  2.9039  1.4703  1.7491  1.8847  1.2819  0.8941  0.4901 -0.0686 -0.4836 -0.5369  1.0156  1.4139
 213  1.117227  3.7332  2.8906  1.4818  1.7249  1.8585  1.2539  0.8654  0.4606 -0.0995 -0.5157 -0.5691  0.9870  1.3864
 214  1.117397  3.7327  2.8772  1.4934  1.7006  1.8320  1.2259  0.8365  0.4310 -0.1305 -0.5478 -0.6013  0.9584  1.3587
 215  1.117567  3.7323  2.8638  1.5050  1.6762  1.8054  1.1978  0.8077  0.4014 -0.1614 -0.5799 -0.6335  0.9298  1.3310
 216  1.117734  3.7318  2.8505  1.5165  1.6517  1.7788  1.1697  0.7787  0.3718 -0.1924 -0.6120 -0.6658  0.9011  1.3032
 217  1.117788  3.7317  2.8463  1.5203  1.6438  1.7702  1.1606  0.7694  0.3622 -0.2024 -0.6223 -0.6761  0.8918  1.2942
 218  1.117843  3.7315  2.8419  1.5241  1.6358  1.7615  1.1514  0.7600  0.3527 -0.2125 -0.6327 -0.6866  0.8825  1.2853
 219  1.117897  3.7314  2.8376  1.5279  1.6278  1.7529  1.1423  0.7506  0.3431 -0.2225 -0.6430 -0.6970  0.8732  1.2763
 220  1.117950  3.7313  2.8333  1.5316  1.6199  1.7443  1.1332  0.7413  0.3335 -0.2325 -0.6534 -0.7074  0.8639  1.2673
 221  1.118004  3.7311  2.8290  1.5353  1.6120  1.7357  1.1241  0.7319  0.3239 -0.2425 -0.6637 -0.7178  0.8546  1.2583
 222  1.118058  3.7310  2.8247  1.5391  1.6041  1.7270  1.1149  0.7225  0.3143 -0.2526 -0.6741 -0.7282  0.8453  1.2493
 223  1.118112  3.7308  2.8203  1.5429  1.5961  1.7183  1.1056  0.7131  0.3045 -0.2627 -0.6846 -0.7388  0.8358  1.2401
 224  1.118165  3.7307  2.8160  1.5467  1.5880  1.7096  1.0964  0.7036  0.2948 -0.2729 -0.6951 -0.7493  0.8264  1.2310
 225  1.118218  3.7305  2.8116  1.5505  1.5801  1.7010  1.0872  0.6942  0.2851 -0.2830 -0.7055 -0.7598  0.8170  1.2220
 226  1.118272  3.7304  2.8073  1.5542  1.5722  1.6923  1.0781  0.6847  0.2755 -0.2931 -0.7159 -0.7702  0.8077  1.2129
 227  1.118773  3.7290  2.7634  1.5928  1.4907  1.6038  0.9843  0.5885  0.1768 -0.3956 -0.8217 -0.8766  0.7121  1.1204
 228  1.119251  3.7276  2.7170  1.6335  1.4049  1.5103  0.8851  0.4865  0.0724 -0.5041 -0.9330 -0.9887  0.6108  1.0226
 229  1.119663  3.7262  2.6723  1.6728  1.3230  1.4207  0.7895  0.3882 -0.0285 -0.6088 -1.0404 -1.0968  0.5133  0.9284
 230  1.120036  3.7248  2.6286  1.7114  1.2428  1.3330  0.6959  0.2917 -0.1274 -0.7114 -1.1454 -1.2026  0.4176  0.8361
 231  1.120327  3.7237  2.5919  1.7437  1.1760  1.2596  0.6175  0.2110 -0.2102 -0.7973 -1.2335 -1.2913  0.3375  0.7588
 232  1.120658  3.7223  2.5474  1.7826  1.0954  1.1711  0.5229  0.1137 -0.3101 -0.9011 -1.3401 -1.3987  0.2409  0.6656
 233  1.120927  3.7211  2.5088  1.8166  1.0254  1.0940  0.4408  0.0291 -0.3968 -0.9913 -1.4332 -1.4923  0.1569  0.5846
 234  1.121213  3.7196  2.4649  1.8546  0.9486  1.0086  0.3490 -0.0656 -0.4941 -1.0931 -1.5384 -1.5981  0.0631  0.4943
 235  1.121476  3.7181  2.4215  1.8921  0.8737  0.9249  0.2587 -0.1586 -0.5898 -1.1935 -1.6425 -1.7028 -0.0293  0.4056
 236  1.121709  3.7167  2.3807  1.9272  0.8037  0.8465  0.1741 -0.2461 -0.6798 -1.2880 -1.7406 -1.8015 -0.1160  0.3223
 237  1.121942  3.7151  2.3369  1.9649  0.7297  0.7632  0.0837 -0.3395 -0.7758 -1.3889 -1.8455 -1.9069 -0.2086  0.2334
 238  1.122147  3.7137  2.2962  2.0000  0.6615  0.6857 -0.0004 -0.4264 -0.8655 -1.4831 -1.9434 -2.0054 -0.2948  0.1508
 239  1.122342  3.7122  2.2545  2.0357  0.5926  0.6072 -0.0860 -0.5150 -0.9568 -1.5793 -2.0434 -2.1059 -0.3827  0.0667
 240  1.122530  3.7107  2.2123  2.0721  0.5233  0.5279 -0.1726 -0.6046 -1.0493 -1.6765 -2.1447 -2.2077 -0.4715 -0.0183
 241  1.122701  3.7092  2.1712  2.1072  0.4565  0.4512 -0.2567 -0.6918 -1.1392 -1.7712 -2.2431 -2.3068 -0.5579 -0.1008
 242  1.122862  3.7077  2.1301  2.1425  0.3906  0.3748 -0.3407 -0.7790 -1.2294 -1.8660 -2.3417 -2.4059 -0.6443 -0.1832
 243  1.123013  3.7063  2.0891  2.1777  0.3260  0.2994 -0.4244 -0.8660 -1.3193 -1.9604 -2.4393 -2.5042 -0.7304 -0.2651
 244  1.123148  3.7049  2.0505  2.2108  0.2654  0.2285 -0.5033 -0.9483 -1.4043 -2.0495 -2.5311 -2.5970 -0.8118 -0.3423
 245  1.123281  3.7034  2.0101  2.2454  0.2033  0.1549 -0.5856 -1.0342 -1.4934 -2.1427 -2.6271 -2.6937 -0.8968 -0.4229
 246  1.123404  3.7019  1.9702  2.2794  0.1446  0.0842 -0.6658 -1.1184 -1.5807 -2.2344 -2.7214 -2.7892 -0.9799 -0.5011
 247  1.123519  3.7004  1.9306  2.3129  0.0882  0.0153 -0.7445 -1.2011 -1.6666 -2.3247 -2.8146 -2.8833 -1.0615 -0.5778
 248  1.123624  3.6989  1.8928  2.3449  0.0349 -0.0503 -0.8197 -1.2801 -1.7488 -2.4113 -2.9041 -2.9738 -1.1395 -0.6509
 249  1.123725  3.6974  1.8544  2.3772 -0.0184 -0.1163 -0.8956 -1.3598 -1.8317 -2.4989 -2.9952 -3.0657 -1.2182 -0.7248
 250  1.123818  3.6960  1.8185  2.4074 -0.0672 -0.1776 -0.9663 -1.4340 -1.9090 -2.5809 -3.0805 -3.1517 -1.2916 -0.7936
 251  1.123906  3.6947  1.7850  2.4358 -0.1126 -0.2347 -1.0322 -1.5034 -1.9812 -2.6573 -3.1603 -3.2321 -1.3601 -0.8577
 252  1.123992  3.6937  1.7585  2.4582 -0.1484 -0.2799 -1.0845 -1.5583 -2.0384 -2.7180 -3.2236 -3.2959 -1.4143 -0.9085
 253  1.124075  3.6937  1.7576  2.4593 -0.1523 -0.2836 -1.0878 -1.5614 -2.0414 -2.7208 -3.2263 -3.2985 -1.4175 -0.9119
 254  1.124163  3.6954  1.7963  2.4272 -0.1032 -0.2201 -1.0133 -1.4828 -1.9593 -2.6334 -3.1348 -3.2062 -1.3398 -0.8397
 255  1.124262  3.6945  1.7704  2.4499 -0.1433 -0.2682 -1.0670 -1.5386 -2.0169 -2.6938 -3.1973 -3.2691 -1.3952 -0.8923
 256  1.124357  3.6926  1.7218  2.4906 -0.2061 -0.3492 -1.1614 -1.6383 -2.1209 -2.8043 -3.3128 -3.3855 -1.4935 -0.9839
 257  1.124444  3.6908  1.6763  2.5289 -0.2649 -0.4253 -1.2503 -1.7318 -2.2184 -2.9080 -3.4212 -3.4947 -1.5859 -1.0702
 258  1.124524  3.6889  1.6317  2.5665 -0.3218 -0.4996 -1.3370 -1.8235 -2.3140 -3.0096 -3.5274 -3.6016 -1.6764 -1.1544
 259  1.124598  3.6872  1.5881  2.6032 -0.3762 -0.5717 -1.4215 -1.9128 -2.4073 -3.1088 -3.6311 -3.7061 -1.7645 -1.2363
 260  1.124665  3.6855  1.5458  2.6389 -0.4279 -0.6411 -1.5033 -1.9993 -2.4978 -3.2051 -3.7317 -3.8076 -1.8500 -1.3155
 261  1.124727  3.6839  1.5053  2.6730 -0.4762 -0.7070 -1.5813 -2.0819 -2.5843 -3.2973 -3.8281 -3.9047 -1.9315 -1.3909
 262  1.124784  3.6823  1.4657  2.7059 -0.5193 -0.7689 -1.6559 -2.1615 -2.6680 -3.3869 -3.9221 -3.9994 -2.0100 -1.4628
 263  1.124838  3.6806  1.4264  2.7386 -0.5598 -0.8290 -1.7295 -2.2404 -2.7510 -3.4760 -4.0158 -4.0938 -2.0876 -1.5335
 264  1.124888  3.6790  1.3881  2.7704 -0.5972 -0.8863 -1.8004 -2.3165 -2.8314 -3.5624 -4.1068 -4.1854 -2.1625 -1.6015
 265  1.124933  3.6773  1.3506  2.8014 -0.6318 -0.9414 -1.8694 -2.3909 -2.9101 -3.6471 -4.1956 -4.2752 -2.2358 -1.6674
 266  1.124976  3.6758  1.3138  2.8320 -0.6646 -0.9949 -1.9370 -2.4641 -2.9876 -3.7304 -4.2827 -4.3633 -2.3076 -1.7320
 267  1.125017  3.6742  1.2779  2.8616 -0.6947 -1.0459 -2.0024 -2.5350 -3.0629 -3.8113 -4.3672 -4.4489 -2.3774 -1.7942
 268  1.125054  3.6727  1.2426  2.8907 -0.7230 -1.0956 -2.0663 -2.6047 -3.1368 -3.8909 -4.4501 -4.5330 -2.4459 -1.8550
 269  1.125089  3.6712  1.2078  2.9194 -0.7496 -1.1438 -2.1289 -2.6730 -3.2096 -3.9691 -4.5315 -4.6155 -2.5129 -1.9143
 270  1.125122  3.6697  1.1740  2.9474 -0.7746 -1.1906 -2.1898 -2.7395 -3.2805 -4.0454 -4.6110 -4.6961 -2.5782 -1.9720
 271  1.125153  3.6682  1.1406  2.9748 -0.7980 -1.2360 -2.2492 -2.8046 -3.3499 -4.1203 -4.6893 -4.7754 -2.6422 -2.0281
 272  1.125182  3.6668  1.1081  3.0016 -0.8197 -1.2798 -2.3068 -2.8679 -3.4175 -4.1934 -4.7658 -4.8528 -2.7043 -2.0826
 273  1.125209  3.6653  1.0757  3.0282 -0.8403 -1.3228 -2.3637 -2.9303 -3.4843 -4.2658 -4.8420 -4.9297 -2.7657 -2.1362
 274  1.125235  3.6639  1.0442  3.0541 -0.8592 -1.3641 -2.4187 -2.9909 -3.5492 -4.3363 -4.9164 -5.0050 -2.8252 -2.1880
 275  1.125259  3.6626  1.0136  3.0793 -0.8766 -1.4037 -2.4719 -3.0495 -3.6122 -4.4050 -4.9889 -5.0780 -2.8829 -2.2380
 276  1.125282  3.6611  0.9830  3.1042 -0.8914 -1.4416 -2.5239 -3.1074 -3.6744 -4.4731 -5.0610 -5.1510 -2.9397 -2.2867
 277  1.125304  3.6597  0.9533  3.1282 -0.9028 -1.4764 -2.5732 -3.1626 -3.7341 -4.5388 -5.1308 -5.2215 -2.9939 -2.3326
