NUMBER OF AGES= 1 MAGS=10
----------------------------------------------------       
MIX-LEN  Y      Z          Zeff        [Fe/H] [a/Fe]
 1.9380  0.2452 1.3168E-04 1.7223E-04  -2.00  -0.20 
----------------------------------------------------       
**PHOTOMETRIC SYSTEM**: Bessell UBV(RI)c + 2MASS JHKs + Kepler (Vega)
----------------------------------------------------       
AGE= 5.000 EEPS=271
#EEP   M/Mo    LogTeff  LogG   LogL/Lo U       B       V       R       I       J       H       Ks      Kp      D51
   9  0.104784  3.5385  5.3708 -2.8051 17.0613 14.8595 13.0655 12.0450 11.1127  9.9876  9.5575  9.4531 12.2052 13.8878
  10  0.114655  3.5505  5.3290 -2.6764 16.2034 14.3459 12.6466 11.6645 10.7983  9.7021  9.2370  9.1184 11.8416 13.4046
  11  0.125806  3.5626  5.2862 -2.5449 15.4342 13.8271 12.2246 11.2826 10.4708  9.4086  8.9158  8.7881 11.4698 12.9170
  12  0.140483  3.5749  5.2400 -2.4014 14.6899 13.2763 11.7711 10.8752 10.1083  9.0858  8.5708  8.4354 11.0666 12.3996
  13  0.161267  3.5855  5.1929 -2.2519 14.0098 12.7420 11.3182 10.4651  9.7299  8.7428  8.2136  8.0695 10.6562 11.8913
  14  0.184947  3.5930  5.1535 -2.1233 13.4732 12.3107 10.9423 10.1207  9.4050  8.4426  7.9060  7.7549 10.3100 11.4742
  15  0.203643  3.5978  5.1255 -2.0344 13.1119 12.0198 10.6856  9.8846  9.1807  8.2342  7.6943  7.5391 10.0722 11.1902
  16  0.218849  3.6011  5.1043 -1.9683 12.8517 11.8070 10.4961  9.7095  9.0139  8.0787  7.5371  7.3792  9.8959 10.9817
  17  0.233579  3.6040  5.0854 -1.9095 12.6308 11.6205 10.3285  9.5539  8.8654  7.9400  7.3974  7.2378  9.7393 10.7990
  18  0.249416  3.6069  5.0669 -1.8511 12.4169 11.4364 10.1621  9.3991  8.7175  7.8018  7.2587  7.0978  9.5834 10.6186
  19  0.272656  3.6107  5.0418 -1.7719 12.1331 11.1889  9.9373  9.1895  8.5171  7.6142  7.0710  6.9092  9.3724 10.3756
  20  0.293800  3.6139  5.0229 -1.7079 11.9039 10.9890  9.7551  9.0198  8.3550  7.4627  6.9203  6.7581  9.2015 10.1792
  21  0.305022  3.6155  5.0161 -1.6786 11.7967 10.8962  9.6710  8.9416  8.2806  7.3936  6.8518  6.6898  9.1228 10.0880
  22  0.311565  3.6163  5.0124 -1.6623 11.7374 10.8448  9.6243  8.8983  8.2393  7.3551  6.8137  6.6519  9.0791 10.0375
  23  0.315988  3.6168  5.0109 -1.6524 11.7005 10.8131  9.5955  8.8717  8.2140  7.3318  6.7908  6.6291  9.0523 10.0063
  24  0.319369  3.6173  5.0091 -1.6443 11.6707 10.7872  9.5720  8.8499  8.1933  7.3125  6.7716  6.6100  9.0303  9.9808
  25  0.321865  3.6177  5.0065 -1.6368 11.6447 10.7644  9.5511  8.8304  8.1746  7.2950  6.7542  6.5927  9.0107  9.9584
  26  0.324068  3.6180  5.0039 -1.6300 11.6206 10.7433  9.5318  8.8121  8.1572  7.2786  6.7380  6.5765  8.9924  9.9375
  27  0.326495  3.6183  5.0012 -1.6227 11.5947 10.7207  9.5110  8.7928  8.1387  7.2613  6.7207  6.5593  8.9729  9.9152
  28  0.329737  3.6188  4.9983 -1.6137 11.5632 10.6932  9.4858  8.7693  8.1161  7.2402  6.6999  6.5385  8.9492  9.8880
  29  0.334649  3.6193  4.9949 -1.6014 11.5190 10.6547  9.4506  8.7364  8.0848  7.2108  6.6708  6.5097  8.9161  9.8501
  30  0.343095  3.6204  4.9895 -1.5811 11.4464 10.5913  9.3926  8.6824  8.0334  7.1628  6.6234  6.4627  8.8616  9.7877
  31  0.429393  3.6369  4.9138 -1.3417 10.5201  9.8042  8.6857  8.0343  7.4246  6.6074  6.0820  5.9316  8.2075  9.0180
  32  0.446391  3.6421  4.8945 -1.2853 10.2788  9.6062  8.5119  7.8782  7.2810  6.4804  5.9610  5.8150  8.0494  8.8266
  33  0.461432  3.6471  4.8775 -1.2336 10.0512  9.4214  8.3507  7.7343  7.1494  6.3652  5.8521  5.7109  7.9034  8.6488
  34  0.474126  3.6520  4.8630 -1.1878  9.8441  9.2562  8.2077  7.6071  7.0337  6.2650  5.7583  5.6215  7.7742  8.4909
  35  0.485336  3.6567  4.8506 -1.1464  9.6477  9.1042  8.0775  7.4917  6.9291  6.1751  5.6751  5.5428  7.6568  8.3470
  36  0.495963  3.6614  4.8394 -1.1068  9.4544  8.9578  7.9533  7.3817  6.8297  6.0905  5.5972  5.4694  7.5450  8.2096
  37  0.506087  3.6661  4.8292 -1.0691  9.2674  8.8173  7.8351  7.2773  6.7355  6.0107  5.5245  5.4010  7.4385  8.0795
  38  0.515055  3.6706  4.8208 -1.0353  9.0956  8.6896  7.7289  7.1836  6.6514  5.9401  5.4608  5.3414  7.3427  7.9628
  39  0.523648  3.6750  4.8131 -1.0024  8.9259  8.5654  7.6263  7.0932  6.5704  5.8726  5.4005  5.2849  7.2502  7.8503
  40  0.532864  3.6801  4.8054 -0.9672  8.7413  8.4313  7.5166  6.9966  6.4840  5.8011  5.3371  5.2259  7.1514  7.7304
  41  0.543771  3.6861  4.7966 -0.9258  8.5245  8.2730  7.3882  6.8837  6.3837  5.7187  5.2646  5.1585  7.0357  7.5909
  42  0.557180  3.6934  4.7860 -0.8751  8.2636  8.0824  7.2345  6.7480  6.2628  5.6192  5.1772  5.0771  6.8964  7.4252
  43  0.572188  3.7019  4.7748 -0.8183  7.9740  7.8704  7.0652  6.5980  6.1291  5.5092  5.0813  4.9877  6.7424  7.2436
  44  0.588122  3.7109  4.7630 -0.7583  7.6770  7.6502  6.8897  6.4425  5.9906  5.3956  4.9824  4.8956  6.5822  7.0562
  45  0.604403  3.7200  4.7506 -0.6980  7.3936  7.4365  6.7186  6.2896  5.8536  5.2823  4.8835  4.8031  6.4249  6.8744
  46  0.620627  3.7288  4.7380 -0.6387  7.1287  7.2313  6.5536  6.1416  5.7208  5.1722  4.7870  4.7130  6.2725  6.7001
  47  0.636551  3.7373  4.7252 -0.5812  6.8853  7.0367  6.3954  5.9997  5.5935  5.0662  4.6932  4.6253  6.1261  6.5335
  48  0.651774  3.7451  4.7126 -0.5268  6.6670  6.8580  6.2483  5.8673  5.4743  4.9660  4.6045  4.5420  5.9896  6.3790
  49  0.665948  3.7522  4.7002 -0.4767  6.4749  6.6975  6.1146  5.7462  5.3646  4.8733  4.5219  4.4644  5.8650  6.2390
  50  0.679033  3.7586  4.6884 -0.4309  6.3041  6.5521  5.9930  5.6365  5.2656  4.7890  4.4463  4.3934  5.7518  6.1117
  51  0.691133  3.7645  4.6774 -0.3887  6.1508  6.4197  5.8821  5.5366  5.1758  4.7125  4.3773  4.3287  5.6486  5.9955
  52  0.696811  3.7672  4.6722 -0.3690  6.0815  6.3591  5.8307  5.4899  5.1335  4.6765  4.3451  4.2984  5.6005  5.9418
  53  0.702477  3.7700  4.6672 -0.3495  6.0135  6.2993  5.7798  5.4436  5.0913  4.6408  4.3134  4.2686  5.5527  5.8886
  54  0.708092  3.7727  4.6623 -0.3301  5.9468  6.2401  5.7294  5.3978  5.0498  4.6056  4.2823  4.2393  5.5056  5.8361
  55  0.713658  3.7755  4.6576 -0.3110  5.8813  6.1818  5.6797  5.3526  5.0089  4.5711  4.2518  4.2106  5.4590  5.7842
  56  0.719178  3.7782  4.6529 -0.2920  5.8173  6.1242  5.6307  5.3082  4.9687  4.5370  4.2217  4.1822  5.4131  5.7330
  57  0.724656  3.7809  4.6483 -0.2733  5.7546  6.0677  5.5822  5.2642  4.9289  4.5032  4.1918  4.1541  5.3676  5.6825
  58  0.730088  3.7836  4.6436 -0.2547  5.6932  6.0118  5.5343  5.2207  4.8896  4.4699  4.1623  4.1263  5.3228  5.6325
  59  0.735483  3.7862  4.6389 -0.2363  5.6329  5.9564  5.4870  5.1778  4.8508  4.4370  4.1332  4.0989  5.2786  5.5831
  60  0.740836  3.7888  4.6341 -0.2181  5.5736  5.9017  5.4402  5.1356  4.8126  4.4044  4.1042  4.0716  5.2348  5.5344
  61  0.746153  3.7912  4.6291 -0.2001  5.5155  5.8477  5.3940  5.0936  4.7748  4.3720  4.0753  4.0444  5.1914  5.4863
  62  0.751437  3.7937  4.6239 -0.1822  5.4593  5.7948  5.3482  5.0518  4.7367  4.3393  4.0463  4.0168  5.1483  5.4387
  63  0.756669  3.7960  4.6186 -0.1645  5.4046  5.7428  5.3028  5.0102  4.6986  4.3066  4.0172  3.9891  5.1054  5.3916
  64  0.761855  3.7983  4.6130 -0.1469  5.3509  5.6914  5.2578  4.9690  4.6608  4.2740  3.9880  3.9613  5.0630  5.3450
  65  0.766990  3.8005  4.6074 -0.1294  5.2975  5.6404  5.2137  4.9286  4.6241  4.2419  3.9589  3.9338  5.0213  5.2991
  66  0.772076  3.8026  4.6017 -0.1122  5.2444  5.5897  5.1702  4.8891  4.5883  4.2104  3.9299  3.9065  4.9805  5.2538
  67  0.777113  3.8047  4.5959 -0.0952  5.1925  5.5398  5.1272  4.8501  4.5528  4.1791  3.9010  3.8792  4.9400  5.2091
  68  0.782091  3.8068  4.5901 -0.0784  5.1422  5.4909  5.0847  4.8113  4.5174  4.1479  3.8725  3.8522  4.8998  5.1650
  69  0.787015  3.8088  4.5842 -0.0618  5.0939  5.4432  5.0426  4.7725  4.4817  4.1166  3.8444  3.8252  4.8598  5.1215
  70  0.791874  3.8108  4.5784 -0.0456  5.0471  5.3964  5.0010  4.7341  4.4461  4.0856  3.8168  3.7985  4.8204  5.0788
  71  0.796663  3.8127  4.5727 -0.0296  5.0017  5.3507  4.9603  4.6962  4.4112  4.0551  3.7897  3.7723  4.7816  5.0368
  72  0.801381  3.8145  4.5671 -0.0139  4.9573  5.3060  4.9204  4.6592  4.3771  4.0253  3.7632  3.7466  4.7435  4.9956
  73  0.805990  3.8163  4.5615  0.0013  4.9143  5.2625  4.8816  4.6233  4.3439  3.9962  3.7372  3.7215  4.7066  4.9557
  74  0.810490  3.8180  4.5560  0.0160  4.8728  5.2203  4.8440  4.5883  4.3116  3.9678  3.7118  3.6969  4.6707  4.9168
  75  0.814898  3.8197  4.5506  0.0305  4.8326  5.1792  4.8072  4.5541  4.2800  3.9400  3.6870  3.6728  4.6357  4.8789
  76  0.819215  3.8213  4.5451  0.0446  4.7934  5.1390  4.7712  4.5207  4.2491  3.9128  3.6625  3.6491  4.6013  4.8419
  77  0.823450  3.8228  4.5398  0.0583  4.7551  5.0995  4.7359  4.4879  4.2188  3.8860  3.6385  3.6257  4.5676  4.8056
  78  0.827629  3.8244  4.5344  0.0719  4.7176  5.0607  4.7010  4.4556  4.1889  3.8595  3.6148  3.6027  4.5344  4.7697
  79  0.831752  3.8259  4.5292  0.0854  4.6807  5.0223  4.6667  4.4237  4.1593  3.8334  3.5914  3.5800  4.5015  4.7343
  80  0.835836  3.8274  4.5239  0.0988  4.6441  4.9841  4.6325  4.3919  4.1300  3.8075  3.5682  3.5573  4.4689  4.6991
  81  0.839892  3.8289  4.5187  0.1121  4.6078  4.9461  4.5984  4.3603  4.1008  3.7817  3.5451  3.5349  4.4365  4.6641
  82  0.846308  3.8312  4.5105  0.1333  4.5503  4.8857  4.5444  4.3101  4.0544  3.7410  3.5087  3.4995  4.3848  4.6085
  83  0.852902  3.8338  4.5022  0.1552  4.4909  4.8230  4.4883  4.2582  4.0067  3.6991  3.4715  3.4633  4.3313  4.5508
  84  0.859709  3.8365  4.4942  0.1776  4.4299  4.7580  4.4304  4.2047  3.9578  3.6565  3.4341  3.4269  4.2763  4.4912
  85  0.866590  3.8394  4.4861  0.2006  4.3682  4.6918  4.3715  4.1504  3.9080  3.6134  3.3964  3.3901  4.2202  4.4305
  86  0.873429  3.8422  4.4780  0.2235  4.3066  4.6253  4.3123  4.0960  3.8583  3.5703  3.3588  3.3535  4.1640  4.3694
  87  0.880134  3.8451  4.4699  0.2464  4.2457  4.5594  4.2536  4.0419  3.8090  3.5278  3.3216  3.3172  4.1083  4.3088
  88  0.886643  3.8479  4.4620  0.2687  4.1858  4.4943  4.1959  3.9888  3.7606  3.4859  3.2853  3.2818  4.0533  4.2492
  89  0.892919  3.8507  4.4542  0.2907  4.1275  4.4307  4.1393  3.9368  3.7132  3.4450  3.2498  3.2471  3.9995  4.1910
  90  0.898942  3.8534  4.4465  0.3120  4.0709  4.3687  4.0842  3.8860  3.6670  3.4050  3.2149  3.2130  3.9471  4.1341
  91  0.904714  3.8560  4.4389  0.3330  4.0159  4.3083  4.0303  3.8364  3.6218  3.3659  3.1809  3.1797  3.8958  4.0788
  92  0.910281  3.8586  4.4312  0.3535  3.9622  4.2491  3.9774  3.7876  3.5773  3.3274  3.1472  3.1466  3.8454  4.0243
  93  0.915664  3.8611  4.4237  0.3736  3.9096  4.1911  3.9253  3.7395  3.5335  3.2891  3.1139  3.1138  3.7958  3.9707
  94  0.920888  3.8635  4.4162  0.3935  3.8578  4.1336  3.8739  3.6921  3.4902  3.2517  3.0811  3.0817  3.7468  3.9178
  95  0.925971  3.8660  4.4090  0.4131  3.8068  4.0766  3.8230  3.6454  3.4478  3.2148  3.0490  3.0502  3.6983  3.8653
  96  0.930926  3.8686  4.4019  0.4327  3.7565  4.0197  3.7727  3.5991  3.4060  3.1787  3.0178  3.0196  3.6504  3.8134
  97  0.935769  3.8711  4.3950  0.4521  3.7072  3.9627  3.7228  3.5541  3.3657  3.1442  2.9882  2.9908  3.6033  3.7617
  98  0.940502  3.8738  4.3884  0.4715  3.6584  3.9055  3.6733  3.5096  3.3264  3.1105  2.9594  2.9631  3.5567  3.7103
  99  0.945134  3.8765  4.3819  0.4907  3.6098  3.8484  3.6239  3.4653  3.2873  3.0773  2.9313  2.9360  3.5103  3.6592
 100  0.949673  3.8792  4.3757  0.5099  3.5612  3.7915  3.5748  3.4212  3.2482  3.0443  2.9035  2.9090  3.4639  3.6081
 101  0.954116  3.8819  4.3694  0.5290  3.5116  3.7354  3.5253  3.3763  3.2083  3.0106  2.8750  2.8811  3.4171  3.5569
 102  0.958461  3.8847  4.3633  0.5482  3.4611  3.6799  3.4756  3.3308  3.1673  2.9762  2.8460  2.8523  3.3698  3.5059
 103  0.962705  3.8874  4.3572  0.5672  3.4107  3.6249  3.4262  3.2853  3.1264  2.9420  2.8170  2.8234  3.3228  3.4549
 104  0.966847  3.8901  4.3510  0.5862  3.3605  3.5704  3.3770  3.2401  3.0859  2.9080  2.7883  2.7947  3.2760  3.4044
 105  0.970888  3.8928  4.3448  0.6049  3.3110  3.5160  3.3285  3.1958  3.0461  2.8747  2.7600  2.7668  3.2299  3.3545
 106  0.974829  3.8954  4.3384  0.6236  3.2627  3.4619  3.2808  3.1525  3.0077  2.8423  2.7325  2.7397  3.1846  3.3052
 107  0.978674  3.8979  4.3318  0.6420  3.2152  3.4086  3.2339  3.1098  2.9697  2.8101  2.7050  2.7127  3.1400  3.2566
 108  0.982428  3.9004  4.3250  0.6603  3.1684  3.3560  3.1876  3.0678  2.9324  2.7782  2.6775  2.6856  3.0960  3.2088
 109  0.986091  3.9027  4.3179  0.6782  3.1222  3.3045  3.1420  3.0264  2.8953  2.7462  2.6497  2.6583  3.0528  3.1617
 110  0.989663  3.9049  4.3104  0.6960  3.0769  3.2543  3.0971  2.9853  2.8583  2.7141  2.6214  2.6304  3.0100  3.1155
 111  0.993075  3.9071  4.3034  0.7133  3.0322  3.2049  3.0531  2.9452  2.8224  2.6831  2.5942  2.6036  2.9681  3.0701
 112  0.994065  3.9078  4.3017  0.7185  3.0189  3.1901  3.0400  2.9334  2.8120  2.6742  2.5867  2.5960  2.9556  3.0566
 113  0.995052  3.9086  4.2999  0.7236  3.0055  3.1751  3.0270  2.9216  2.8016  2.6654  2.5792  2.5886  2.9433  3.0429
 114  0.996037  3.9093  4.2981  0.7289  2.9920  3.1601  3.0137  2.9097  2.7911  2.6565  2.5716  2.5811  2.9308  3.0293
 115  0.997018  3.9101  4.2962  0.7341  2.9784  3.1452  3.0005  2.8976  2.7805  2.6476  2.5638  2.5736  2.9183  3.0156
 116  0.997997  3.9108  4.2942  0.7394  2.9647  3.1300  2.9871  2.8855  2.7696  2.6382  2.5557  2.5656  2.9055  3.0017
 117  0.998971  3.9115  4.2920  0.7448  2.9509  3.1148  2.9735  2.8732  2.7586  2.6287  2.5473  2.5573  2.8926  2.9878
 118  0.999941  3.9121  4.2897  0.7502  2.9369  3.0996  2.9599  2.8606  2.7474  2.6189  2.5386  2.5486  2.8796  2.9738
 119  1.000904  3.9127  4.2871  0.7556  2.9227  3.0843  2.9461  2.8479  2.7357  2.6086  2.5293  2.5396  2.8663  2.9595
 120  1.001863  3.9133  4.2843  0.7611  2.9084  3.0688  2.9320  2.8350  2.7240  2.5980  2.5198  2.5301  2.8529  2.9452
 121  1.002816  3.9139  4.2814  0.7667  2.8941  3.0533  2.9179  2.8218  2.7119  2.5873  2.5099  2.5203  2.8393  2.9308
 122  1.003765  3.9144  4.2783  0.7723  2.8795  3.0377  2.9037  2.8086  2.6996  2.5762  2.4997  2.5102  2.8255  2.9161
 123  1.004710  3.9149  4.2751  0.7780  2.8649  3.0219  2.8893  2.7952  2.6872  2.5648  2.4892  2.4999  2.8117  2.9015
 124  1.005651  3.9154  4.2717  0.7837  2.8501  3.0061  2.8748  2.7815  2.6746  2.5533  2.4785  2.4893  2.7977  2.8867
 125  1.006588  3.9159  4.2682  0.7895  2.8353  2.9902  2.8602  2.7678  2.6617  2.5415  2.4675  2.4784  2.7834  2.8717
 126  1.007521  3.9163  4.2646  0.7953  2.8202  2.9742  2.8454  2.7539  2.6487  2.5295  2.4562  2.4672  2.7691  2.8567
 127  1.008450  3.9167  4.2609  0.8012  2.8051  2.9581  2.8306  2.7399  2.6355  2.5173  2.4447  2.4557  2.7547  2.8416
 128  1.009376  3.9172  4.2570  0.8071  2.7899  2.9419  2.8156  2.7255  2.6221  2.5047  2.4328  2.4440  2.7401  2.8262
 129  1.010299  3.9175  4.2529  0.8131  2.7745  2.9255  2.8003  2.7111  2.6084  2.4919  2.4206  2.4319  2.7252  2.8108
 130  1.011217  3.9179  4.2487  0.8192  2.7590  2.9091  2.7850  2.6966  2.5946  2.4788  2.4081  2.4195  2.7103  2.7952
 131  1.012131  3.9182  4.2443  0.8253  2.7434  2.8926  2.7696  2.6817  2.5805  2.4655  2.3953  2.4068  2.6952  2.7795
 132  1.013041  3.9186  4.2397  0.8316  2.7276  2.8758  2.7539  2.6667  2.5662  2.4519  2.3822  2.3938  2.6798  2.7636
 133  1.013946  3.9188  4.2349  0.8378  2.7117  2.8591  2.7380  2.6515  2.5514  2.4377  2.3686  2.3801  2.6643  2.7476
 134  1.014842  3.9190  4.2296  0.8441  2.6958  2.8423  2.7220  2.6359  2.5363  2.4230  2.3541  2.3658  2.6484  2.7314
 135  1.015734  3.9191  4.2242  0.8505  2.6797  2.8254  2.7057  2.6199  2.5208  2.4078  2.3392  2.3509  2.6324  2.7149
 136  1.016620  3.9192  4.2185  0.8570  2.6636  2.8083  2.6892  2.6038  2.5050  2.3923  2.3238  2.3356  2.6160  2.6983
 137  1.017500  3.9193  4.2125  0.8635  2.6472  2.7912  2.6725  2.5874  2.4889  2.3763  2.3080  2.3197  2.5994  2.6815
 138  1.018373  3.9193  4.2063  0.8701  2.6308  2.7739  2.6557  2.5708  2.4723  2.3597  2.2916  2.3033  2.5827  2.6646
 139  1.019238  3.9192  4.1997  0.8768  2.6143  2.7566  2.6386  2.5539  2.4555  2.3428  2.2745  2.2863  2.5657  2.6474
 140  1.020095  3.9191  4.1928  0.8836  2.5977  2.7392  2.6213  2.5365  2.4382  2.3253  2.2570  2.2687  2.5484  2.6301
 141  1.020944  3.9189  4.1856  0.8904  2.5810  2.7217  2.6038  2.5190  2.4205  2.3073  2.2387  2.2505  2.5308  2.6127
 142  1.021783  3.9186  4.1781  0.8972  2.5643  2.7042  2.5861  2.5011  2.4024  2.2887  2.2198  2.2315  2.5130  2.5950
 143  1.022613  3.9183  4.1701  0.9042  2.5475  2.6867  2.5682  2.4830  2.3838  2.2693  2.2002  2.2117  2.4949  2.5772
 144  1.023430  3.9179  4.1617  0.9112  2.5305  2.6691  2.5501  2.4645  2.3648  2.2495  2.1797  2.1912  2.4766  2.5593
 145  1.024236  3.9173  4.1529  0.9183  2.5137  2.6516  2.5318  2.4457  2.3453  2.2289  2.1585  2.1699  2.4580  2.5412
 146  1.025028  3.9167  4.1435  0.9255  2.4968  2.6341  2.5134  2.4264  2.3253  2.2076  2.1364  2.1477  2.4392  2.5228
 147  1.025807  3.9160  4.1337  0.9327  2.4799  2.6167  2.4948  2.4069  2.3048  2.1855  2.1133  2.1244  2.4201  2.5046
 148  1.026572  3.9151  4.1233  0.9399  2.4630  2.5995  2.4761  2.3871  2.2837  2.1626  2.0892  2.1002  2.4008  2.4862
 149  1.027319  3.9141  4.1123  0.9472  2.4462  2.5824  2.4573  2.3670  2.2621  2.1389  2.0641  2.0750  2.3813  2.4678
 150  1.028049  3.9130  4.1007  0.9545  2.4293  2.5655  2.4383  2.3465  2.2399  2.1143  2.0378  2.0484  2.3615  2.4496
 151  1.028761  3.9116  4.0884  0.9619  2.4126  2.5489  2.4193  2.3257  2.2168  2.0886  2.0101  2.0207  2.3414  2.4312
 152  1.029453  3.9102  4.0754  0.9693  2.3958  2.5325  2.4001  2.3044  2.1932  2.0618  1.9812  1.9916  2.3211  2.4127
 153  1.030125  3.9085  4.0615  0.9767  2.3791  2.5165  2.3809  2.2827  2.1689  2.0339  1.9509  1.9609  2.3006  2.3944
 154  1.030775  3.9066  4.0469  0.9841  2.3625  2.5008  2.3616  2.2606  2.1437  2.0049  1.9189  1.9288  2.2797  2.3760
 155  1.031402  3.9045  4.0314  0.9915  2.3462  2.4857  2.3422  2.2381  2.1179  1.9745  1.8854  1.8950  2.2586  2.3577
 156  1.032005  3.9022  4.0149  0.9990  2.3302  2.4710  2.3228  2.2154  2.0912  1.9431  1.8502  1.8596  2.2374  2.3396
 157  1.032583  3.8996  3.9974  1.0063  2.3147  2.4572  2.3037  2.1923  2.0641  1.9103  1.8134  1.8224  2.2161  2.3218
 158  1.033134  3.8968  3.9791  1.0136  2.2996  2.4444  2.2848  2.1692  2.0363  1.8764  1.7748  1.7833  2.1949  2.3044
 159  1.033659  3.8937  3.9596  1.0207  2.2852  2.4327  2.2663  2.1460  2.0078  1.8411  1.7344  1.7424  2.1737  2.2876
 160  1.034157  3.8903  3.9390  1.0278  2.2715  2.4223  2.2484  2.1228  1.9788  1.8046  1.6921  1.6996  2.1529  2.2716
 161  1.034627  3.8866  3.9174  1.0348  2.2584  2.4133  2.2311  2.0997  1.9495  1.7671  1.6481  1.6548  2.1323  2.2564
 162  1.034948  3.8836  3.9013  1.0397  2.2495  2.4076  2.2192  2.0832  1.9282  1.7394  1.6155  1.6216  2.1178  2.2461
 163  1.035263  3.8805  3.8841  1.0446  2.2409  2.4027  2.2073  2.0664  1.9060  1.7101  1.5806  1.5863  2.1032  2.2360
 164  1.035572  3.8772  3.8657  1.0497  2.2328  2.3988  2.1957  2.0494  1.8832  1.6795  1.5438  1.5487  2.0884  2.2263
 165  1.035874  3.8735  3.8460  1.0547  2.2252  2.3956  2.1843  2.0322  1.8596  1.6473  1.5048  1.5091  2.0735  2.2170
 166  1.036170  3.8694  3.8248  1.0598  2.2181  2.3936  2.1732  2.0146  1.8351  1.6134  1.4632  1.4668  2.0586  2.2082
 167  1.036458  3.8652  3.8030  1.0649  2.2113  2.3924  2.1623  1.9970  1.8104  1.5788  1.4205  1.4233  2.0438  2.1998
 168  1.036739  3.8606  3.7797  1.0700  2.2053  2.3926  2.1519  1.9792  1.7848  1.5424  1.3753  1.3772  2.0290  2.1921
 169  1.037011  3.8557  3.7549  1.0751  2.2002  2.3942  2.1421  1.9613  1.7585  1.5044  1.3277  1.3283  2.0143  2.1852
 170  1.037275  3.8506  3.7296  1.0802  2.1956  2.3967  2.1326  1.9437  1.7322  1.4660  1.2792  1.2788  1.9998  2.1788
 171  1.037533  3.8452  3.7031  1.0852  2.1924  2.4006  2.1237  1.9260  1.7055  1.4263  1.2289  1.2271  1.9856  2.1732
 172  1.037786  3.8397  3.6760  1.0903  2.1903  2.4053  2.1152  1.9083  1.6784  1.3857  1.1771  1.1739  1.9713  2.1681
 173  1.038036  3.8341  3.6489  1.0953  2.1890  2.4109  2.1068  1.8906  1.6513  1.3451  1.1253  1.1204  1.9571  2.1632
 174  1.038281  3.8285  3.6212  1.1004  2.1889  2.4169  2.0986  1.8732  1.6245  1.3044  1.0730  1.0665  1.9431  2.1587
 175  1.038530  3.8229  3.5937  1.1055  2.1893  2.4225  2.0905  1.8560  1.5981  1.2645  1.0217  1.0135  1.9291  2.1541
 176  1.038781  3.8173  3.5663  1.1106  2.1909  2.4285  2.0823  1.8386  1.5716  1.2245  0.9707  0.9607  1.9150  2.1496
 177  1.039030  3.8116  3.5386  1.1157  2.1942  2.4356  2.0746  1.8215  1.5451  1.1841  0.9189  0.9068  1.9012  2.1456
 178  1.039280  3.8057  3.5106  1.1204  2.1997  2.4436  2.0680  1.8054  1.5198  1.1441  0.8668  0.8528  1.8884  2.1429
 179  1.039532  3.7997  3.4822  1.1250  2.2079  2.4540  2.0627  1.7902  1.4947  1.1039  0.8142  0.7980  1.8765  2.1417
 180  1.039787  3.7937  3.4536  1.1293  2.2186  2.4657  2.0583  1.7758  1.4706  1.0643  0.7618  0.7433  1.8653  2.1415
 181  1.040049  3.7874  3.4251  1.1331  2.2368  2.4829  2.0543  1.7598  1.4436  1.0228  0.7100  0.6871  1.8536  2.1427
 182  1.040306  3.7815  3.3983  1.1361  2.2563  2.5000  2.0527  1.7475  1.4214  0.9865  0.6632  0.6366  1.8448  2.1458
 183  1.040565  3.7757  3.3729  1.1384  2.2772  2.5169  2.0534  1.7387  1.4035  0.9541  0.6194  0.5902  1.8389  2.1507
 184  1.040827  3.7702  3.3490  1.1404  2.3001  2.5348  2.0549  1.7310  1.3871  0.9237  0.5782  0.5461  1.8340  2.1564
 185  1.041092  3.7650  3.3261  1.1428  2.3230  2.5510  2.0555  1.7228  1.3706  0.8938  0.5382  0.5034  1.8285  2.1610
 186  1.041354  3.7605  3.3048  1.1462  2.3428  2.5631  2.0526  1.7119  1.3523  0.8642  0.5006  0.4628  1.8201  2.1619
 187  1.041614  3.7568  3.2843  1.1521  2.3530  2.5657  2.0422  1.6948  1.3288  0.8321  0.4625  0.4222  1.8051  2.1548
 188  1.041859  3.7535  3.2644  1.1590  2.3589  2.5643  2.0294  1.6760  1.3046  0.7996  0.4244  0.3817  1.7880  2.1448
 189  1.042091  3.7512  3.2453  1.1684  2.3535  2.5528  2.0095  1.6518  1.2764  0.7651  0.3853  0.3411  1.7650  2.1270
 190  1.042310  3.7490  3.2272  1.1783  2.3445  2.5383  1.9877  1.6264  1.2475  0.7308  0.3472  0.3016  1.7407  2.1071
 191  1.042517  3.7473  3.2098  1.1891  2.3309  2.5196  1.9631  1.5986  1.2170  0.6960  0.3093  0.2628  1.7138  2.0839
 192  1.042719  3.7459  3.1929  1.2004  2.3149  2.4990  1.9372  1.5700  1.1858  0.6612  0.2722  0.2247  1.6860  2.0592
 193  1.042914  3.7447  3.1763  1.2119  2.2966  2.4765  1.9101  1.5406  1.1542  0.6265  0.2354  0.1871  1.6572  2.0333
 194  1.043106  3.7436  3.1602  1.2236  2.2770  2.4531  1.8826  1.5110  1.1226  0.5921  0.1990  0.1499  1.6282  2.0067
 195  1.043295  3.7426  3.1444  1.2356  2.2555  2.4282  1.8541  1.4807  1.0908  0.5577  0.1629  0.1133  1.5985  1.9791
 196  1.043481  3.7417  3.1288  1.2476  2.2338  2.4031  1.8256  1.4506  1.0590  0.5236  0.1270  0.0768  1.5688  1.9515
 197  1.043665  3.7409  3.1136  1.2598  2.2102  2.3766  1.7964  1.4199  1.0271  0.4895  0.0914  0.0408  1.5385  1.9229
 198  1.043847  3.7401  3.0983  1.2719  2.1867  2.3502  1.7672  1.3894  0.9954  0.4556  0.0559  0.0048  1.5084  1.8944
 199  1.044028  3.7394  3.0833  1.2843  2.1620  2.3228  1.7376  1.3586  0.9635  0.4218  0.0206 -0.0308  1.4779  1.8652
 200  1.044207  3.7387  3.0684  1.2965  2.1373  2.2954  1.7079  1.3279  0.9315  0.3880 -0.0147 -0.0664  1.4474  1.8362
 201  1.044385  3.7381  3.0535  1.3090  2.1118  2.2675  1.6778  1.2967  0.8995  0.3541 -0.0498 -0.1018  1.4166  1.8066
 202  1.044562  3.7375  3.0388  1.3214  2.0862  2.2395  1.6478  1.2657  0.8675  0.3204 -0.0849 -0.1371  1.3859  1.7771
 203  1.044738  3.7369  3.0241  1.3339  2.0599  2.2109  1.6175  1.2345  0.8355  0.2867 -0.1198 -0.1724  1.3548  1.7472
 204  1.044913  3.7364  3.0095  1.3464  2.0338  2.1825  1.5871  1.2032  0.8034  0.2530 -0.1548 -0.2076  1.3239  1.7172
 205  1.045087  3.7358  2.9949  1.3590  2.0074  2.1538  1.5567  1.1719  0.7711  0.2192 -0.1900 -0.2429  1.2927  1.6872
 206  1.045260  3.7353  2.9801  1.3715  1.9808  2.1249  1.5262  1.1405  0.7388  0.1853 -0.2251 -0.2782  1.2616  1.6571
 207  1.045432  3.7347  2.9655  1.3842  1.9543  2.0960  1.4954  1.1090  0.7065  0.1513 -0.2604 -0.3137  1.2302  1.6268
 208  1.045602  3.7342  2.9507  1.3968  1.9276  2.0670  1.4647  1.0773  0.6740  0.1173 -0.2956 -0.3492  1.1988  1.5965
 209  1.045772  3.7337  2.9360  1.4096  1.9007  2.0378  1.4339  1.0456  0.6415  0.0832 -0.3311 -0.3847  1.1674  1.5661
 210  1.045940  3.7332  2.9213  1.4224  1.8735  2.0084  1.4028  1.0138  0.6089  0.0491 -0.3664 -0.4202  1.1357  1.5354
 211  1.046108  3.7327  2.9066  1.4352  1.8464  1.9789  1.3717  0.9819  0.5761  0.0149 -0.4018 -0.4558  1.1040  1.5048
 212  1.046274  3.7322  2.8918  1.4481  1.8191  1.9493  1.3406  0.9499  0.5434 -0.0194 -0.4373 -0.4914  1.0722  1.4740
 213  1.046439  3.7317  2.8771  1.4609  1.7915  1.9196  1.3091  0.9177  0.5105 -0.0538 -0.4728 -0.5272  1.0402  1.4429
 214  1.046603  3.7312  2.8623  1.4739  1.7641  1.8898  1.2777  0.8855  0.4774 -0.0882 -0.5085 -0.5630  1.0082  1.4119
 215  1.046765  3.7308  2.8474  1.4868  1.7365  1.8598  1.2460  0.8531  0.4442 -0.1229 -0.5443 -0.5990  0.9759  1.3806
 216  1.046922  3.7303  2.8324  1.5000  1.7084  1.8294  1.2140  0.8201  0.4105 -0.1579 -0.5805 -0.6353  0.9433  1.3491
 217  1.046964  3.7301  2.8283  1.5037  1.7007  1.8211  1.2051  0.8110  0.4012 -0.1676 -0.5905 -0.6453  0.9343  1.3403
 218  1.047005  3.7300  2.8241  1.5074  1.6928  1.8126  1.1961  0.8018  0.3918 -0.1774 -0.6006 -0.6555  0.9251  1.3314
 219  1.047047  3.7299  2.8199  1.5111  1.6849  1.8041  1.1871  0.7926  0.3825 -0.1872 -0.6106 -0.6656  0.9160  1.3225
 220  1.047088  3.7298  2.8157  1.5148  1.6772  1.7956  1.1782  0.7835  0.3730 -0.1970 -0.6207 -0.6757  0.9068  1.3137
 221  1.047130  3.7296  2.8115  1.5185  1.6692  1.7870  1.1691  0.7742  0.3635 -0.2069 -0.6309 -0.6860  0.8976  1.3047
 222  1.047171  3.7295  2.8072  1.5222  1.6613  1.7784  1.1600  0.7649  0.3540 -0.2167 -0.6411 -0.6962  0.8883  1.2958
 223  1.047212  3.7294  2.8030  1.5258  1.6534  1.7698  1.1510  0.7556  0.3445 -0.2266 -0.6513 -0.7065  0.8792  1.2868
 224  1.047252  3.7292  2.7988  1.5296  1.6454  1.7611  1.1418  0.7461  0.3347 -0.2368 -0.6617 -0.7170  0.8697  1.2778
 225  1.047292  3.7291  2.7944  1.5335  1.6372  1.7522  1.1324  0.7364  0.3249 -0.2470 -0.6722 -0.7276  0.8601  1.2685
 226  1.047332  3.7290  2.7900  1.5373  1.6291  1.7434  1.1230  0.7268  0.3151 -0.2573 -0.6827 -0.7381  0.8506  1.2593
 227  1.047704  3.7276  2.7471  1.5751  1.5494  1.6568  1.0312  0.6326  0.2185 -0.3576 -0.7859 -0.8419  0.7569  1.1687
 228  1.048054  3.7263  2.7030  1.6139  1.4678  1.5678  0.9366  0.5354  0.1189 -0.4608 -0.8918 -0.9485  0.6604  1.0754
 229  1.048321  3.7252  2.6669  1.6457  1.4013  1.4952  0.8593  0.4558  0.0373 -0.5454 -0.9784 -1.0357  0.5815  0.9991
 230  1.048632  3.7238  2.6222  1.6851  1.3196  1.4056  0.7636  0.3573 -0.0637 -0.6502 -1.0857 -1.1438  0.4839  0.9049
 231  1.048915  3.7224  2.5781  1.7239  1.2392  1.3173  0.6695  0.2605 -0.1630 -0.7533 -1.1916 -1.2505  0.3877  0.8121
 232  1.049178  3.7211  2.5342  1.7624  1.1597  1.2299  0.5764  0.1646 -0.2614 -0.8556 -1.2969 -1.3562  0.2925  0.7203
 233  1.049420  3.7197  2.4912  1.8001  1.0821  1.1444  0.4849  0.0705 -0.3577 -0.9562 -1.4007 -1.4606  0.1992  0.6302
 234  1.049643  3.7183  2.4484  1.8371  1.0074  1.0613  0.3956 -0.0216 -0.4523 -1.0552 -1.5033 -1.5638  0.1078  0.5422
 235  1.049848  3.7168  2.4061  1.8737  0.9345  0.9796  0.3076 -0.1123 -0.5457 -1.1532 -1.6050 -1.6660  0.0177  0.4556
 236  1.050052  3.7153  2.3612  1.9124  0.8579  0.8935  0.2145 -0.2084 -0.6447 -1.2570 -1.7127 -1.7744 -0.0777  0.3641
 237  1.050225  3.7138  2.3204  1.9476  0.7892  0.8159  0.1303 -0.2955 -0.7344 -1.3512 -1.8107 -1.8729 -0.1639  0.2813
 238  1.050407  3.7122  2.2747  1.9870  0.7128  0.7291  0.0358 -0.3932 -0.8350 -1.4570 -1.9206 -1.9834 -0.2608  0.1886
 239  1.050564  3.7107  2.2326  2.0231  0.6434  0.6499 -0.0506 -0.4826 -0.9271 -1.5540 -2.0215 -2.0848 -0.3494  0.1037
 240  1.050706  3.7093  2.1916  2.0584  0.5766  0.5732 -0.1345 -0.5696 -1.0169 -1.6485 -2.1198 -2.1836 -0.4357  0.0212
 241  1.050845  3.7078  2.1495  2.0946  0.5086  0.4946 -0.2209 -0.6591 -1.1093 -1.7457 -2.2208 -2.2852 -0.5244 -0.0635
 242  1.050977  3.7063  2.1066  2.1313  0.4403  0.4153 -0.3085 -0.7502 -1.2034 -1.8444 -2.3229 -2.3881 -0.6145 -0.1493
 243  1.051096  3.7048  2.0653  2.1669  0.3755  0.3394 -0.3931 -0.8383 -1.2945 -1.9399 -2.4213 -2.4874 -0.7017 -0.2320
 244  1.051206  3.7034  2.0253  2.2012  0.3136  0.2663 -0.4747 -0.9235 -1.3827 -2.0320 -2.5163 -2.5832 -0.7860 -0.3119
 245  1.051309  3.7019  1.9849  2.2358  0.2528  0.1936 -0.5566 -1.0091 -1.4714 -2.1251 -2.6119 -2.6798 -0.8706 -0.3918
 246  1.051407  3.7003  1.9441  2.2703  0.1942  0.1222 -0.6380 -1.0947 -1.5603 -2.2185 -2.7082 -2.7772 -0.9551 -0.4711
 247  1.051499  3.6988  1.9035  2.3045  0.1368  0.0518 -0.7186 -1.1793 -1.6483 -2.3112 -2.8040 -2.8741 -1.0387 -0.5496
 248  1.051584  3.6972  1.8650  2.3372  0.0831 -0.0148 -0.7951 -1.2595 -1.7319 -2.3995 -2.8958 -2.9667 -1.1179 -0.6241
 249  1.051663  3.6958  1.8277  2.3687  0.0319 -0.0788 -0.8687 -1.3369 -1.8123 -2.4846 -2.9846 -3.0560 -1.1943 -0.6958
 250  1.051737  3.6945  1.7938  2.3974 -0.0143 -0.1367 -0.9355 -1.4071 -1.8854 -2.5622 -3.0653 -3.1374 -1.2637 -0.7609
 251  1.051808  3.6936  1.7697  2.4178 -0.0474 -0.1783 -0.9834 -1.4573 -1.9375 -2.6173 -3.1227 -3.1954 -1.3132 -0.8074
 252  1.051878  3.6939  1.7760  2.4130 -0.0425 -0.1704 -0.9728 -1.4459 -1.9253 -2.6039 -3.1085 -3.1808 -1.3021 -0.7974
 253  1.051954  3.6950  1.7979  2.3953 -0.0178 -0.1368 -0.9323 -1.4027 -1.8799 -2.5550 -3.0571 -3.1289 -1.2595 -0.7583
 254  1.052036  3.6932  1.7530  2.4333 -0.0782 -0.2133 -1.0208 -1.4958 -1.9768 -2.6578 -3.1643 -3.2369 -1.3515 -0.8444
 255  1.052111  3.6914  1.7054  2.4734 -0.1403 -0.2932 -1.1137 -1.5936 -2.0788 -2.7661 -3.2775 -3.3509 -1.4480 -0.9346
 256  1.052179  3.6895  1.6600  2.5116 -0.1989 -0.3693 -1.2023 -1.6870 -2.1762 -2.8696 -3.3856 -3.4599 -1.5404 -1.0206
 257  1.052241  3.6878  1.6158  2.5488 -0.2546 -0.4426 -1.2881 -1.7776 -2.2708 -2.9703 -3.4908 -3.5658 -1.6298 -1.1039
 258  1.052299  3.6861  1.5712  2.5865 -0.3101 -0.5164 -1.3747 -1.8690 -2.3663 -3.0718 -3.5969 -3.6727 -1.7201 -1.1877
 259  1.052351  3.6844  1.5296  2.6216 -0.3604 -0.5846 -1.4552 -1.9543 -2.4554 -3.1668 -3.6961 -3.7727 -1.8042 -1.2655
 260  1.052400  3.6828  1.4886  2.6559 -0.4078 -0.6503 -1.5334 -2.0374 -2.5425 -3.2597 -3.7935 -3.8707 -1.8862 -1.3411
 261  1.052446  3.6811  1.4479  2.6898 -0.4506 -0.7130 -1.6096 -2.1189 -2.6284 -3.3517 -3.8902 -3.9681 -1.9665 -1.4145
 262  1.052488  3.6793  1.4084  2.7226 -0.4899 -0.7726 -1.6832 -2.1978 -2.7115 -3.4412 -3.9843 -4.0630 -2.0441 -1.4850
 263  1.052526  3.6778  1.3695  2.7549 -0.5270 -0.8305 -1.7552 -2.2753 -2.7935 -3.5291 -4.0767 -4.1563 -2.1205 -1.5540
 264  1.052562  3.6760  1.3315  2.7863 -0.5612 -0.8859 -1.8247 -2.3506 -2.8731 -3.6148 -4.1664 -4.2469 -2.1944 -1.6204
 265  1.052596  3.6744  1.2942  2.8171 -0.5932 -0.9394 -1.8929 -2.4245 -2.9515 -3.6990 -4.2543 -4.3361 -2.2671 -1.6854
 266  1.052627  3.6728  1.2580  2.8472 -0.6226 -0.9906 -1.9589 -2.4961 -3.0276 -3.7808 -4.3396 -4.4226 -2.3375 -1.7481
 267  1.052657  3.6713  1.2219  2.8770 -0.6509 -1.0411 -2.0242 -2.5673 -3.1033 -3.8622 -4.4244 -4.5084 -2.4075 -1.8100
 268  1.052684  3.6697  1.1868  2.9060 -0.6771 -1.0898 -2.0872 -2.6362 -3.1767 -3.9411 -4.5066 -4.5918 -2.4752 -1.8698
 269  1.052710  3.6682  1.1523  2.9344 -0.7018 -1.1371 -2.1489 -2.7037 -3.2486 -4.0186 -4.5876 -4.6737 -2.5414 -1.9281
 270  1.052734  3.6667  1.1184  2.9623 -0.7246 -1.1827 -2.2089 -2.7696 -3.3190 -4.0948 -4.6673 -4.7544 -2.6062 -1.9849
 271  1.052757  3.6653  1.0851  2.9897 -0.7460 -1.2272 -2.2676 -2.8339 -3.3879 -4.1695 -4.7458 -4.8337 -2.6695 -2.0402
 272  1.052777  3.6638  1.0528  3.0164 -0.7656 -1.2696 -2.3241 -2.8962 -3.4546 -4.2419 -4.8221 -4.9108 -2.7307 -2.0935
 273  1.052797  3.6624  1.0208  3.0426 -0.7841 -1.3112 -2.3798 -2.9575 -3.5203 -4.3136 -4.8977 -4.9872 -2.7910 -2.1459
 274  1.052816  3.6610  0.9892  3.0684 -0.7999 -1.3507 -2.4338 -3.0175 -3.5848 -4.3841 -4.9724 -5.0626 -2.8498 -2.1964
 275  1.052833  3.6595  0.9579  3.0938 -0.8120 -1.3875 -2.4858 -3.0757 -3.6478 -4.4534 -5.0460 -5.1370 -2.9070 -2.2449
 276  1.052850  3.6580  0.9274  3.1184 -0.8224 -1.4227 -2.5361 -3.1322 -3.7090 -4.5210 -5.1177 -5.2096 -2.9625 -2.2916
 277  1.052866  3.6565  0.8973  3.1426 -0.8311 -1.4564 -2.5850 -3.1874 -3.7689 -4.5872 -5.1882 -5.2808 -3.0166 -2.3368
 278  1.052881  3.6551  0.8686  3.1656 -0.8379 -1.4877 -2.6314 -3.2399 -3.8261 -4.6506 -5.2556 -5.3490 -3.0681 -2.3796
 279  1.052895  3.6538  0.8418  3.1872 -0.8435 -1.5165 -2.6742 -3.2887 -3.8793 -4.7096 -5.3185 -5.4126 -3.1159 -2.4191
