NUMBER OF AGES= 1 MAGS=10
----------------------------------------------------       
MIX-LEN  Y      Z          Zeff        [Fe/H] [a/Fe]
 1.9380  0.2452 1.3168E-04 1.7223E-04  -2.00  -0.20 
----------------------------------------------------       
**PHOTOMETRIC SYSTEM**: Bessell UBV(RI)c + 2MASS JHKs + Kepler (Vega)
----------------------------------------------------       
AGE=11.000 EEPS=267
#EEP   M    LogTeff  LogG   LogL U       B       V       R       I       J       H       Ks      Kp      D51
  13  0.109395  3.5446  5.3487 -2.7397 16.6075 14.5963 12.8507 11.8503 10.9539  9.8434  9.3940  9.2817 12.0202 13.6406
  14  0.120303  3.5573  5.3040 -2.6030 15.7592 14.0549 12.4106 11.4506 10.6165  9.5387  9.0569  8.9324 11.6343 13.1308
  15  0.132612  3.5693  5.2596 -2.4683 15.0256 13.5296 11.9810 11.0636 10.2777  9.2369  8.7310  8.5992 11.2538 12.6379
  16  0.145893  3.5789  5.2198 -2.3489 14.4410 13.0835 11.6096 10.7297  9.9753  8.9663  8.4449  8.3063 10.9213 12.2173
  17  0.159134  3.5853  5.1876 -2.2534 14.0199 12.7494 11.3241 10.4702  9.7342  8.7462  8.2165  8.0724 10.6612 11.8982
  18  0.171646  3.5898  5.1617 -2.1769 13.7007 12.4922 11.1004 10.2652  9.5411  8.5676  8.0331  7.8846 10.4553 11.6499
  19  0.183567  3.5931  5.1396 -2.1118 13.4350 12.2781 10.9121 10.0919  9.3767  8.4148  7.8770  7.7251 10.2810 11.4416
  20  0.195554  3.5963  5.1193 -2.0514 13.1926 12.0822 10.7390  9.9322  9.2248  8.2733  7.7330  7.5782 10.1203 11.2502
  21  0.208107  3.5993  5.0998 -1.9929 12.9596 11.8929 10.5707  9.7769  9.0769  8.1356  7.5934  7.4362  9.9639 11.0649
  22  0.221740  3.6022  5.0811 -1.9351 12.7362 11.7079 10.4053  9.6239  8.9309  7.9991  7.4557  7.2966  9.8097 10.8837
  23  0.237861  3.6053  5.0618 -1.8731 12.5066 11.5119 10.2285  9.4595  8.7739  7.8526  7.3085  7.1477  9.6443 10.6915
  24  0.263333  3.6097  5.0353 -1.7848 12.1869 11.2345  9.9772  9.2256  8.5506  7.6439  7.0998  6.9377  9.4088 10.4196
  25  0.294973  3.6144  5.0095 -1.6907 11.8473 10.9385  9.7081  8.9753  8.3118  7.4212  6.8782  6.7158  9.1567 10.1289
  26  0.307036  3.6161  5.0040 -1.6612 11.7379 10.8443  9.6229  8.8964  8.2369  7.3519  6.8098  6.6477  9.0772 10.0365
  27  0.313687  3.6170  5.0016 -1.6460 11.6813 10.7955  9.5788  8.8555  8.1981  7.3161  6.7745  6.6126  9.0361  9.9885
  28  0.317981  3.6175  4.9995 -1.6356 11.6430 10.7625  9.5488  8.8278  8.1718  7.2917  6.7504  6.5886  9.0081  9.9561
  29  0.320919  3.6180  4.9974 -1.6277 11.6144 10.7377  9.5262  8.8069  8.1518  7.2732  6.7322  6.5705  8.9870  9.9316
  30  0.323291  3.6184  4.9953 -1.6210 11.5894 10.7161  9.5067  8.7887  8.1347  7.2573  6.7164  6.5549  8.9687  9.9104
  31  0.325753  3.6188  4.9932 -1.6140 11.5636 10.6939  9.4865  8.7700  8.1169  7.2408  6.7001  6.5387  8.9500  9.8885
  32  0.328901  3.6192  4.9908 -1.6057 11.5331 10.6675  9.4625  8.7478  8.0958  7.2210  6.6806  6.5194  8.9275  9.8625
  33  0.333449  3.6198  4.9879 -1.5945 11.4931 10.6326  9.4306  8.7180  8.0673  7.1946  6.6546  6.4935  8.8976  9.8282
  34  0.340389  3.6206  4.9838 -1.5782 11.4359 10.5825  9.3847  8.6750  8.0263  7.1562  6.6166  6.4558  8.8542  9.7788
  35  0.351378  3.6219  4.9765 -1.5520 11.3426 10.5010  9.3099  8.6053  7.9597  7.0939  6.5551  6.3948  8.7840  9.6984
  36  0.370462  3.6247  4.9610 -1.5019 11.1588 10.3422  9.1655  8.4714  7.8326  6.9761  6.4392  6.2803  8.6490  9.5423
  37  0.387552  3.6282  4.9440 -1.4517 10.9667 10.1781  9.0178  8.3356  7.7048  6.8591  6.3248  6.1679  8.5120  9.3818
  38  0.399986  3.6310  4.9298 -1.4124 10.8133 10.0481  8.9012  8.2290  7.6049  6.7681  6.2362  6.0812  8.4044  9.2546
  39  0.414758  3.6347  4.9124 -1.3647 10.6232  9.8880  8.7584  8.0990  7.4836  6.6586  6.1301  5.9779  8.2730  9.0987
  40  0.433131  3.6398  4.8905 -1.3032 10.3651  9.6747  8.5702  7.9293  7.3269  6.5191  5.9965  5.8487  8.1013  8.8918
  41  0.450279  3.6455  4.8703 -1.2436 10.1062  9.4636  8.3856  7.7640  7.1753  6.3859  5.8700  5.7274  7.9338  8.6883
  42  0.461376  3.6496  4.8566 -1.2026  9.9241  9.3167  8.2579  7.6501  7.0714  6.2952  5.7847  5.6460  7.8182  8.5477
  43  0.471160  3.6537  4.8445 -1.1650  9.7512  9.1804  8.1403  7.5456  6.9764  6.2130  5.7081  5.5732  7.7119  8.4179
  44  0.480245  3.6578  4.8335 -1.1292  9.5806  9.0493  8.0283  7.4463  6.8864  6.1358  5.6367  5.5056  7.6109  8.2941
  45  0.488756  3.6619  4.8234 -1.0952  9.4139  8.9234  7.9215  7.3519  6.8010  6.0630  5.5699  5.4426  7.5147  8.1761
  46  0.497101  3.6661  4.8138 -1.0616  9.2477  8.7984  7.8164  7.2588  6.7171  5.9918  5.5051  5.3817  7.4199  8.0604
  47  0.505493  3.6704  4.8044 -1.0277  9.0781  8.6719  7.7106  7.1652  6.6328  5.9209  5.4406  5.3212  7.3244  7.9444
  48  0.513795  3.6749  4.7956 -0.9937  8.9040  8.5438  7.6047  7.0716  6.5488  5.8505  5.3775  5.2621  7.2287  7.8285
  49  0.522222  3.6798  4.7870 -0.9586  8.7222  8.4115  7.4961  6.9758  6.4629  5.7791  5.3141  5.2029  7.1306  7.7099
  50  0.530956  3.6850  4.7784 -0.9219  8.5311  8.2721  7.3826  6.8759  6.3739  5.7057  5.2493  5.1425  7.0283  7.5868
  51  0.540004  3.6905  4.7697 -0.8837  8.3332  8.1271  7.2657  6.7728  6.2821  5.6301  5.1830  5.0809  6.9224  7.4604
  52  0.544948  3.6936  4.7648 -0.8627  8.2266  8.0493  7.2029  6.7171  6.2324  5.5890  5.1469  5.0471  6.8654  7.3930
  53  0.549922  3.6966  4.7598 -0.8417  8.1209  7.9717  7.1406  6.6617  6.1827  5.5477  5.1106  5.0131  6.8085  7.3261
  54  0.554896  3.6996  4.7549 -0.8208  8.0157  7.8944  7.0785  6.6065  6.1333  5.5068  5.0748  4.9796  6.7518  7.2596
  55  0.559854  3.7027  4.7500 -0.7997  7.9113  7.8170  7.0164  6.5514  6.0842  5.4663  5.0392  4.9464  6.6953  7.1933
  56  0.564795  3.7057  4.7450 -0.7788  7.8083  7.7402  6.9549  6.4968  6.0354  5.4261  5.0039  4.9133  6.6391  7.1277
  57  0.569697  3.7088  4.7402 -0.7579  7.7067  7.6643  6.8942  6.4427  5.9872  5.3861  4.9690  4.8807  6.5836  7.0631
  58  0.574570  3.7119  4.7353 -0.7371  7.6072  7.5898  6.8344  6.3895  5.9394  5.3466  4.9343  4.8484  6.5288  6.9995
  59  0.579398  3.7149  4.7304 -0.7164  7.5101  7.5166  6.7758  6.3369  5.8921  5.3074  4.9000  4.8163  6.4746  6.9372
  60  0.584183  3.7179  4.7254 -0.6959  7.4155  7.4449  6.7181  6.2852  5.8456  5.2686  4.8661  4.7843  6.4214  6.8760
  61  0.588918  3.7208  4.7204 -0.6756  7.3237  7.3744  6.6614  6.2342  5.7997  5.2304  4.8324  4.7528  6.3690  6.8160
  62  0.593598  3.7237  4.7153 -0.6556  7.2345  7.3054  6.6055  6.1842  5.7546  5.1927  4.7991  4.7216  6.3174  6.7570
  63  0.598227  3.7265  4.7102 -0.6358  7.1479  7.2376  6.5507  6.1348  5.7100  5.1554  4.7662  4.6908  6.2665  6.6992
  64  0.602798  3.7293  4.7050 -0.6162  7.0638  7.1713  6.4967  6.0862  5.6662  5.1187  4.7338  4.6603  6.2165  6.6425
  65  0.607307  3.7320  4.6997 -0.5969  6.9823  7.1061  6.4436  6.0383  5.6230  5.0824  4.7016  4.6300  6.1673  6.5868
  66  0.611745  3.7346  4.6944 -0.5778  6.9034  7.0425  6.3914  5.9911  5.5806  5.0466  4.6696  4.6000  6.1188  6.5319
  67  0.616117  3.7374  4.6891 -0.5589  6.8270  6.9801  6.3401  5.9448  5.5387  5.0112  4.6380  4.5702  6.0711  6.4779
  68  0.620413  3.7399  4.6838 -0.5404  6.7529  6.9192  6.2898  5.8993  5.4976  4.9763  4.6068  4.5408  6.0242  6.4251
  69  0.624630  3.7424  4.6785 -0.5221  6.6809  6.8599  6.2405  5.8547  5.4572  4.9420  4.5760  4.5118  5.9783  6.3735
  70  0.628773  3.7448  4.6730 -0.5041  6.6113  6.8019  6.1923  5.8109  5.4174  4.9080  4.5455  4.4831  5.9333  6.3229
  71  0.632837  3.7472  4.6677 -0.4863  6.5437  6.7454  6.1450  5.7679  5.3783  4.8747  4.5156  4.4549  5.8891  6.2735
  72  0.636830  3.7495  4.6622 -0.4688  6.4782  6.6902  6.0985  5.7257  5.3398  4.8417  4.4859  4.4268  5.8456  6.2250
  73  0.640744  3.7518  4.6568 -0.4517  6.4147  6.6363  6.0530  5.6842  5.3020  4.8093  4.4568  4.3992  5.8030  6.1776
  74  0.644580  3.7540  4.6515 -0.4348  6.3530  6.5835  6.0085  5.6435  5.2650  4.7775  4.4281  4.3721  5.7612  6.1309
  75  0.648352  3.7562  4.6461 -0.4182  6.2926  6.5317  5.9646  5.6036  5.2287  4.7462  4.3997  4.3453  5.7202  6.0852
  76  0.652044  3.7583  4.6407 -0.4019  6.2332  6.4804  5.9216  5.5646  5.1935  4.7158  4.3719  4.3191  5.6799  6.0402
  77  0.655659  3.7604  4.6352 -0.3859  6.1755  6.4304  5.8794  5.5264  5.1590  4.6859  4.3445  4.2933  5.6406  5.9961
  78  0.659192  3.7624  4.6298 -0.3701  6.1194  6.3815  5.8380  5.4890  5.1251  4.6564  4.3175  4.2678  5.6020  5.9529
  79  0.662657  3.7643  4.6245 -0.3546  6.0653  6.3339  5.7974  5.4522  5.0915  4.6273  4.2909  4.2427  5.5640  5.9106
  80  0.666049  3.7663  4.6191 -0.3393  6.0131  6.2877  5.7578  5.4159  5.0583  4.5985  4.2648  4.2179  5.5267  5.8693
  81  0.669372  3.7681  4.6137 -0.3243  5.9624  6.2426  5.7189  5.3801  5.0254  4.5699  4.2389  4.1933  5.4900  5.8289
  82  0.674158  3.7708  4.6059 -0.3027  5.8899  6.1776  5.6626  5.3283  4.9778  4.5285  4.2014  4.1576  5.4367  5.7704
  83  0.678926  3.7735  4.5979 -0.2809  5.8179  6.1127  5.6063  5.2765  4.9302  4.4870  4.1638  4.1218  5.3835  5.7119
  84  0.683674  3.7761  4.5897 -0.2590  5.7465  6.0478  5.5497  5.2245  4.8823  4.4453  4.1260  4.0857  5.3302  5.6533
  85  0.688404  3.7787  4.5815 -0.2370  5.6756  5.9828  5.4932  5.1724  4.8344  4.4033  4.0879  4.0494  5.2767  5.5947
  86  0.693115  3.7814  4.5730 -0.2150  5.6052  5.9178  5.4365  5.1202  4.7864  4.3612  4.0496  4.0129  5.2230  5.5358
  87  0.697805  3.7841  4.5643 -0.1928  5.5352  5.8528  5.3795  5.0677  4.7380  4.3188  4.0109  3.9760  5.1691  5.4768
  88  0.702471  3.7867  4.5554 -0.1705  5.4654  5.7876  5.3224  5.0149  4.6894  4.2760  3.9720  3.9388  5.1149  5.4175
  89  0.707089  3.7893  4.5463 -0.1482  5.3962  5.7223  5.2650  4.9621  4.6408  4.2332  3.9329  3.9014  5.0607  5.3583
  90  0.711653  3.7919  4.5369 -0.1257  5.3278  5.6572  5.2077  4.9091  4.5918  4.1900  3.8935  3.8637  5.0062  5.2990
  91  0.716157  3.7944  4.5273 -0.1032  5.2603  5.5923  5.1502  4.8557  4.5423  4.1462  3.8538  3.8254  4.9514  5.2396
  92  0.720597  3.7969  4.5174 -0.0807  5.1935  5.5275  5.0926  4.8023  4.4927  4.1022  3.8138  3.7868  4.8966  5.1802
  93  0.724967  3.7993  4.5072 -0.0581  5.1269  5.4628  5.0352  4.7489  4.4432  4.0580  3.7731  3.7478  4.8418  5.1210
  94  0.729260  3.8017  4.4965 -0.0354  5.0597  5.3976  4.9781  4.6963  4.3946  4.0140  3.7318  3.7084  4.7877  5.0619
  95  0.733474  3.8040  4.4854 -0.0128  4.9929  5.3326  4.9209  4.6436  4.3458  3.9697  3.6899  3.6684  4.7334  5.0028
  96  0.737602  3.8062  4.4739  0.0099  4.9272  5.2680  4.8636  4.5905  4.2966  3.9247  3.6476  3.6278  4.6787  4.9436
  97  0.741640  3.8083  4.4621  0.0325  4.8637  5.2042  4.8060  4.5363  4.2457  3.8786  3.6049  3.5863  4.6234  4.8845
  98  0.745586  3.8103  4.4498  0.0552  4.8012  5.1409  4.7482  4.4817  4.1943  3.8318  3.5617  3.5441  4.5677  4.8254
  99  0.749435  3.8122  4.4371  0.0778  4.7395  5.0779  4.6904  4.4270  4.1426  3.7847  3.5182  3.5013  4.5119  4.7664
 100  0.753177  3.8141  4.4240  0.1005  4.6783  5.0152  4.6329  4.3726  4.0911  3.7373  3.4741  3.4582  4.4564  4.7076
 101  0.756795  3.8158  4.4106  0.1230  4.6178  4.9530  4.5757  4.3184  4.0398  3.6899  3.4295  3.4147  4.4011  4.6492
 102  0.760290  3.8174  4.3967  0.1453  4.5580  4.8912  4.5189  4.2645  3.9886  3.6423  3.3847  3.3708  4.3461  4.5912
 103  0.763668  3.8190  4.3826  0.1676  4.4990  4.8300  4.4625  4.2108  3.9375  3.5946  3.3395  3.3266  4.2914  4.5335
 104  0.766941  3.8205  4.3683  0.1896  4.4408  4.7693  4.4062  4.1572  3.8864  3.5468  3.2944  3.2822  4.2369  4.4762
 105  0.770124  3.8219  4.3538  0.2116  4.3832  4.7091  4.3503  4.1037  3.8354  3.4989  3.2491  3.2376  4.1825  4.4192
 106  0.773214  3.8232  4.3390  0.2335  4.3263  4.6495  4.2947  4.0504  3.7843  3.4509  3.2036  3.1928  4.1283  4.3626
 107  0.776216  3.8245  4.3240  0.2552  4.2699  4.5904  4.2393  3.9973  3.7333  3.4029  3.1579  3.1478  4.0744  4.3063
 108  0.779139  3.8257  4.3088  0.2768  4.2142  4.5318  4.1843  3.9444  3.6825  3.3549  3.1122  3.1025  4.0207  4.2504
 109  0.781986  3.8268  4.2934  0.2983  4.1590  4.4736  4.1296  3.8917  3.6318  3.3067  3.0662  3.0571  3.9673  4.1949
 110  0.784765  3.8279  4.2779  0.3196  4.1043  4.4159  4.0751  3.8392  3.5812  3.2586  3.0202  3.0115  3.9139  4.1397
 111  0.787487  3.8289  4.2621  0.3409  4.0501  4.3586  4.0210  3.7869  3.5307  3.2104  2.9739  2.9657  3.8609  4.0847
 112  0.788250  3.8291  4.2576  0.3469  4.0347  4.3425  4.0057  3.7721  3.5164  3.1967  2.9607  2.9526  3.8459  4.0692
 113  0.789014  3.8294  4.2530  0.3530  4.0192  4.3260  3.9901  3.7571  3.5018  3.1828  2.9473  2.9393  3.8307  4.0535
 114  0.789777  3.8297  4.2484  0.3590  4.0039  4.3099  3.9748  3.7422  3.4875  3.1690  2.9340  2.9261  3.8156  4.0379
 115  0.790536  3.8299  4.2438  0.3652  3.9881  4.2932  3.9590  3.7269  3.4728  3.1549  2.9206  2.9128  3.8002  4.0219
 116  0.791293  3.8303  4.2392  0.3715  3.9719  4.2760  3.9427  3.7113  3.4578  3.1408  2.9071  2.8995  3.7844  4.0054
 117  0.792046  3.8306  4.2347  0.3778  3.9559  4.2590  3.9267  3.6959  3.4430  3.1267  2.8937  2.8862  3.7688  3.9892
 118  0.792797  3.8310  4.2303  0.3842  3.9392  4.2412  3.9102  3.6801  3.4279  3.1126  2.8804  2.8731  3.7527  3.9724
 119  0.793546  3.8314  4.2259  0.3907  3.9226  4.2234  3.8937  3.6643  3.4129  3.0986  2.8672  2.8602  3.7366  3.9555
 120  0.794292  3.8319  4.2216  0.3972  3.9056  4.2054  3.8769  3.6484  3.3977  3.0845  2.8540  2.8471  3.7204  3.9385
 121  0.795038  3.8324  4.2173  0.4038  3.8886  4.1872  3.8601  3.6323  3.3825  3.0703  2.8408  2.8341  3.7040  3.9213
 122  0.795782  3.8328  4.2128  0.4104  3.8715  4.1689  3.8431  3.6161  3.3671  3.0559  2.8273  2.8208  3.6875  3.9040
 123  0.796523  3.8332  4.2081  0.4171  3.8544  4.1506  3.8259  3.5997  3.3514  3.0412  2.8134  2.8070  3.6708  3.8866
 124  0.797260  3.8335  4.2032  0.4238  3.8372  4.1323  3.8086  3.5831  3.3353  3.0259  2.7989  2.7926  3.6539  3.8690
 125  0.797990  3.8338  4.1980  0.4307  3.8198  4.1138  3.7911  3.5661  3.3189  3.0102  2.7838  2.7777  3.6368  3.8513
 126  0.798717  3.8341  4.1924  0.4376  3.8024  4.0953  3.7734  3.5489  3.3021  2.9941  2.7681  2.7620  3.6194  3.8334
 127  0.799438  3.8343  4.1866  0.4446  3.7849  4.0767  3.7556  3.5315  3.2851  2.9776  2.7519  2.7460  3.6018  3.8154
 128  0.800154  3.8345  4.1805  0.4517  3.7672  4.0580  3.7376  3.5139  3.2679  2.9606  2.7355  2.7297  3.5839  3.7972
 129  0.800864  3.8346  4.1743  0.4589  3.7494  4.0392  3.7193  3.4960  3.2503  2.9434  2.7186  2.7129  3.5659  3.7789
 130  0.801571  3.8347  4.1680  0.4661  3.7315  4.0202  3.7010  3.4778  3.2326  2.9260  2.7015  2.6958  3.5477  3.7604
 131  0.802273  3.8348  4.1615  0.4734  3.7135  4.0012  3.6825  3.4596  3.2146  2.9082  2.6839  2.6782  3.5293  3.7417
 132  0.802969  3.8349  4.1547  0.4808  3.6954  3.9821  3.6638  3.4411  3.1963  2.8901  2.6660  2.6604  3.5108  3.7229
 133  0.803660  3.8350  4.1479  0.4882  3.6772  3.9629  3.6449  3.4225  3.1778  2.8717  2.6478  2.6422  3.4920  3.7040
 134  0.804343  3.8350  4.1408  0.4957  3.6588  3.9435  3.6259  3.4036  3.1590  2.8530  2.6292  2.6236  3.4731  3.6849
 135  0.805020  3.8350  4.1335  0.5033  3.6404  3.9242  3.6068  3.3846  3.1400  2.8340  2.6100  2.6046  3.4540  3.6657
 136  0.805689  3.8348  4.1258  0.5109  3.6219  3.9049  3.5875  3.3653  3.1207  2.8143  2.5902  2.5848  3.4347  3.6465
 137  0.806350  3.8347  4.1178  0.5186  3.6034  3.8855  3.5681  3.3457  3.1010  2.7941  2.5698  2.5644  3.4152  3.6271
 138  0.807002  3.8345  4.1095  0.5264  3.5849  3.8662  3.5486  3.3260  3.0810  2.7737  2.5490  2.5436  3.3955  3.6077
 139  0.807646  3.8342  4.1011  0.5342  3.5662  3.8468  3.5289  3.3061  3.0608  2.7528  2.5277  2.5222  3.3757  3.5881
 140  0.808281  3.8339  4.0923  0.5421  3.5476  3.8275  3.5091  3.2859  3.0403  2.7315  2.5058  2.5003  3.3556  3.5684
 141  0.808907  3.8335  4.0832  0.5500  3.5289  3.8082  3.4892  3.2656  3.0195  2.7098  2.4834  2.4779  3.3355  3.5487
 142  0.809522  3.8331  4.0738  0.5580  3.5103  3.7889  3.4692  3.2451  2.9983  2.6876  2.4604  2.4547  3.3151  3.5289
 143  0.810127  3.8326  4.0640  0.5661  3.4916  3.7697  3.4492  3.2243  2.9769  2.6650  2.4368  2.4310  3.2946  3.5091
 144  0.810720  3.8320  4.0539  0.5742  3.4729  3.7506  3.4290  3.2034  2.9552  2.6418  2.4126  2.4067  3.2739  3.4892
 145  0.811302  3.8314  4.0435  0.5824  3.4543  3.7317  3.4087  3.1822  2.9331  2.6181  2.3876  2.3816  3.2530  3.4693
 146  0.811871  3.8307  4.0326  0.5906  3.4358  3.7128  3.3884  3.1608  2.9106  2.5939  2.3620  2.3558  3.2320  3.4493
 147  0.812428  3.8298  4.0214  0.5989  3.4173  3.6941  3.3679  3.1393  2.8879  2.5692  2.3356  2.3293  3.2108  3.4294
 148  0.812970  3.8289  4.0096  0.6072  3.3990  3.6755  3.3475  3.1175  2.8648  2.5438  2.3084  2.3019  3.1895  3.4094
 149  0.813498  3.8279  3.9975  0.6156  3.3807  3.6572  3.3270  3.0955  2.8413  2.5179  2.2805  2.2737  3.1681  3.3895
 150  0.814012  3.8267  3.9847  0.6240  3.3628  3.6393  3.3065  3.0733  2.8173  2.4911  2.2515  2.2443  3.1464  3.3697
 151  0.814511  3.8255  3.9715  0.6325  3.3450  3.6216  3.2860  3.0509  2.7930  2.4637  2.2216  2.2141  3.1247  3.3499
 152  0.814994  3.8241  3.9578  0.6409  3.3274  3.6041  3.2656  3.0286  2.7685  2.4358  2.1908  2.1830  3.1030  3.3303
 153  0.815461  3.8226  3.9434  0.6494  3.3101  3.5871  3.2451  3.0058  2.7435  2.4071  2.1592  2.1509  3.0811  3.3108
 154  0.815913  3.8209  3.9286  0.6580  3.2932  3.5705  3.2247  2.9828  2.7179  2.3776  2.1266  2.1178  3.0589  3.2914
 155  0.816347  3.8192  3.9132  0.6665  3.2768  3.5546  3.2041  2.9593  2.6916  2.3472  2.0930  2.0833  3.0366  3.2720
 156  0.816766  3.8172  3.8972  0.6751  3.2613  3.5396  3.1832  2.9349  2.6638  2.3155  2.0584  2.0475  3.0135  3.2524
 157  0.817169  3.8152  3.8805  0.6836  3.2462  3.5253  3.1623  2.9102  2.6356  2.2830  2.0228  2.0104  2.9902  3.2331
 158  0.817554  3.8129  3.8633  0.6922  3.2318  3.5114  3.1417  2.8855  2.6072  2.2499  1.9862  1.9723  2.9670  3.2140
 159  0.817925  3.8105  3.8454  0.7007  3.2182  3.4976  3.1218  2.8619  2.5798  2.2168  1.9487  1.9338  2.9447  3.1957
 160  0.818279  3.8080  3.8269  0.7092  3.2051  3.4842  3.1024  2.8386  2.5527  2.1833  1.9102  1.8944  2.9227  3.1779
 161  0.818620  3.8053  3.8078  0.7177  3.1928  3.4714  3.0833  2.8154  2.5254  2.1492  1.8707  1.8541  2.9008  3.1606
 162  0.818866  3.8032  3.7932  0.7240  3.1841  3.4624  3.0692  2.7980  2.5048  2.1234  1.8407  1.8234  2.8845  3.1479
 163  0.819108  3.8010  3.7782  0.7304  3.1757  3.4535  3.0550  2.7804  2.4839  2.0969  1.8097  1.7917  2.8680  3.1351
 164  0.819348  3.7987  3.7626  0.7369  3.1675  3.4448  3.0406  2.7624  2.4624  2.0696  1.7778  1.7590  2.8512  3.1222
 165  0.819585  3.7963  3.7464  0.7435  3.1599  3.4364  3.0263  2.7442  2.4404  2.0416  1.7448  1.7251  2.8342  3.1094
 166  0.819819  3.7937  3.7295  0.7502  3.1532  3.4286  3.0117  2.7256  2.4178  2.0125  1.7106  1.6898  2.8169  3.0966
 167  0.820051  3.7909  3.7118  0.7570  3.1481  3.4222  2.9970  2.7062  2.3938  1.9819  1.6751  1.6527  2.7991  3.0840
 168  0.820277  3.7876  3.6920  0.7637  3.1470  3.4188  2.9827  2.6857  2.3677  1.9481  1.6361  1.6113  2.7808  3.0724
 169  0.820501  3.7838  3.6704  0.7703  3.1480  3.4167  2.9691  2.6653  2.3411  1.9130  1.5947  1.5675  2.7626  3.0616
 170  0.820721  3.7800  3.6488  0.7770  3.1486  3.4137  2.9557  2.6458  2.3159  1.8786  1.5535  1.5244  2.7451  3.0509
 171  0.820942  3.7766  3.6282  0.7839  3.1490  3.4099  2.9419  2.6264  2.2910  1.8452  1.5139  1.4830  2.7273  3.0397
 172  0.821162  3.7733  3.6083  0.7908  3.1497  3.4059  2.9277  2.6064  2.2657  1.8122  1.4754  1.4424  2.7092  3.0282
 173  0.821377  3.7700  3.5881  0.7978  3.1512  3.4022  2.9136  2.5866  2.2404  1.7787  1.4360  1.4011  2.6911  3.0167
 174  0.821587  3.7666  3.5674  0.8050  3.1531  3.3983  2.8994  2.5666  2.2151  1.7449  1.3961  1.3592  2.6729  3.0052
 175  0.821794  3.7636  3.5482  0.8125  3.1522  3.3920  2.8840  2.5463  2.1901  1.7124  1.3581  1.3195  2.6540  2.9920
 176  0.821996  3.7610  3.5298  0.8204  3.1495  3.3838  2.8675  2.5253  2.1648  1.6803  1.3210  1.2809  2.6344  2.9777
 177  0.822189  3.7586  3.5119  0.8286  3.1451  3.3739  2.8499  2.5037  2.1393  1.6485  1.2849  1.2432  2.6139  2.9620
 178  0.822374  3.7564  3.4945  0.8372  3.1390  3.3625  2.8313  2.4813  2.1134  1.6169  1.2492  1.2061  2.5926  2.9453
 179  0.822547  3.7544  3.4778  0.8462  3.1305  3.3490  2.8115  2.4581  2.0872  1.5857  1.2142  1.1700  2.5705  2.9271
 180  0.822711  3.7525  3.4615  0.8552  3.1213  3.3349  2.7914  2.4349  2.0610  1.5547  1.1797  1.1344  2.5481  2.9085
 181  0.822868  3.7509  3.4460  0.8645  3.1099  3.3191  2.7702  2.4111  2.0346  1.5242  1.1462  1.1000  2.5251  2.8887
 182  0.823048  3.7492  3.4276  0.8762  3.0938  3.2978  2.7433  2.3811  2.0019  1.4871  1.1062  1.0588  2.4960  2.8632
 183  0.823227  3.7477  3.4093  0.8885  3.0757  3.2749  2.7149  2.3500  1.9682  1.4495  1.0661  1.0177  2.4656  2.8361
 184  0.823402  3.7463  3.3913  0.9011  3.0561  3.2504  2.6853  2.3177  1.9334  1.4115  1.0260  0.9767  2.4341  2.8077
 185  0.823574  3.7451  3.3735  0.9140  3.0345  3.2244  2.6547  2.2846  1.8982  1.3733  0.9860  0.9359  2.4018  2.7782
 186  0.823744  3.7440  3.3559  0.9273  3.0116  3.1973  2.6233  2.2510  1.8625  1.3350  0.9460  0.8951  2.3687  2.7477
 187  0.823912  3.7430  3.3384  0.9407  2.9871  3.1690  2.5911  2.2169  1.8266  1.2966  0.9060  0.8544  2.3351  2.7165
 188  0.824079  3.7420  3.3211  0.9544  2.9617  3.1399  2.5586  2.1825  1.7906  1.2582  0.8660  0.8138  2.3013  2.6848
 189  0.824245  3.7412  3.3040  0.9681  2.9351  3.1099  2.5254  2.1478  1.7544  1.2199  0.8263  0.7734  2.2670  2.6524
 190  0.824409  3.7404  3.2870  0.9820  2.9076  3.0793  2.4920  2.1129  1.7182  1.1816  0.7866  0.7332  2.2325  2.6196
 191  0.824573  3.7396  3.2702  0.9960  2.8794  3.0482  2.4583  2.0779  1.6820  1.1434  0.7468  0.6932  2.1978  2.5865
 192  0.824737  3.7389  3.2535  1.0100  2.8504  3.0165  2.4243  2.0428  1.6457  1.1052  0.7072  0.6533  2.1631  2.5531
 193  0.824899  3.7383  3.2369  1.0241  2.8211  2.9845  2.3902  2.0075  1.6094  1.0670  0.6677  0.6134  2.1282  2.5195
 194  0.825061  3.7377  3.2203  1.0383  2.7913  2.9522  2.3559  1.9722  1.5731  1.0290  0.6282  0.5737  2.0931  2.4857
 195  0.825224  3.7371  3.2041  1.0523  2.7612  2.9197  2.3215  1.9370  1.5370  0.9912  0.5892  0.5344  2.0581  2.4518
 196  0.825385  3.7366  3.1879  1.0665  2.7309  2.8870  2.2871  1.9017  1.5010  0.9534  0.5502  0.4951  2.0230  2.4179
 197  0.825547  3.7360  3.1716  1.0807  2.7001  2.8540  2.2524  1.8662  1.4647  0.9157  0.5112  0.4559  1.9877  2.3837
 198  0.825708  3.7355  3.1553  1.0950  2.6690  2.8206  2.2175  1.8304  1.4281  0.8776  0.4719  0.4165  1.9521  2.3491
 199  0.825866  3.7350  3.1391  1.1095  2.6376  2.7870  2.1823  1.7945  1.3914  0.8395  0.4325  0.3770  1.9164  2.3143
 200  0.826025  3.7346  3.1227  1.1239  2.6056  2.7530  2.1468  1.7583  1.3544  0.8010  0.3929  0.3371  1.8804  2.2791
 201  0.826181  3.7341  3.1063  1.1387  2.5733  2.7185  2.1109  1.7217  1.3172  0.7623  0.3530  0.2971  1.8439  2.2436
 202  0.826337  3.7336  3.0896  1.1534  2.5408  2.6838  2.0748  1.6849  1.2796  0.7233  0.3128  0.2568  1.8073  2.2078
 203  0.826492  3.7332  3.0731  1.1683  2.5079  2.6489  2.0384  1.6478  1.2419  0.6842  0.2726  0.2164  1.7704  2.1718
 204  0.826647  3.7327  3.0566  1.1830  2.4751  2.6140  2.0023  1.6110  1.2045  0.6455  0.2326  0.1764  1.7338  2.1360
 205  0.826798  3.7323  3.0398  1.1983  2.4413  2.5782  1.9650  1.5731  1.1659  0.6055  0.1916  0.1352  1.6961  2.0991
 206  0.826946  3.7319  3.0227  1.2137  2.4069  2.5415  1.9272  1.5347  1.1268  0.5651  0.1500  0.0935  1.6577  2.0616
 207  0.827090  3.7314  3.0054  1.2294  2.3717  2.5044  1.8887  1.4955  1.0871  0.5239  0.1075  0.0510  1.6188  2.0233
 208  0.827229  3.7309  2.9873  1.2456  2.3359  2.4662  1.8490  1.4551  1.0459  0.4813  0.0636  0.0069  1.5785  1.9841
 209  0.827364  3.7304  2.9687  1.2621  2.2996  2.4273  1.8085  1.4138  1.0039  0.4376  0.0186 -0.0382  1.5375  1.9440
 210  0.827494  3.7299  2.9499  1.2790  2.2627  2.3878  1.7674  1.3719  0.9612  0.3932 -0.0271 -0.0840  1.4957  1.9033
 211  0.827621  3.7294  2.9306  1.2961  2.2256  2.3481  1.7258  1.3293  0.9177  0.3481 -0.0736 -0.1307  1.4534  1.8621
 212  0.827744  3.7288  2.9112  1.3134  2.1879  2.3077  1.6835  1.2862  0.8737  0.3024 -0.1206 -0.1778  1.4105  1.8203
 213  0.827864  3.7283  2.8917  1.3309  2.1495  2.2665  1.6407  1.2425  0.8292  0.2564 -0.1679 -0.2253  1.3670  1.7779
 214  0.827981  3.7278  2.8720  1.3486  2.1112  2.2253  1.5974  1.1983  0.7840  0.2097 -0.2159 -0.2735  1.3230  1.7351
 215  0.828095  3.7272  2.8518  1.3665  2.0726  2.1838  1.5537  1.1536  0.7384  0.1624 -0.2645 -0.3224  1.2786  1.6920
 216  0.828205  3.7266  2.8315  1.3846  2.0339  2.1419  1.5097  1.1085  0.6923  0.1146 -0.3136 -0.3716  1.2337  1.6484
 217  0.828230  3.7265  2.8267  1.3888  2.0249  2.1322  1.4994  1.0980  0.6815  0.1034 -0.3250 -0.3831  1.2233  1.6383
 218  0.828256  3.7264  2.8220  1.3931  2.0157  2.1222  1.4889  1.0873  0.6707  0.0922 -0.3365 -0.3947  1.2127  1.6279
 219  0.828281  3.7262  2.8172  1.3973  2.0065  2.1123  1.4785  1.0766  0.6598  0.0809 -0.3481 -0.4063  1.2020  1.6176
 220  0.828305  3.7261  2.8122  1.4016  1.9976  2.1025  1.4681  1.0659  0.6488  0.0695 -0.3598 -0.4181  1.1914  1.6074
 221  0.828330  3.7259  2.8072  1.4059  1.9889  2.0929  1.4577  1.0551  0.6377  0.0578 -0.3718 -0.4302  1.1808  1.5972
 222  0.828355  3.7257  2.8023  1.4103  1.9797  2.0830  1.4472  1.0443  0.6266  0.0463 -0.3836 -0.4422  1.1700  1.5868
 223  0.828379  3.7256  2.7975  1.4146  1.9701  2.0728  1.4364  1.0335  0.6155  0.0350 -0.3953 -0.4538  1.1591  1.5762
 224  0.828404  3.7255  2.7927  1.4190  1.9603  2.0623  1.4257  1.0224  0.6044  0.0236 -0.4069 -0.4655  1.1483  1.5655
 225  0.828428  3.7254  2.7879  1.4235  1.9507  2.0520  1.4150  1.0115  0.5932  0.0120 -0.4187 -0.4773  1.1373  1.5549
 226  0.828453  3.7253  2.7830  1.4279  1.9413  2.0419  1.4043  1.0005  0.5820  0.0004 -0.4305 -0.4892  1.1265  1.5443
 227  0.828664  3.7240  2.7379  1.4676  1.8574  1.9505  1.3074  0.9010  0.4800 -0.1052 -0.5387 -0.5980  1.0276  1.4487
 228  0.828868  3.7226  2.6908  1.5096  1.7688  1.8542  1.2053  0.7962  0.3728 -0.2161 -0.6524 -0.7124  0.9235  1.3479
 229  0.829061  3.7212  2.6424  1.5526  1.6782  1.7555  1.1008  0.6889  0.2630 -0.3299 -0.7690 -0.8296  0.8170  1.2448
 230  0.829238  3.7198  2.5933  1.5957  1.5888  1.6573  0.9963  0.5815  0.1529 -0.4443 -0.8869 -0.9481  0.7103  1.1417
 231  0.829395  3.7184  2.5469  1.6369  1.5023  1.5628  0.8961  0.4788  0.0479 -0.5534 -0.9990 -1.0609  0.6083  1.0428
 232  0.829543  3.7170  2.4990  1.6792  1.4145  1.4664  0.7937  0.3737 -0.0596 -0.6654 -1.1147 -1.1769  0.5038  0.9418
 233  0.829679  3.7154  2.4509  1.7212  1.3298  1.3722  0.6925  0.2695 -0.1665 -0.7772 -1.2305 -1.2934  0.4005  0.8421
 234  0.829805  3.7139  2.4021  1.7636  1.2448  1.2771  0.5902  0.1642 -0.2748 -0.8906 -1.3480 -1.4114  0.2959  0.7414
 235  0.829921  3.7122  2.3539  1.8053  1.1629  1.1847  0.4902  0.0609 -0.3810 -1.0020 -1.4637 -1.5278  0.1935  0.6431
 236  0.830028  3.7106  2.3055  1.8473  1.0808  1.0919  0.3896 -0.0429 -0.4877 -1.1141 -1.5800 -1.6446  0.0905  0.5442
 237  0.830124  3.7090  2.2579  1.8885  1.0009  1.0011  0.2910 -0.1449 -0.5928 -1.2244 -1.6946 -1.7597 -0.0107  0.4471
 238  0.830215  3.7073  2.2098  1.9300  0.9215  0.9102  0.1916 -0.2476 -0.6986 -1.3354 -1.8099 -1.8757 -0.1126  0.3497
 239  0.830296  3.7058  2.1637  1.9700  0.8464  0.8234  0.0963 -0.3465 -0.8007 -1.4422 -1.9203 -1.9868 -0.2105  0.2562
 240  0.830373  3.7041  2.1161  2.0111  0.7701  0.7348 -0.0017 -0.4484 -0.9059 -1.5523 -2.0338 -2.1013 -0.3114  0.1601
 241  0.830443  3.7025  2.0696  2.0511  0.6970  0.6492 -0.0969 -0.5475 -1.0084 -1.6595 -2.1440 -2.2125 -0.4095  0.0669
 242  0.830505  3.7010  2.0252  2.0894  0.6280  0.5675 -0.1881 -0.6426 -1.1067 -1.7623 -2.2498 -2.3192 -0.5037 -0.0223
 243  0.830565  3.6994  1.9794  2.1288  0.5590  0.4849 -0.2812 -0.7400 -1.2076 -1.8680 -2.3585 -2.4290 -0.5998 -0.1132
 244  0.830620  3.6977  1.9340  2.1674  0.4934  0.4049 -0.3722 -0.8353 -1.3065 -1.9721 -2.4664 -2.5378 -0.6940 -0.2020
 245  0.830671  3.6960  1.8909  2.2041  0.4322  0.3296 -0.4581 -0.9254 -1.4000 -2.0709 -2.5691 -2.6414 -0.7830 -0.2857
 246  0.830717  3.6946  1.8522  2.2368  0.3781  0.2625 -0.5351 -1.0060 -1.4837 -2.1595 -2.6612 -2.7343 -0.8627 -0.3607
 247  0.830761  3.6936  1.8243  2.2609  0.3376  0.2128 -0.5914 -1.0649 -1.5447 -2.2238 -2.7281 -2.8015 -0.9210 -0.4156
 248  0.830804  3.6934  1.8194  2.2653  0.3290  0.2029 -0.6022 -1.0759 -1.5561 -2.2356 -2.7403 -2.8137 -0.9320 -0.4262
 249  0.830849  3.6928  1.7969  2.2853  0.2926  0.1599 -0.6497 -1.1251 -1.6067 -2.2885 -2.7949 -2.8685 -0.9807 -0.4728
 250  0.830891  3.6908  1.7455  2.3286  0.2251  0.0732 -0.7501 -1.2310 -1.7171 -2.4056 -2.9172 -2.9918 -1.0852 -0.5705
 251  0.830930  3.6889  1.6958  2.3705  0.1599 -0.0107 -0.8475 -1.3334 -1.8237 -2.5188 -3.0354 -3.1109 -1.1864 -0.6650
 252  0.830965  3.6870  1.6475  2.4115  0.0977 -0.0918 -0.9420 -1.4329 -1.9276 -2.6291 -3.1506 -3.2269 -1.2848 -0.7568
 253  0.830997  3.6852  1.6004  2.4513  0.0383 -0.1704 -1.0337 -1.5298 -2.0286 -2.7365 -3.2628 -3.3398 -1.3805 -0.8458
 254  0.831026  3.6835  1.5549  2.4898 -0.0176 -0.2457 -1.1222 -1.6233 -2.1263 -2.8404 -3.3714 -3.4493 -1.4728 -0.9314
 255  0.831053  3.6818  1.5100  2.5279 -0.0712 -0.3191 -1.2089 -1.7153 -2.2225 -2.9429 -3.4786 -3.5572 -1.5635 -1.0152
 256  0.831077  3.6800  1.4660  2.5646 -0.1189 -0.3881 -1.2920 -1.8039 -2.3157 -3.0427 -3.5835 -3.6627 -1.6510 -1.0954
 257  0.831100  3.6780  1.4224  2.6010 -0.1629 -0.4545 -1.3736 -1.8913 -2.4078 -3.1416 -3.6874 -3.7675 -1.7371 -1.1736
 258  0.831120  3.6763  1.3801  2.6362 -0.2035 -0.5177 -1.4521 -1.9757 -2.4969 -3.2372 -3.7877 -3.8688 -1.8202 -1.2488
 259  0.831140  3.6745  1.3380  2.6712 -0.2417 -0.5795 -1.5296 -2.0596 -2.5856 -3.3324 -3.8873 -3.9696 -1.9026 -1.3229
 260  0.831158  3.6728  1.2970  2.7052 -0.2769 -0.6386 -1.6046 -2.1409 -2.6718 -3.4250 -3.9838 -4.0672 -1.9825 -1.3944
 261  0.831174  3.6710  1.2567  2.7386 -0.3101 -0.6961 -1.6782 -2.2208 -2.7566 -3.5160 -4.0784 -4.1632 -2.0611 -1.4643
 262  0.831189  3.6694  1.2173  2.7713 -0.3408 -0.7516 -1.7495 -2.2985 -2.8393 -3.6047 -4.1708 -4.2568 -2.1374 -1.5319
 263  0.831204  3.6677  1.1789  2.8031 -0.3693 -0.8049 -1.8186 -2.3740 -2.9197 -3.6913 -4.2613 -4.3482 -2.2116 -1.5974
 264  0.831217  3.6660  1.1409  2.8345 -0.3959 -0.8570 -1.8864 -2.4482 -2.9988 -3.7768 -4.3507 -4.4388 -2.2846 -1.6616
 265  0.831229  3.6644  1.1035  2.8653 -0.4210 -0.9077 -1.9527 -2.5208 -3.0764 -3.8607 -4.4389 -4.5278 -2.3561 -1.7243
 266  0.831240  3.6628  1.0673  2.8952 -0.4436 -0.9556 -2.0162 -2.5906 -3.1511 -3.9419 -4.5244 -4.6142 -2.4247 -1.7842
 267  0.831251  3.6613  1.0315  2.9248 -0.4647 -1.0025 -2.0788 -2.6595 -3.2248 -4.0223 -4.6092 -4.6998 -2.4925 -1.8430
 268  0.831261  3.6597  0.9962  2.9537 -0.4833 -1.0471 -2.1393 -2.7266 -3.2969 -4.1010 -4.6925 -4.7840 -2.5584 -1.8998
 269  0.831271  3.6580  0.9612  2.9822 -0.4974 -1.0889 -2.1979 -2.7920 -3.3676 -4.1788 -4.7750 -4.8674 -2.6227 -1.9544
 270  0.831279  3.6564  0.9270  3.0098 -0.5090 -1.1284 -2.2544 -2.8555 -3.4363 -4.2545 -4.8555 -4.9488 -2.6849 -2.0068
 271  0.831288  3.6548  0.8929  3.0373 -0.5189 -1.1667 -2.3100 -2.9182 -3.5045 -4.3298 -4.9356 -5.0296 -2.7465 -2.0583
 272  0.831295  3.6532  0.8597  3.0641 -0.5263 -1.2029 -2.3635 -2.9789 -3.5707 -4.4030 -5.0136 -5.1087 -2.8061 -2.1076
 273  0.831303  3.6516  0.8272  3.0902 -0.5313 -1.2371 -2.4150 -3.0376 -3.6348 -4.4745 -5.0897 -5.1858 -2.8637 -2.1548
 274  0.831310  3.6500  0.7950  3.1160 -0.5346 -1.2699 -2.4654 -3.0953 -3.6982 -4.5450 -5.1652 -5.2622 -2.9204 -2.2008
 275  0.831316  3.6484  0.7637  3.1410 -0.5361 -1.3010 -2.5137 -3.1512 -3.7596 -4.6138 -5.2387 -5.3366 -2.9752 -2.2450
 276  0.831322  3.6469  0.7329  3.1656 -0.5362 -1.3307 -2.5607 -3.2056 -3.8197 -4.6810 -5.3107 -5.4095 -3.0286 -2.2876
 277  0.831328  3.6454  0.7031  3.1895 -0.5355 -1.3591 -2.6061 -3.2584 -3.8780 -4.7464 -5.3808 -5.4804 -3.0804 -2.3287
 278  0.831334  3.6440  0.6743  3.2126 -0.5340 -1.3860 -2.6495 -3.3089 -3.9339 -4.8093 -5.4482 -5.5487 -3.1301 -2.3678
 279  0.831334  3.6428  0.6499  3.2322 -0.5330 -1.4090 -2.6864 -3.3519 -3.9815 -4.8627 -5.5055 -5.6066 -3.1724 -2.4011
