NUMBER OF AGES= 1 MAGS=10
----------------------------------------------------       
MIX-LEN  Y      Z          Zeff        [Fe/H] [a/Fe]
 1.9380  0.2452 1.3168E-04 1.7223E-04  -2.00  -0.20 
----------------------------------------------------       
**PHOTOMETRIC SYSTEM**: Bessell UBV(RI)c + 2MASS JHKs + Kepler (Vega)
----------------------------------------------------       
AGE= 1.000 EEPS=271
#EEP   M    LogTeff  LogG   LogL U       B       V       R       I       J       H       Ks      Kp      D51
   3  0.115752  3.5514  5.3258 -2.6653 16.1386 14.3036 12.6117 11.6325 10.7709  9.6771  9.2097  9.0901 11.8106 13.3645
   4  0.125972  3.5624  5.2867 -2.5456 15.4421 13.8316 12.2278 11.2850 10.4726  9.4098  8.9174  8.7898 11.4721 12.9211
   5  0.140175  3.5743  5.2423 -2.4069 14.7208 13.2989 11.7894 10.8912 10.1224  9.0981  8.5840  8.4490 11.0826 12.4208
   6  0.166852  3.5872  5.1880 -2.2257 13.8985 12.6525 11.2407 10.3943  9.6635  8.6819  8.1511  8.0057 10.5851 11.8053
   7  0.209959  3.5987  5.1334 -2.0249 13.0633 11.9829 10.6548  9.8574  9.1560  8.2130  7.6737  7.5182 10.0449 11.1549
   8  0.253633  3.6071  5.0916 -1.8676 12.4575 11.4756 10.2014  9.4385  8.7574  7.8428  7.3016  7.1416  9.6229 10.6589
   9  0.297779  3.6139  5.0555 -1.7344 11.9738 11.0558  9.8210  9.0847  8.4200  7.5284  6.9880  6.8269  9.2667 10.2471
  10  0.311670  3.6159  5.0450 -1.6965 11.8368 10.9370  9.7128  8.9841  8.3240  7.4388  6.8990  6.7380  9.1654 10.1302
  11  0.319196  3.6168  5.0378 -1.6752 11.7625 10.8718  9.6529  8.9279  8.2701  7.3880  6.8485  6.6875  9.1088 10.0659
  12  0.324506  3.6175  5.0309 -1.6584 11.7056 10.8215  9.6063  8.8841  8.2279  7.3480  6.8086  6.6476  9.0646 10.0161
  13  0.327142  3.6179  5.0306 -1.6530 11.6830 10.8026  9.5897  8.8690  8.2138  7.3353  6.7962  6.6353  9.0495  9.9976
  14  0.330649  3.6183  5.0311 -1.6471 11.6601 10.7831  9.5724  8.8532  8.1990  7.3219  6.7831  6.6224  9.0335  9.9787
  15  0.334614  3.6188  5.0249 -1.6338 11.6164 10.7441  9.5359  8.8186  8.1656  7.2899  6.7512  6.5905  8.9988  9.9399
  16  0.339866  3.6195  5.0173 -1.6167 11.5583 10.6927  9.4883  8.7738  8.1224  7.2491  6.7104  6.5497  8.9536  9.8890
  17  0.342402  3.6199  5.0207 -1.6152 11.5464 10.6841  9.4818  8.7687  8.1184  7.2465  6.7084  6.5480  8.9485  9.8811
  18  0.367850  3.6235  5.0002 -1.5492 11.3057 10.4760  9.2923  8.5927  7.9509  7.0907  6.5546  6.3954  8.7710  9.6761
  19  0.424859  3.6348  4.9339 -1.3751 10.6474  9.9126  8.7835  8.1240  7.5089  6.6847  6.1575  6.0053  8.2981  9.1242
  20  0.441951  3.6395  4.9175 -1.3227 10.4233  9.7284  8.6218  7.9790  7.3754  6.5667  6.0449  5.8966  8.1512  8.9457
  21  0.457270  3.6443  4.9012 -1.2727 10.2047  9.5503  8.4662  7.8399  7.2481  6.4550  5.9390  5.7950  8.0103  8.7739
  22  0.470785  3.6491  4.8865 -1.2262  9.9977  9.3831  8.3210  7.7105  7.1301  6.3523  5.8424  5.7028  7.8789  8.6137
  23  0.482668  3.6536  4.8736 -1.1842  9.8051  9.2307  8.1894  7.5935  7.0238  6.2604  5.7565  5.6212  7.7601  8.4684
  24  0.493712  3.6582  4.8621 -1.1447  9.6166  9.0860  8.0657  7.4839  6.9243  6.1751  5.6776  5.5465  7.6485  8.3316
  25  0.504310  3.6627  4.8516 -1.1070  9.4318  8.9463  7.9474  7.3791  6.8296  6.0944  5.6036  5.4767  7.5418  8.2009
  26  0.513400  3.6668  4.8433 -1.0744  9.2688  8.8242  7.8448  7.2886  6.7481  6.0256  5.5410  5.4180  7.4494  8.0880
  27  0.521320  3.6706  4.8365 -1.0455  9.1219  8.7152  7.7543  7.2088  6.6766  5.9656  5.4870  5.3674  7.3680  7.9885
  28  0.529258  3.6746  4.8300 -1.0166  8.9724  8.6056  7.6638  7.1291  6.6051  5.9062  5.4339  5.3177  7.2865  7.8893
  29  0.538548  3.6793  4.8229 -0.9829  8.7964  8.4778  7.5592  7.0370  6.5228  5.8380  5.3734  5.2614  7.1922  7.7747
  30  0.551184  3.6858  4.8137 -0.9380  8.5619  8.3065  7.4199  6.9145  6.4139  5.7483  5.2942  5.1878  7.0667  7.6234
  31  0.568335  3.6948  4.8023 -0.8770  8.2453  8.0756  7.2344  6.7510  6.2684  5.6289  5.1898  5.0907  6.8987  7.4231
  32  0.590013  3.7065  4.7887 -0.8005  7.8554  7.7900  7.0070  6.5500  6.0898  5.4829  5.0628  4.9726  6.6921  7.1794
  33  0.615578  3.7197  4.7730 -0.7134  7.4377  7.4774  6.7576  6.3279  5.8912  5.3196  4.9206  4.8401  6.4634  6.9139
  34  0.648299  3.7360  4.7532 -0.6061  6.9625  7.1064  6.4592  6.0611  5.6527  5.1226  4.7484  4.6794  6.1883  6.5988
  35  0.704048  3.7616  4.7190 -0.4336  6.2863  6.5454  5.9966  5.6455  5.2797  4.8105  4.4721  4.4212  5.7592  6.1127
  36  0.882430  3.8276  4.6093  0.0384  4.7905  5.1387  4.7849  4.5436  4.2812  3.9600  3.7215  3.7102  4.6211  4.8519
  37  0.899078  3.8331  4.5995  0.0782  4.6798  5.0230  4.6832  4.4506  4.1968  3.8881  3.6593  3.6501  4.5248  4.7468
  38  0.919223  3.8397  4.5891  0.1246  4.5511  4.8870  4.5646  4.3429  4.0998  3.8058  3.5885  3.5822  4.4130  4.6239
  39  0.941772  3.8472  4.5789  0.1752  4.4135  4.7386  4.4345  4.2245  3.9934  3.7168  3.5135  3.5095  4.2903  4.4890
  40  0.968605  3.8561  4.5676  0.2344  4.2539  4.5642  4.2820  4.0861  3.8697  3.6138  3.4275  3.4259  4.1465  4.3313
  41  0.996311  3.8655  4.5573  0.2944  4.0949  4.3877  4.1271  3.9457  3.7445  3.5099  3.3410  3.3417  4.0005  4.1710
  42  1.021773  3.8745  4.5507  0.3481  3.9571  4.2265  3.9900  3.8243  3.6391  3.4241  3.2718  3.2756  3.8725  4.0279
  43  1.044896  3.8831  4.5472  0.3958  3.8344  4.0827  3.8681  3.7169  3.5471  3.3510  3.2147  3.2208  3.7589  3.9006
  44  1.064790  3.8910  4.5467  0.4360  3.7251  3.9636  3.7633  3.6227  3.4651  3.2880  3.1665  3.1728  3.6605  3.7921
  45  1.082747  3.8985  4.5482  0.4717  3.6308  3.8557  3.6721  3.5432  3.3985  3.2388  3.1310  3.1384  3.5760  3.6967
  46  1.100172  3.9058  4.5501  0.5059  3.5421  3.7528  3.5861  3.4691  3.3374  3.1937  3.0987  3.1075  3.4965  3.6064
  47  1.117932  3.9131  4.5518  0.5404  3.4523  3.6506  3.4999  3.3945  3.2757  3.1477  3.0650  3.0749  3.4168  3.5161
  48  1.135355  3.9202  4.5537  0.5738  3.3628  3.5525  3.4179  3.3234  3.2168  3.1039  3.0324  3.0439  3.3406  3.4305
  49  1.151289  3.9266  4.5551  0.6038  3.2845  3.4665  3.3469  3.2620  3.1660  3.0658  3.0037  3.0162  3.2746  3.3559
  50  1.165349  3.9322  4.5562  0.6302  3.2220  3.3950  3.2881  3.2121  3.1250  3.0346  2.9797  2.9922  3.2199  3.2935
  51  1.178333  3.9371  4.5569  0.6544  3.1667  3.3321  3.2370  3.1689  3.0892  3.0072  2.9580  2.9705  3.1724  3.2392
  52  1.186924  3.9405  4.5574  0.6703  3.1305  3.2918  3.2044  3.1411  3.0661  2.9893  2.9436  2.9561  3.1419  3.2045
  53  1.195654  3.9438  4.5579  0.6864  3.0936  3.2520  3.1718  3.1133  3.0428  2.9713  2.9289  2.9416  3.1115  3.1701
  54  1.204606  3.9472  4.5583  0.7027  3.0558  3.2121  3.1392  3.0852  3.0192  2.9528  2.9139  2.9267  3.0808  3.1356
  55  1.213735  3.9507  4.5587  0.7194  3.0172  3.1725  3.1064  3.0570  2.9953  2.9341  2.8981  2.9114  3.0500  3.1012
  56  1.222918  3.9541  4.5590  0.7362  2.9783  3.1335  3.0742  3.0289  2.9714  2.9154  2.8824  2.8959  3.0196  3.0673
  57  1.232040  3.9575  4.5592  0.7528  2.9392  3.0954  3.0425  3.0010  2.9477  2.8966  2.8666  2.8805  2.9895  3.0341
  58  1.240991  3.9608  4.5594  0.7690  2.9009  3.0589  3.0118  2.9739  2.9245  2.8783  2.8509  2.8653  2.9605  3.0022
  59  1.249676  3.9640  4.5595  0.7847  2.8636  3.0241  2.9825  2.9479  2.9022  2.8605  2.8357  2.8506  2.9325  2.9718
  60  1.258059  3.9671  4.5596  0.7999  2.8276  2.9911  2.9547  2.9230  2.8808  2.8435  2.8209  2.8363  2.9061  2.9429
  61  1.266199  3.9701  4.5596  0.8146  2.7928  2.9595  2.9281  2.8992  2.8601  2.8269  2.8065  2.8223  2.8807  2.9154
  62  1.274158  3.9730  4.5595  0.8289  2.7587  2.9292  2.9024  2.8761  2.8399  2.8107  2.7924  2.8087  2.8561  2.8888
  63  1.282000  3.9758  4.5594  0.8431  2.7252  2.8998  2.8774  2.8535  2.8202  2.7948  2.7784  2.7951  2.8321  2.8631
  64  1.289768  3.9786  4.5593  0.8571  2.6921  2.8711  2.8531  2.8314  2.8008  2.7791  2.7645  2.7817  2.8087  2.8380
  65  1.297510  3.9814  4.5592  0.8711  2.6591  2.8428  2.8291  2.8095  2.7815  2.7635  2.7505  2.7682  2.7856  2.8133
  66  1.304958  3.9841  4.5590  0.8845  2.6275  2.8160  2.8062  2.7887  2.7631  2.7485  2.7370  2.7552  2.7635  2.7898
  67  1.311294  3.9865  4.5587  0.8961  2.6000  2.7930  2.7866  2.7706  2.7470  2.7353  2.7251  2.7438  2.7445  2.7697
  68  1.316775  3.9885  4.5583  0.9065  2.5756  2.7727  2.7692  2.7546  2.7327  2.7236  2.7145  2.7335  2.7277  2.7519
  69  1.321846  3.9904  4.5578  0.9163  2.5524  2.7535  2.7529  2.7395  2.7191  2.7123  2.7042  2.7236  2.7117  2.7351
  70  1.327180  3.9924  4.5573  0.9265  2.5283  2.7338  2.7359  2.7238  2.7050  2.7007  2.6935  2.7134  2.6952  2.7177
  71  1.334231  3.9949  4.5570  0.9393  2.4984  2.7096  2.7152  2.7047  2.6877  2.6865  2.6804  2.7009  2.6752  2.6965
  72  1.422613  4.0243  4.5508  1.0910  2.1492  2.4368  2.4797  2.4830  2.4838  2.5161  2.5211  2.5482  2.4440  2.4569
  73  1.425276  4.0255  4.5495  1.0979  2.1335  2.4246  2.4688  2.4725  2.4740  2.5075  2.5128  2.5402  2.4332  2.4457
  74  1.427650  4.0266  4.5480  1.1044  2.1185  2.4127  2.4582  2.4623  2.4643  2.4990  2.5046  2.5322  2.4227  2.4350
  75  1.430468  4.0277  4.5466  1.1114  2.1025  2.4001  2.4469  2.4515  2.4540  2.4900  2.4959  2.5239  2.4116  2.4236
  76  1.434636  4.0293  4.5455  1.1199  2.0831  2.3851  2.4336  2.4388  2.4420  2.4796  2.4859  2.5144  2.3984  2.4102
  77  1.442176  4.0316  4.5446  1.1324  2.0549  2.3637  2.4146  2.4207  2.4251  2.4652  2.4722  2.5012  2.3797  2.3910
  78  1.558774  4.0614  4.5003  1.3293  1.6076  2.0049  2.0837  2.0988  2.1160  2.1866  2.2009  2.2377  2.0512  2.0573
  79  1.578824  4.0652  4.4862  1.3643  1.5263  1.9355  2.0173  2.0336  2.0523  2.1264  2.1417  2.1795  1.9853  1.9907
  80  1.593471  4.0675  4.4738  1.3898  1.4663  1.8828  1.9665  1.9832  2.0028  2.0794  2.0951  2.1335  1.9345  1.9398
  81  1.604884  4.0689  4.4629  1.4093  1.4194  1.8404  1.9252  1.9424  1.9625  2.0405  2.0563  2.0953  1.8934  1.8985
  82  1.610508  4.0693  4.4568  1.4189  1.3958  1.8186  1.9039  1.9211  1.9414  2.0199  2.0359  2.0750  1.8721  1.8772
  83  1.615469  4.0697  4.4507  1.4275  1.3746  1.7985  1.8840  1.9014  1.9218  2.0006  2.0166  2.0559  1.8522  1.8572
  84  1.619925  4.0698  4.4447  1.4353  1.3547  1.7795  1.8652  1.8826  1.9030  1.9820  1.9980  2.0373  1.8334  1.8384
  85  1.623991  4.0698  4.4385  1.4427  1.3359  1.7612  1.8469  1.8642  1.8848  1.9638  1.9798  2.0192  1.8152  1.8202
  86  1.627749  4.0698  4.4323  1.4496  1.3180  1.7433  1.8291  1.8464  1.8669  1.9459  1.9618  2.0013  1.7973  1.8023
  87  1.631316  4.0696  4.4259  1.4563  1.3005  1.7258  1.8114  1.8286  1.8491  1.9281  1.9438  1.9833  1.7796  1.7847
  88  1.634763  4.0694  4.4193  1.4629  1.2833  1.7082  1.7937  1.8109  1.8313  1.9100  1.9258  1.9653  1.7619  1.7670
  89  1.638135  4.0690  4.4127  1.4693  1.2663  1.6907  1.7760  1.7932  1.8134  1.8919  1.9076  1.9471  1.7442  1.7494
  90  1.641465  4.0687  4.4058  1.4756  1.2492  1.6730  1.7582  1.7751  1.7954  1.8736  1.8891  1.9286  1.7263  1.7315
  91  1.644790  4.0683  4.3988  1.4820  1.2320  1.6550  1.7399  1.7568  1.7769  1.8548  1.8701  1.9098  1.7080  1.7134
  92  1.648174  4.0679  4.3916  1.4884  1.2146  1.6368  1.7215  1.7384  1.7583  1.8358  1.8510  1.8905  1.6896  1.6951
  93  1.651633  4.0674  4.3842  1.4949  1.1970  1.6182  1.7027  1.7194  1.7392  1.8164  1.8314  1.8709  1.6708  1.6762
  94  1.655151  4.0670  4.3765  1.5015  1.1789  1.5992  1.6833  1.6999  1.7195  1.7963  1.8112  1.8507  1.6514  1.6570
  95  1.658605  4.0664  4.3689  1.5082  1.1611  1.5803  1.6640  1.6806  1.7000  1.7763  1.7911  1.8306  1.6320  1.6378
  96  1.662000  4.0659  4.3611  1.5146  1.1432  1.5612  1.6446  1.6611  1.6803  1.7561  1.7707  1.8102  1.6128  1.6185
  97  1.665359  4.0653  4.3532  1.5210  1.1254  1.5421  1.6252  1.6415  1.6606  1.7359  1.7503  1.7897  1.5932  1.5992
  98  1.668679  4.0647  4.3453  1.5275  1.1076  1.5231  1.6057  1.6218  1.6407  1.7155  1.7298  1.7691  1.5737  1.5797
  99  1.671959  4.0641  4.3371  1.5339  1.0897  1.5037  1.5860  1.6020  1.6206  1.6949  1.7090  1.7482  1.5539  1.5601
 100  1.675187  4.0634  4.3289  1.5404  1.0718  1.4842  1.5662  1.5819  1.6003  1.6740  1.6879  1.7271  1.5340  1.5403
 101  1.678402  4.0628  4.3206  1.5469  1.0537  1.4647  1.5462  1.5617  1.5800  1.6531  1.6668  1.7059  1.5141  1.5204
 102  1.681600  4.0621  4.3122  1.5533  1.0355  1.4450  1.5262  1.5416  1.5596  1.6322  1.6456  1.6847  1.4939  1.5004
 103  1.684746  4.0615  4.3039  1.5600  1.0174  1.4253  1.5062  1.5214  1.5391  1.6111  1.6243  1.6634  1.4738  1.4804
 104  1.687841  4.0609  4.2957  1.5665  0.9991  1.4058  1.4862  1.5012  1.5188  1.5903  1.6033  1.6424  1.4539  1.4605
 105  1.690885  4.0603  4.2878  1.5731  0.9809  1.3865  1.4666  1.4816  1.4989  1.5700  1.5828  1.6219  1.4343  1.4411
 106  1.693852  4.0600  4.2803  1.5798  0.9629  1.3678  1.4477  1.4626  1.4799  1.5506  1.5634  1.6024  1.4154  1.4222
 107  1.696725  4.0598  4.2738  1.5866  0.9453  1.3502  1.4301  1.4449  1.4622  1.5329  1.5454  1.5845  1.3976  1.4045
 108  1.699441  4.0601  4.2686  1.5933  0.9284  1.3342  1.4143  1.4292  1.4465  1.5174  1.5301  1.5693  1.3819  1.3887
 109  1.701963  4.0608  4.2654  1.6001  0.9127  1.3207  1.4014  1.4165  1.4342  1.5058  1.5187  1.5581  1.3692  1.3759
 110  1.704089  4.0622  4.2650  1.6065  0.8990  1.3111  1.3928  1.4083  1.4265  1.4995  1.5126  1.5524  1.3607  1.3672
 111  1.705836  4.0642  4.2673  1.6127  0.8878  1.3056  1.3886  1.4047  1.4235  1.4984  1.5121  1.5523  1.3567  1.3627
 112  1.706000  4.0645  4.2678  1.6134  0.8865  1.3052  1.3885  1.4046  1.4237  1.4990  1.5126  1.5528  1.3566  1.3627
 113  1.706167  4.0649  4.2686  1.6142  0.8854  1.3052  1.3887  1.4049  1.4240  1.4997  1.5134  1.5537  1.3567  1.3628
 114  1.706336  4.0652  4.2693  1.6149  0.8842  1.3049  1.3887  1.4050  1.4243  1.5002  1.5142  1.5545  1.3568  1.3628
 115  1.706506  4.0656  4.2699  1.6157  0.8829  1.3048  1.3887  1.4051  1.4245  1.5008  1.5148  1.5552  1.3569  1.3629
 116  1.706678  4.0661  4.2709  1.6166  0.8817  1.3047  1.3890  1.4055  1.4252  1.5018  1.5159  1.5564  1.3572  1.3631
 117  1.706852  4.0664  4.2719  1.6175  0.8804  1.3047  1.3894  1.4059  1.4257  1.5028  1.5170  1.5577  1.3575  1.3633
 118  1.707027  4.0668  4.2727  1.6184  0.8792  1.3046  1.3896  1.4063  1.4262  1.5037  1.5180  1.5588  1.3577  1.3635
 119  1.707206  4.0673  4.2739  1.6193  0.8779  1.3047  1.3900  1.4069  1.4269  1.5049  1.5194  1.5602  1.3582  1.3639
 120  1.707386  4.0679  4.2753  1.6203  0.8765  1.3050  1.3907  1.4077  1.4280  1.5065  1.5211  1.5621  1.3590  1.3645
 121  1.707565  4.0685  4.2765  1.6214  0.8751  1.3052  1.3913  1.4084  1.4289  1.5081  1.5227  1.5638  1.3596  1.3650
 122  1.707745  4.0692  4.2781  1.6226  0.8737  1.3057  1.3922  1.4095  1.4302  1.5100  1.5249  1.5661  1.3606  1.3659
 123  1.707925  4.0699  4.2797  1.6237  0.8722  1.3062  1.3930  1.4105  1.4315  1.5120  1.5269  1.5683  1.3615  1.3668
 124  1.708102  4.0707  4.2815  1.6250  0.8707  1.3067  1.3941  1.4118  1.4331  1.5142  1.5294  1.5708  1.3626  1.3678
 125  1.708279  4.0715  4.2835  1.6263  0.8692  1.3074  1.3954  1.4132  1.4349  1.5167  1.5322  1.5738  1.3639  1.3690
 126  1.708453  4.0724  4.2857  1.6278  0.8676  1.3083  1.3968  1.4149  1.4368  1.5195  1.5351  1.5769  1.3655  1.3703
 127  1.708624  4.0734  4.2881  1.6293  0.8660  1.3092  1.3984  1.4168  1.4391  1.5226  1.5385  1.5805  1.3671  1.3719
 128  1.708790  4.0744  4.2906  1.6309  0.8642  1.3104  1.4002  1.4188  1.4414  1.5259  1.5421  1.5842  1.3689  1.3735
 129  1.708949  4.0755  4.2934  1.6327  0.8622  1.3114  1.4020  1.4209  1.4440  1.5295  1.5460  1.5884  1.3709  1.3752
 130  1.709099  4.0768  4.2965  1.6348  0.8599  1.3128  1.4041  1.4233  1.4468  1.5335  1.5503  1.5929  1.3730  1.3772
 131  1.709242  4.0781  4.2998  1.6370  0.8577  1.3141  1.4063  1.4259  1.4499  1.5379  1.5550  1.5979  1.3754  1.3793
 132  1.709378  4.0796  4.3033  1.6392  0.8554  1.3157  1.4087  1.4286  1.4532  1.5424  1.5599  1.6031  1.3779  1.3816
 133  1.709499  4.0811  4.3069  1.6418  0.8526  1.3169  1.4110  1.4313  1.4564  1.5470  1.5649  1.6083  1.3803  1.3838
 134  1.709606  4.0827  4.3105  1.6445  0.8494  1.3182  1.4131  1.4339  1.4596  1.5516  1.5699  1.6136  1.3826  1.3858
 135  1.709704  4.0843  4.3143  1.6475  0.8461  1.3193  1.4153  1.4364  1.4627  1.5563  1.5749  1.6189  1.3849  1.3878
 136  1.709787  4.0860  4.3178  1.6505  0.8424  1.3200  1.4171  1.4387  1.4655  1.5606  1.5796  1.6239  1.3868  1.3894
 137  1.709856  4.0877  4.3214  1.6536  0.8384  1.3205  1.4186  1.4404  1.4679  1.5645  1.5839  1.6285  1.3884  1.3907
 138  1.709915  4.0893  4.3246  1.6570  0.8341  1.3206  1.4197  1.4420  1.4700  1.5680  1.5880  1.6329  1.3897  1.3917
 139  1.709961  4.0909  4.3276  1.6604  0.8294  1.3202  1.4203  1.4429  1.4715  1.5710  1.5912  1.6364  1.3903  1.3922
 140  1.710000  4.0924  4.3303  1.6639  0.8244  1.3193  1.4203  1.4433  1.4725  1.5733  1.5939  1.6394  1.3904  1.3921
 141  1.710032  4.0940  4.3327  1.6675  0.8191  1.3179  1.4197  1.4432  1.4729  1.5749  1.5959  1.6416  1.3900  1.3914
 142  1.710061  4.0953  4.3346  1.6712  0.8135  1.3159  1.4186  1.4424  1.4725  1.5759  1.5972  1.6432  1.3890  1.3902
 143  1.710087  4.0967  4.3363  1.6750  0.8072  1.3134  1.4168  1.4409  1.4716  1.5762  1.5978  1.6441  1.3873  1.3882
 144  1.710134  4.0978  4.3367  1.6790  0.7999  1.3090  1.4132  1.4375  1.4685  1.5741  1.5961  1.6425  1.3838  1.3846
 145  1.710232  4.0964  4.3311  1.6792  0.7959  1.3015  1.4049  1.4290  1.4595  1.5638  1.5855  1.6317  1.3754  1.3764
 146  1.710272  4.0936  4.3228  1.6760  0.7963  1.2946  1.3963  1.4197  1.4492  1.5511  1.5720  1.6178  1.3666  1.3681
 147  1.710316  4.0901  4.3090  1.6756  0.7880  1.2774  1.3770  1.3995  1.4278  1.5266  1.5466  1.5918  1.3470  1.3490
 148  1.710340  4.0878  4.2967  1.6787  0.7742  1.2578  1.3560  1.3779  1.4054  1.5023  1.5217  1.5665  1.3258  1.3283
 149  1.710351  4.0863  4.2872  1.6824  0.7610  1.2410  1.3384  1.3600  1.3870  1.4826  1.5016  1.5463  1.3082  1.3108
 150  1.710360  4.0851  4.2787  1.6863  0.7482  1.2255  1.3221  1.3435  1.3702  1.4648  1.4835  1.5280  1.2919  1.2947
 151  1.710373  4.0841  4.2707  1.6902  0.7356  1.2103  1.3064  1.3275  1.3538  1.4475  1.4659  1.5103  1.2761  1.2790
 152  1.710392  4.0830  4.2624  1.6941  0.7229  1.1950  1.2905  1.3113  1.3373  1.4300  1.4481  1.4924  1.2600  1.2632
 153  1.710423  4.0818  4.2539  1.6978  0.7102  1.1794  1.2741  1.2946  1.3202  1.4119  1.4296  1.4738  1.2436  1.2469
 154  1.710470  4.0804  4.2448  1.7015  0.6975  1.1632  1.2572  1.2774  1.3025  1.3931  1.4104  1.4544  1.2266  1.2301
 155  1.710533  4.0790  4.2355  1.7050  0.6848  1.1469  1.2401  1.2600  1.2846  1.3739  1.3909  1.4345  1.2094  1.2132
 156  1.710619  4.0775  4.2261  1.7084  0.6726  1.1310  1.2232  1.2428  1.2667  1.3547  1.3713  1.4148  1.1923  1.1964
 157  1.710725  4.0760  4.2170  1.7115  0.6609  1.1154  1.2068  1.2260  1.2494  1.3361  1.3522  1.3955  1.1758  1.1801
 158  1.710854  4.0744  4.2082  1.7142  0.6501  1.1008  1.1912  1.2101  1.2331  1.3184  1.3341  1.3772  1.1602  1.1648
 159  1.711002  4.0730  4.2000  1.7167  0.6403  1.0873  1.1770  1.1955  1.2179  1.3020  1.3173  1.3601  1.1459  1.1506
 160  1.711165  4.0717  4.1926  1.7190  0.6315  1.0752  1.1640  1.1822  1.2041  1.2870  1.3020  1.3446  1.1328  1.1377
 161  1.711338  4.0705  4.1857  1.7209  0.6235  1.0639  1.1520  1.1699  1.1914  1.2732  1.2877  1.3303  1.1207  1.1259
 162  1.711704  4.0685  4.1743  1.7242  0.6102  1.0453  1.1322  1.1496  1.1704  1.2502  1.2643  1.3064  1.1008  1.1061
 163  1.712087  4.0664  4.1633  1.7274  0.5975  1.0274  1.1131  1.1301  1.1501  1.2282  1.2416  1.2835  1.0816  1.0873
 164  1.712487  4.0645  4.1527  1.7305  0.5856  1.0104  1.0949  1.1113  1.1307  1.2070  1.2201  1.2615  1.0631  1.0692
 165  1.712895  4.0627  4.1424  1.7333  0.5738  0.9937  1.0770  1.0931  1.1118  1.1864  1.1988  1.2400  1.0452  1.0516
 166  1.713305  4.0608  4.1322  1.7362  0.5623  0.9772  1.0594  1.0750  1.0930  1.1658  1.1778  1.2187  1.0274  1.0341
 167  1.713717  4.0590  4.1218  1.7390  0.5510  0.9607  1.0419  1.0569  1.0742  1.1453  1.1567  1.1973  1.0096  1.0166
 168  1.714127  4.0570  4.1114  1.7419  0.5396  0.9442  1.0241  1.0388  1.0553  1.1246  1.1354  1.1757  0.9918  0.9991
 169  1.714533  4.0550  4.1008  1.7447  0.5282  0.9274  1.0061  1.0202  1.0361  1.1034  1.1137  1.1536  0.9736  0.9812
 170  1.714937  4.0529  4.0900  1.7474  0.5167  0.9104  0.9878  1.0014  1.0165  1.0819  1.0916  1.1311  0.9552  0.9631
 171  1.715335  4.0508  4.0788  1.7503  0.5053  0.8931  0.9692  0.9823  0.9966  1.0599  1.0690  1.1081  0.9364  0.9446
 172  1.715727  4.0486  4.0672  1.7529  0.4938  0.8755  0.9501  0.9626  0.9761  1.0372  1.0457  1.0844  0.9171  0.9257
 173  1.716114  4.0462  4.0554  1.7557  0.4822  0.8575  0.9306  0.9427  0.9551  1.0140  1.0217  1.0601  0.8975  0.9065
 174  1.716494  4.0438  4.0430  1.7584  0.4706  0.8392  0.9107  0.9220  0.9336  0.9901  0.9972  1.0351  0.8773  0.8868
 175  1.716867  4.0413  4.0304  1.7611  0.4589  0.8205  0.8904  0.9010  0.9116  0.9656  0.9719  1.0093  0.8568  0.8666
 176  1.717232  4.0388  4.0173  1.7637  0.4472  0.8014  0.8696  0.8795  0.8890  0.9404  0.9459  0.9828  0.8357  0.8460
 177  1.717589  4.0360  4.0038  1.7663  0.4355  0.7819  0.8483  0.8576  0.8658  0.9144  0.9191  0.9555  0.8143  0.8251
 178  1.717937  4.0331  3.9900  1.7689  0.4238  0.7622  0.8267  0.8352  0.8422  0.8879  0.8917  0.9275  0.7924  0.8037
 179  1.718276  4.0302  3.9757  1.7714  0.4124  0.7423  0.8047  0.8124  0.8180  0.8607  0.8635  0.8987  0.7701  0.7820
 180  1.718607  4.0271  3.9609  1.7739  0.4010  0.7220  0.7824  0.7892  0.7934  0.8329  0.8347  0.8692  0.7475  0.7599
 181  1.718927  4.0239  3.9459  1.7763  0.3898  0.7016  0.7597  0.7656  0.7685  0.8044  0.8053  0.8391  0.7245  0.7376
 182  1.719215  4.0209  3.9317  1.7785  0.3796  0.6826  0.7386  0.7435  0.7450  0.7778  0.7775  0.8107  0.7030  0.7167
 183  1.719500  4.0177  3.9170  1.7807  0.3694  0.6631  0.7169  0.7207  0.7208  0.7501  0.7488  0.7813  0.6808  0.6952
 184  1.719784  4.0144  3.9015  1.7828  0.3591  0.6431  0.6944  0.6972  0.6956  0.7213  0.7188  0.7505  0.6579  0.6730
 185  1.720064  4.0109  3.8853  1.7850  0.3488  0.6225  0.6712  0.6729  0.6694  0.6912  0.6876  0.7185  0.6343  0.6503
 186  1.720342  4.0072  3.8684  1.7871  0.3388  0.6016  0.6473  0.6477  0.6424  0.6600  0.6551  0.6850  0.6099  0.6267
 187  1.720616  4.0033  3.8508  1.7892  0.3289  0.5801  0.6227  0.6218  0.6145  0.6276  0.6212  0.6503  0.5850  0.6026
 188  1.720888  3.9991  3.8324  1.7913  0.3192  0.5583  0.5976  0.5952  0.5857  0.5939  0.5860  0.6141  0.5593  0.5779
 189  1.721155  3.9948  3.8132  1.7934  0.3096  0.5362  0.5720  0.5678  0.5559  0.5590  0.5494  0.5764  0.5329  0.5527
 190  1.721419  3.9903  3.7932  1.7954  0.3004  0.5139  0.5459  0.5399  0.5251  0.5228  0.5113  0.5373  0.5061  0.5271
 191  1.721679  3.9855  3.7723  1.7973  0.2918  0.4917  0.5195  0.5114  0.4936  0.4856  0.4719  0.4968  0.4787  0.5014
 192  1.721934  3.9806  3.7506  1.7992  0.2840  0.4697  0.4928  0.4825  0.4614  0.4471  0.4310  0.4549  0.4511  0.4754
 193  1.722186  3.9755  3.7282  1.8010  0.2774  0.4482  0.4662  0.4533  0.4286  0.4075  0.3889  0.4116  0.4233  0.4495
 194  1.722431  3.9701  3.7050  1.8027  0.2720  0.4274  0.4396  0.4240  0.3952  0.3669  0.3455  0.3670  0.3957  0.4237
 195  1.722672  3.9644  3.6810  1.8044  0.2677  0.4076  0.4135  0.3947  0.3615  0.3255  0.3007  0.3210  0.3682  0.3986
 196  1.722907  3.9586  3.6563  1.8059  0.2641  0.3890  0.3883  0.3657  0.3276  0.2831  0.2548  0.2737  0.3413  0.3745
 197  1.723137  3.9525  3.6307  1.8073  0.2613  0.3720  0.3642  0.3373  0.2934  0.2400  0.2076  0.2252  0.3151  0.3517
 198  1.723361  3.9463  3.6046  1.8085  0.2589  0.3567  0.3414  0.3096  0.2591  0.1963  0.1590  0.1754  0.2899  0.3306
 199  1.723579  3.9400  3.5777  1.8097  0.2576  0.3439  0.3202  0.2827  0.2249  0.1520  0.1093  0.1245  0.2659  0.3112
 200  1.723791  3.9333  3.5503  1.8108  0.2574  0.3338  0.3009  0.2569  0.1909  0.1073  0.0584  0.0723  0.2434  0.2940
 201  1.723997  3.9265  3.5223  1.8117  0.2587  0.3273  0.2838  0.2324  0.1575  0.0624  0.0065  0.0192  0.2226  0.2794
 202  1.724197  3.9196  3.4937  1.8125  0.2665  0.3330  0.2710  0.2096  0.1246  0.0166 -0.0469 -0.0351  0.2053  0.2702
 203  1.724390  3.9124  3.4646  1.8131  0.2779  0.3486  0.2612  0.1873  0.0916 -0.0303 -0.1022 -0.0910  0.1905  0.2652
 204  1.724577  3.9052  3.4351  1.8135  0.2878  0.3654  0.2536  0.1667  0.0595 -0.0768 -0.1581 -0.1474  0.1773  0.2626
 205  1.724759  3.8977  3.4052  1.8139  0.2982  0.3814  0.2494  0.1502  0.0305 -0.1212 -0.2133 -0.2038  0.1671  0.2632
 206  1.724934  3.8902  3.3748  1.8141  0.3099  0.3982  0.2482  0.1366  0.0040 -0.1643 -0.2685 -0.2603  0.1593  0.2665
 207  1.725103  3.8825  3.3443  1.8141  0.3227  0.4178  0.2492  0.1248 -0.0213 -0.2069 -0.3240 -0.3173  0.1533  0.2721
 208  1.725266  3.8748  3.3134  1.8139  0.3363  0.4396  0.2520  0.1145 -0.0453 -0.2485 -0.3795 -0.3744  0.1488  0.2796
 209  1.725423  3.8669  3.2823  1.8136  0.3508  0.4636  0.2568  0.1057 -0.0680 -0.2897 -0.4351 -0.4317  0.1458  0.2891
 210  1.725574  3.8589  3.2509  1.8132  0.3666  0.4901  0.2632  0.0982 -0.0899 -0.3307 -0.4916 -0.4900  0.1442  0.3006
 211  1.725718  3.8509  3.2193  1.8126  0.3834  0.5181  0.2711  0.0921 -0.1105 -0.3709 -0.5478 -0.5481  0.1437  0.3136
 212  1.725856  3.8427  3.1872  1.8119  0.4016  0.5478  0.2801  0.0869 -0.1301 -0.4107 -0.6043 -0.6067  0.1442  0.3280
 213  1.725992  3.8344  3.1552  1.8111  0.4219  0.5757  0.2904  0.0843 -0.1466 -0.4480 -0.6587 -0.6631  0.1463  0.3431
 214  1.726129  3.8263  3.1235  1.8100  0.4452  0.6037  0.3018  0.0834 -0.1609 -0.4836 -0.7113 -0.7178  0.1496  0.3590
 215  1.726270  3.8182  3.0925  1.8087  0.4700  0.6369  0.3143  0.0818 -0.1765 -0.5195 -0.7645 -0.7729  0.1531  0.3769
 216  1.726420  3.8104  3.0632  1.8070  0.4967  0.6715  0.3281  0.0817 -0.1901 -0.5529 -0.8149 -0.8255  0.1580  0.3962
 217  1.726448  3.8089  3.0579  1.8066  0.5014  0.6796  0.3306  0.0812 -0.1933 -0.5595 -0.8246 -0.8359  0.1587  0.4000
 218  1.726477  3.8075  3.0526  1.8061  0.5060  0.6877  0.3332  0.0808 -0.1965 -0.5661 -0.8342 -0.8462  0.1595  0.4039
 219  1.726506  3.8061  3.0474  1.8057  0.5108  0.6958  0.3358  0.0803 -0.1997 -0.5725 -0.8437 -0.8564  0.1602  0.4079
 220  1.726535  3.8047  3.0423  1.8053  0.5158  0.7038  0.3385  0.0801 -0.2025 -0.5787 -0.8529 -0.8663  0.1612  0.4118
 221  1.726563  3.8033  3.0371  1.8048  0.5211  0.7111  0.3414  0.0802 -0.2049 -0.5845 -0.8616 -0.8756  0.1622  0.4157
 222  1.726592  3.8020  3.0321  1.8044  0.5267  0.7179  0.3442  0.0806 -0.2069 -0.5899 -0.8699 -0.8844  0.1635  0.4196
 223  1.726621  3.8006  3.0271  1.8039  0.5325  0.7245  0.3471  0.0811 -0.2086 -0.5951 -0.8780 -0.8930  0.1648  0.4235
 224  1.726650  3.7993  3.0223  1.8034  0.5385  0.7310  0.3501  0.0818 -0.2102 -0.6001 -0.8858 -0.9013  0.1663  0.4273
 225  1.726680  3.7980  3.0175  1.8029  0.5445  0.7374  0.3530  0.0826 -0.2116 -0.6049 -0.8935 -0.9094  0.1678  0.4312
 226  1.726709  3.7967  3.0128  1.8024  0.5504  0.7440  0.3561  0.0834 -0.2130 -0.6097 -0.9011 -0.9175  0.1693  0.4352
 227  1.726934  3.7872  2.9794  1.7977  0.5978  0.7953  0.3802  0.0907 -0.2217 -0.6432 -0.9553 -0.9753  0.1823  0.4663
 228  1.727162  3.7793  2.9545  1.7917  0.6459  0.8440  0.4062  0.1033 -0.2223 -0.6644 -0.9933 -1.0165  0.1991  0.4983
 229  1.727438  3.7714  2.9326  1.7817  0.7080  0.9042  0.4426  0.1259 -0.2128 -0.6756 -1.0215 -1.0482  0.2259  0.5408
 230  1.727652  3.7659  2.9199  1.7724  0.7593  0.9532  0.4740  0.1475 -0.2004 -0.6775 -1.0352 -1.0647  0.2506  0.5766
 231  1.727993  3.7581  2.9021  1.7591  0.8407  1.0270  0.5187  0.1770 -0.1847 -0.6809 -1.0523 -1.0875  0.2850  0.6285
 232  1.728261  3.7531  2.8879  1.7533  0.8894  1.0677  0.5403  0.1888 -0.1817 -0.6900 -1.0696 -1.1088  0.2998  0.6547
 233  1.728590  3.7481  2.8708  1.7505  0.9318  1.1008  0.5557  0.1951 -0.1840 -0.7054 -1.0949 -1.1371  0.3087  0.6746
 234  1.728854  3.7451  2.8546  1.7551  0.9423  1.1048  0.5491  0.1832 -0.2008 -0.7300 -1.1251 -1.1692  0.2983  0.6704
 235  1.729184  3.7422  2.8339  1.7642  0.9430  1.0977  0.5313  0.1601 -0.2287 -0.7657 -1.1667 -1.2126  0.2767  0.6552
 236  1.729543  3.7401  2.8105  1.7792  0.9232  1.0715  0.4973  0.1224 -0.2699 -0.8128 -1.2180 -1.2652  0.2401  0.6231
 237  1.729844  3.7388  2.7916  1.7927  0.9015  1.0451  0.4662  0.0888 -0.3058 -0.8526 -1.2608 -1.3087  0.2071  0.5930
 238  1.730193  3.7374  2.7703  1.8084  0.8742  1.0128  0.4290  0.0494 -0.3475 -0.8982 -1.3097 -1.3581  0.1684  0.5571
 239  1.730593  3.7359  2.7462  1.8271  0.8404  0.9738  0.3850  0.0029 -0.3962 -0.9511 -1.3657 -1.4147  0.1226  0.5143
 240  1.731020  3.7346  2.7213  1.8467  0.8037  0.9318  0.3384 -0.0461 -0.4475 -1.0061 -1.4238 -1.4734  0.0742  0.4688
 241  1.731307  3.7338  2.7040  1.8608  0.7767  0.9012  0.3048 -0.0810 -0.4838 -1.0448 -1.4644 -1.5143  0.0396  0.4360
 242  1.731765  3.7326  2.6774  1.8825  0.7346  0.8538  0.2527 -0.1352 -0.5401 -1.1048 -1.5271 -1.5776 -0.0140  0.3850
 243  1.732132  3.7316  2.6560  1.9003  0.6999  0.8148  0.2102 -0.1796 -0.5861 -1.1533 -1.5777 -1.6287 -0.0579  0.3433
 244  1.732476  3.7307  2.6360  1.9170  0.6670  0.7779  0.1698 -0.2216 -0.6295 -1.1991 -1.6251 -1.6766 -0.0994  0.3037
 245  1.732894  3.7297  2.6118  1.9373  0.6271  0.7333  0.1210 -0.2723 -0.6821 -1.2543 -1.6822 -1.7343 -0.1497  0.2559
 246  1.733283  3.7288  2.5894  1.9563  0.5898  0.6915  0.0753 -0.3199 -0.7313 -1.3058 -1.7352 -1.7879 -0.1967  0.2110
 247  1.733628  3.7281  2.5695  1.9732  0.5564  0.6541  0.0345 -0.3623 -0.7751 -1.3516 -1.7823 -1.8355 -0.2386  0.1711
 248  1.733998  3.7272  2.5481  1.9914  0.5203  0.6138 -0.0095 -0.4081 -0.8223 -1.4011 -1.8331 -1.8869 -0.2839  0.1279
 249  1.734376  3.7264  2.5265  2.0098  0.4838  0.5729 -0.0541 -0.4543 -0.8702 -1.4510 -1.8844 -1.9387 -0.3297  0.0841
 250  1.734748  3.7256  2.5050  2.0282  0.4474  0.5323 -0.0985 -0.5004 -0.9178 -1.5007 -1.9354 -1.9903 -0.3753  0.0405
 251  1.735094  3.7249  2.4848  2.0455  0.4135  0.4943 -0.1401 -0.5436 -0.9624 -1.5473 -1.9834 -2.0387 -0.4181 -0.0002
 252  1.735430  3.7241  2.4651  2.0622  0.3811  0.4576 -0.1804 -0.5855 -1.0058 -1.5927 -2.0301 -2.0860 -0.4595 -0.0397
 253  1.735784  3.7233  2.4441  2.0801  0.3460  0.4182 -0.2233 -0.6301 -1.0517 -1.6410 -2.0802 -2.1365 -0.5037 -0.0818
 254  1.736127  3.7225  2.4237  2.0973  0.3121  0.3800 -0.2650 -0.6733 -1.0964 -1.6879 -2.1288 -2.1855 -0.5464 -0.1227
 255  1.736449  3.7218  2.4045  2.1137  0.2802  0.3440 -0.3041 -0.7140 -1.1383 -1.7321 -2.1747 -2.2318 -0.5866 -0.1612
 256  1.736754  3.7211  2.3861  2.1292  0.2499  0.3098 -0.3414 -0.7527 -1.1783 -1.7742 -2.2184 -2.2758 -0.6251 -0.1978
 257  1.737092  3.7203  2.3657  2.1466  0.2160  0.2716 -0.3831 -0.7958 -1.2228 -1.8211 -2.2673 -2.3249 -0.6678 -0.2386
 258  1.737408  3.7195  2.3465  2.1630  0.1842  0.2356 -0.4223 -0.8364 -1.2648 -1.8654 -2.3132 -2.3713 -0.7080 -0.2772
 259  1.737700  3.7189  2.3285  2.1782  0.1546  0.2020 -0.4590 -0.8745 -1.3041 -1.9067 -2.3563 -2.4146 -0.7457 -0.3132
 260  1.737983  3.7182  2.3110  2.1933  0.1256  0.1691 -0.4948 -0.9116 -1.3424 -1.9472 -2.3983 -2.4569 -0.7825 -0.3483
 261  1.738284  3.7175  2.2920  2.2093  0.0947  0.1340 -0.5332 -0.9515 -1.3835 -1.9905 -2.4435 -2.5025 -0.8219 -0.3860
 262  1.738569  3.7168  2.2740  2.2246  0.0652  0.1004 -0.5701 -0.9896 -1.4229 -2.0321 -2.4868 -2.5461 -0.8598 -0.4221
 263  1.738845  3.7161  2.2565  2.2397  0.0363  0.0674 -0.6059 -1.0268 -1.4614 -2.0726 -2.5290 -2.5884 -0.8967 -0.4573
 264  1.739121  3.7154  2.2385  2.2549  0.0073  0.0343 -0.6422 -1.0645 -1.5002 -2.1136 -2.5717 -2.6315 -0.9339 -0.4929
 265  1.739397  3.7148  2.2206  2.2701 -0.0217  0.0010 -0.6787 -1.1023 -1.5393 -2.1548 -2.6146 -2.6745 -0.9714 -0.5287
 266  1.739660  3.7141  2.2035  2.2848 -0.0498 -0.0311 -0.7138 -1.1388 -1.5769 -2.1945 -2.6561 -2.7162 -1.0075 -0.5632
 267  1.739926  3.7134  2.1858  2.2998 -0.0782 -0.0638 -0.7497 -1.1759 -1.6153 -2.2350 -2.6983 -2.7587 -1.0444 -0.5984
 268  1.740185  3.7128  2.1684  2.3147 -0.1062 -0.0959 -0.7850 -1.2125 -1.6532 -2.2750 -2.7400 -2.8007 -1.0807 -0.6330
 269  1.740423  3.7122  2.1523  2.3285 -0.1321 -0.1257 -0.8178 -1.2466 -1.6884 -2.3121 -2.7787 -2.8395 -1.1144 -0.6651
 270  1.740657  3.7116  2.1362  2.3421 -0.1578 -0.1555 -0.8505 -1.2805 -1.7235 -2.3492 -2.8173 -2.8784 -1.1480 -0.6973
 271  1.740895  3.7110  2.1197  2.3563 -0.1842 -0.1861 -0.8842 -1.3156 -1.7597 -2.3873 -2.8571 -2.9184 -1.1827 -0.7303
 272  1.741142  3.7103  2.1020  2.3714 -0.2120 -0.2183 -0.9199 -1.3526 -1.7981 -2.4279 -2.8994 -2.9609 -1.2194 -0.7653
 273  1.741297  3.7095  2.0823  2.3877 -0.2407 -0.2525 -0.9584 -1.3931 -1.8401 -2.4724 -2.9460 -3.0079 -1.2593 -0.8029
