NUMBER OF AGES= 1 MAGS=10
----------------------------------------------------       
MIX-LEN  Y      Z          Zeff        [Fe/H] [a/Fe]
 1.9380  0.2452 1.3168E-04 1.7223E-04  -2.00  -0.20 
----------------------------------------------------       
**PHOTOMETRIC SYSTEM**: Bessell UBV(RI)c + 2MASS JHKs + Kepler (Vega)
----------------------------------------------------       
AGE=10.000 EEPS=267
#EEP   M    LogTeff  LogG   LogL U       B       V       R       I       J       H       Ks      Kp      D51
  13  0.113901  3.5500  5.3302 -2.6824 16.2381 14.3687 12.6654 11.6818 10.8131  9.7157  9.2517  9.1336 11.8583 13.4260
  14  0.125434  3.5626  5.2852 -2.5450 15.4327 13.8267 12.2246 11.2828 10.4711  9.4091  8.9161  8.7883 11.4700 12.9167
  15  0.138677  3.5741  5.2413 -2.4118 14.7405 13.3151 11.8036 10.9044 10.1347  9.1094  8.5955  8.4606 11.0956 12.4362
  16  0.152892  3.5825  5.2034 -2.2979 14.2115 12.9025 11.4558 10.5903  9.8464  8.8491  8.3231  8.1815 10.7817 12.0449
  17  0.166851  3.5881  5.1732 -2.2074 13.8257 12.5934 11.1889 10.3466  9.6180  8.6391  8.1065  7.9597 10.5371 11.7479
  18  0.179736  3.5920  5.1488 -2.1347 13.5273 12.3526 10.9780 10.1528  9.4346  8.4689  7.9323  7.7817 10.3422 11.5144
  19  0.192025  3.5953  5.1276 -2.0715 13.2718 12.1467 10.7963  9.9852  9.2753  8.3206  7.7812  7.6274 10.1736 11.3134
  20  0.204449  3.5984  5.1078 -2.0122 13.0342 11.9541 10.6255  9.8278  9.1255  8.1811  7.6395  7.4831 10.0150 11.1250
  21  0.217549  3.6013  5.0889 -1.9549 12.8105 11.7703 10.4614  9.6760  8.9808  8.0461  7.5032  7.3446  9.8623 10.9449
  22  0.232244  3.6042  5.0704 -1.8963 12.5913 11.5847 10.2945  9.5211  8.8328  7.9078  7.3641  7.2038  9.7062 10.7631
  23  0.250490  3.6075  5.0502 -1.8303 12.3499 11.3766 10.1063  9.3460  8.6657  7.7516  7.2075  7.0460  9.5300 10.5590
  24  0.283272  3.6127  5.0182 -1.7239 11.9688 11.0437  9.8036  9.0638  8.3962  7.4997  6.9562  6.7937  9.2459 10.2323
  25  0.302656  3.6155  5.0068 -1.6727 11.7805 10.8810  9.6561  8.9271  8.2660  7.3789  6.8365  6.6743  9.1081 10.0725
  26  0.310844  3.6166  5.0037 -1.6537 11.7099 10.8201  9.6011  8.8762  8.2178  7.3343  6.7926  6.6306  9.0569 10.0128
  27  0.316100  3.6172  5.0015 -1.6415 11.6645 10.7810  9.5656  8.8434  8.1866  7.3054  6.7640  6.6022  9.0238  9.9743
  28  0.319600  3.6177  4.9994 -1.6326 11.6320 10.7529  9.5402  8.8197  8.1641  7.2846  6.7434  6.5817  8.9999  9.9467
  29  0.322147  3.6181  4.9973 -1.6254 11.6059 10.7303  9.5196  8.8006  8.1460  7.2677  6.7268  6.5652  8.9807  9.9245
  30  0.324467  3.6185  4.9951 -1.6187 11.5813 10.7090  9.5002  8.7827  8.1289  7.2519  6.7111  6.5496  8.9627  9.9034
  31  0.327161  3.6189  4.9928 -1.6113 11.5539 10.6853  9.4787  8.7627  8.1098  7.2342  6.6936  6.5322  8.9425  9.8801
  32  0.330871  3.6194  4.9901 -1.6017 11.5195 10.6554  9.4513  8.7373  8.0856  7.2116  6.6713  6.5101  8.9169  9.8506
  33  0.336456  3.6201  4.9866 -1.5882 11.4719 10.6138  9.4133  8.7017  8.0517  7.1798  6.6399  6.4789  8.8810  9.8097
  34  0.345254  3.6211  4.9813 -1.5676 11.3990 10.5500  9.3547  8.6469  7.9993  7.1309  6.5915  6.4310  8.8259  9.7467
  35  0.363215  3.6235  4.9680 -1.5225 11.2353 10.4080  9.2252  8.5265  7.8848  7.0244  6.4867  6.3271  8.7046  9.6070
  36  0.386030  3.6277  4.9470 -1.4582 10.9916 10.1993  9.0370  8.3532  7.7214  6.8743  6.3396  6.1824  8.5298  9.4026
  37  0.402515  3.6314  4.9292 -1.4075 10.7942 10.0319  8.8868  8.2160  7.5927  6.7572  6.2258  6.0710  8.3911  9.2390
  38  0.419721  3.6357  4.9094 -1.3523 10.5710  9.8448  8.7203  8.0647  7.4519  6.6304  6.1032  5.9519  8.2382  9.0567
  39  0.439343  3.6415  4.8865 -1.2863 10.2911  9.6145  8.5178  7.8826  7.2841  6.4816  5.9610  5.8146  8.0539  8.8339
  40  0.454415  3.6466  4.8686 -1.2334 10.0601  9.4265  8.3536  7.7356  7.1496  6.3635  5.8493  5.7076  7.9049  8.6529
  41  0.465560  3.6509  4.8550 -1.1920  9.8745  9.2777  8.2244  7.6205  7.0447  6.2724  5.7637  5.6261  7.7881  8.5106
  42  0.475387  3.6551  4.8431 -1.1543  9.6983  9.1400  8.1061  7.5155  6.9493  6.1902  5.6872  5.5536  7.6813  8.3797
  43  0.484487  3.6592  4.8323 -1.1186  9.5259  9.0085  7.9939  7.4162  6.8594  6.1132  5.6163  5.4866  7.5802  8.2558
  44  0.493414  3.6635  4.8219 -1.0833  9.3524  8.8776  7.8833  7.3183  6.7709  6.0380  5.5474  5.4216  7.4804  8.1337
  45  0.502190  3.6679  4.8122 -1.0485  9.1794  8.7479  7.7745  7.2220  6.6842  5.9645  5.4805  5.3588  7.3823  8.0142
  46  0.510700  3.6723  4.8032 -1.0143  9.0063  8.6196  7.6678  7.1278  6.5995  5.8934  5.4164  5.2987  7.2860  7.8974
  47  0.519123  3.6771  4.7947 -0.9798  8.8288  8.4899  7.5609  7.0335  6.5149  5.8229  5.3535  5.2399  7.1895  7.7804
  48  0.527877  3.6822  4.7862 -0.9438  8.6408  8.3533  7.4492  6.9350  6.4269  5.7502  5.2891  5.1798  7.0888  7.6586
  49  0.537105  3.6876  4.7775 -0.9055  8.4420  8.2077  7.3314  6.8313  6.3347  5.6742  5.2223  5.1177  6.9824  7.5310
  50  0.546836  3.6935  4.7684 -0.8653  8.2349  8.0563  7.2094  6.7233  6.2383  5.5947  5.1525  5.0526  6.8717  7.3996
  51  0.556835  3.6994  4.7588 -0.8238  8.0266  7.9034  7.0867  6.6142  6.1406  5.5138  5.0816  4.9862  6.7597  7.2680
  52  0.561957  3.7026  4.7539 -0.8025  7.9206  7.8249  7.0238  6.5585  6.0910  5.4728  5.0456  4.9526  6.7023  7.2008
  53  0.567066  3.7057  4.7491 -0.7812  7.8157  7.7469  6.9613  6.5030  6.0416  5.4320  5.0099  4.9193  6.6454  7.1342
  54  0.572150  3.7088  4.7443 -0.7601  7.7124  7.6697  6.8996  6.4482  5.9926  5.3916  4.9745  4.8863  6.5890  7.0684
  55  0.577214  3.7119  4.7395 -0.7389  7.6109  7.5939  6.8388  6.3940  5.9441  5.3515  4.9395  4.8535  6.5331  7.0038
  56  0.582249  3.7150  4.7346 -0.7179  7.5118  7.5193  6.7790  6.3405  5.8959  5.3116  4.9046  4.8209  6.4781  6.9403
  57  0.587246  3.7181  4.7296 -0.6970  7.4152  7.4460  6.7202  6.2878  5.8485  5.2722  4.8701  4.7886  6.4238  6.8779
  58  0.592203  3.7211  4.7247 -0.6763  7.3214  7.3740  6.6623  6.2357  5.8017  5.2333  4.8358  4.7564  6.3704  6.8166
  59  0.597118  3.7240  4.7196 -0.6558  7.2304  7.3035  6.6053  6.1845  5.7556  5.1947  4.8018  4.7245  6.3176  6.7564
  60  0.601982  3.7269  4.7144 -0.6355  7.1418  7.2343  6.5492  6.1341  5.7102  5.1567  4.7684  4.6932  6.2657  6.6973
  61  0.606799  3.7298  4.7093 -0.6155  7.0556  7.1662  6.4939  6.0842  5.6653  5.1192  4.7352  4.6621  6.2145  6.6392
  62  0.611552  3.7327  4.7041 -0.5957  6.9719  7.0993  6.4395  6.0352  5.6211  5.0822  4.7024  4.6313  6.1640  6.5820
  63  0.616247  3.7355  4.6988 -0.5760  6.8911  7.0339  6.3858  5.9869  5.5775  5.0454  4.6696  4.6005  6.1141  6.5256
  64  0.620871  3.7382  4.6935 -0.5567  6.8127  6.9700  6.3331  5.9393  5.5347  5.0092  4.6373  4.5700  6.0652  6.4702
  65  0.625425  3.7408  4.6881 -0.5376  6.7369  6.9074  6.2814  5.8927  5.4925  4.9735  4.6053  4.5399  6.0172  6.4160
  66  0.629901  3.7434  4.6828 -0.5188  6.6631  6.8465  6.2309  5.8469  5.4510  4.9382  4.5738  4.5103  5.9701  6.3630
  67  0.634304  3.7459  4.6774 -0.5002  6.5915  6.7870  6.1813  5.8019  5.4102  4.9035  4.5427  4.4810  5.9238  6.3111
  68  0.638628  3.7484  4.6720 -0.4820  6.5221  6.7290  6.1328  5.7578  5.3701  4.8694  4.5121  4.4521  5.8784  6.2602
  69  0.642875  3.7508  4.6667 -0.4641  6.4550  6.6723  6.0851  5.7145  5.3307  4.8357  4.4818  4.4236  5.8339  6.2105
  70  0.647047  3.7532  4.6613 -0.4465  6.3901  6.6170  6.0385  5.6719  5.2919  4.8024  4.4519  4.3953  5.7901  6.1618
  71  0.651140  3.7555  4.6559 -0.4292  6.3266  6.5627  5.9927  5.6302  5.2540  4.7699  4.4226  4.3676  5.7472  6.1140
  72  0.655156  3.7577  4.6505 -0.4121  6.2644  6.5092  5.9477  5.5895  5.2172  4.7382  4.3937  4.3404  5.7053  6.0669
  73  0.659086  3.7599  4.6451 -0.3954  6.2036  6.4567  5.9036  5.5496  5.1812  4.7071  4.3653  4.3136  5.6642  6.0208
  74  0.662934  3.7620  4.6397 -0.3789  6.1447  6.4055  5.8603  5.5107  5.1460  4.6766  4.3374  4.2874  5.6238  5.9756
  75  0.666712  3.7641  4.6343 -0.3627  6.0878  6.3556  5.8180  5.4722  5.1111  4.6465  4.3098  4.2614  5.5841  5.9315
  76  0.670415  3.7661  4.6289 -0.3468  6.0329  6.3072  5.7765  5.4343  5.0764  4.6164  4.2827  4.2356  5.5452  5.8882
  77  0.674050  3.7681  4.6235 -0.3312  5.9796  6.2598  5.7358  5.3969  5.0422  4.5867  4.2559  4.2102  5.5068  5.8458
  78  0.677613  3.7701  4.6182 -0.3158  5.9277  6.2135  5.6958  5.3602  5.0084  4.5576  4.2295  4.1851  5.4690  5.8043
  79  0.681117  3.7720  4.6129 -0.3006  5.8769  6.1679  5.6563  5.3239  4.9752  4.5287  4.2035  4.1604  5.4319  5.7633
  80  0.684556  3.7739  4.6076 -0.2856  5.8272  6.1231  5.6176  5.2884  4.9425  4.5003  4.1779  4.1360  5.3953  5.7230
  81  0.687939  3.7757  4.6024 -0.2708  5.7785  6.0790  5.5793  5.2532  4.9103  4.4723  4.1526  4.1120  5.3591  5.6833
  82  0.692833  3.7784  4.5947 -0.2492  5.7085  6.0151  5.5239  5.2022  4.8634  4.4316  4.1158  4.0769  5.3067  5.6256
  83  0.697727  3.7810  4.5869 -0.2275  5.6388  5.9510  5.4680  5.1510  4.8164  4.3905  4.0786  4.0415  5.2541  5.5678
  84  0.702616  3.7837  4.5789 -0.2058  5.5695  5.8868  5.4121  5.0996  4.7692  4.3494  4.0413  4.0059  5.2012  5.5097
  85  0.707478  3.7864  4.5709 -0.1840  5.5003  5.8225  5.3560  5.0480  4.7220  4.3082  4.0039  3.9704  5.1482  5.4515
  86  0.712310  3.7891  4.5627 -0.1620  5.4316  5.7580  5.2997  4.9965  4.6747  4.2669  3.9666  3.9349  5.0952  5.3932
  87  0.717108  3.7918  4.5542 -0.1400  5.3635  5.6936  5.2435  4.9447  4.6272  4.2253  3.9288  3.8988  5.0418  5.3349
  88  0.721870  3.7944  4.5455 -0.1180  5.2966  5.6295  5.1870  4.8924  4.5789  4.1830  3.8907  3.8623  4.9882  5.2765
  89  0.726592  3.7970  4.5365 -0.0958  5.2303  5.5655  5.1304  4.8400  4.5304  4.1403  3.8521  3.8251  4.9344  5.2180
  90  0.731267  3.7995  4.5270 -0.0736  5.1641  5.5013  5.0738  4.7877  4.4821  4.0975  3.8130  3.7876  4.8806  5.1595
  91  0.735891  3.8020  4.5172 -0.0512  5.0970  5.4366  5.0174  4.7360  4.4347  4.0548  3.7731  3.7497  4.8272  5.1010
  92  0.740458  3.8043  4.5071 -0.0287  5.0303  5.3718  4.9608  4.6841  4.3869  4.0117  3.7324  3.7112  4.7737  5.0425
  93  0.744962  3.8066  4.4964 -0.0063  4.9649  5.3075  4.9041  4.6315  4.3382  3.9676  3.6913  3.6717  4.7196  4.9838
  94  0.749396  3.8089  4.4852  0.0163  4.9015  5.2438  4.8465  4.5777  4.2878  3.9223  3.6497  3.6312  4.6645  4.9248
  95  0.753745  3.8110  4.4736  0.0389  4.8388  5.1805  4.7889  4.5234  4.2369  3.8761  3.6073  3.5899  4.6090  4.8658
  96  0.757988  3.8130  4.4616  0.0615  4.7769  5.1173  4.7312  4.4690  4.1856  3.8296  3.5646  3.5481  4.5535  4.8068
  97  0.762121  3.8150  4.4492  0.0841  4.7154  5.0544  4.6738  4.4148  4.1344  3.7830  3.5213  3.5058  4.4981  4.7480
  98  0.766143  3.8168  4.4364  0.1066  4.6544  4.9917  4.6165  4.3606  4.0833  3.7361  3.4775  3.4631  4.4429  4.6894
  99  0.770057  3.8186  4.4234  0.1290  4.5942  4.9294  4.5594  4.3066  4.0323  3.6890  3.4336  3.4201  4.3878  4.6310
 100  0.773865  3.8204  4.4100  0.1514  4.5346  4.8675  4.5026  4.2527  3.9813  3.6417  3.3892  3.3767  4.3328  4.5729
 101  0.777571  3.8220  4.3964  0.1737  4.4756  4.8060  4.4458  4.1988  3.9301  3.5943  3.3448  3.3331  4.2778  4.5150
 102  0.781180  3.8236  4.3826  0.1958  4.4172  4.7449  4.3893  4.1450  3.8789  3.5467  3.3002  3.2891  4.2230  4.4573
 103  0.784697  3.8251  4.3685  0.2179  4.3592  4.6842  4.3329  4.0912  3.8277  3.4991  3.2554  3.2451  4.1682  4.3999
 104  0.788154  3.8267  4.3546  0.2400  4.3015  4.6235  4.2767  4.0377  3.7768  3.4518  3.2111  3.2014  4.1137  4.3426
 105  0.791558  3.8282  4.3405  0.2619  4.2443  4.5631  4.2207  3.9843  3.7260  3.4045  3.1665  3.1575  4.0593  4.2855
 106  0.794893  3.8296  4.3264  0.2838  4.1875  4.5031  4.1648  3.9310  3.6752  3.3569  3.1217  3.1134  4.0050  4.2286
 107  0.798160  3.8310  4.3119  0.3055  4.1310  4.4432  4.1091  3.8776  3.6244  3.3093  3.0769  3.0691  3.9509  4.1719
 108  0.801370  3.8324  4.2973  0.3273  4.0749  4.3836  4.0534  3.8244  3.5734  3.2616  3.0319  3.0246  3.8967  4.1152
 109  0.804535  3.8337  4.2824  0.3492  4.0190  4.3241  3.9976  3.7709  3.5222  3.2135  2.9863  2.9795  3.8424  4.0585
 110  0.807656  3.8349  4.2672  0.3710  3.9630  4.2645  3.9418  3.7173  3.4709  3.1650  2.9404  2.9341  3.7878  4.0018
 111  0.810735  3.8361  4.2517  0.3928  3.9072  4.2051  3.8858  3.6635  3.4191  3.1161  2.8939  2.8881  3.7333  3.9450
 112  0.811576  3.8364  4.2474  0.3989  3.8918  4.1886  3.8703  3.6486  3.4048  3.1026  2.8809  2.8753  3.7181  3.9292
 113  0.812417  3.8368  4.2430  0.4050  3.8761  4.1718  3.8545  3.6334  3.3903  3.0888  2.8679  2.8623  3.7027  3.9132
 114  0.813254  3.8371  4.2387  0.4112  3.8606  4.1552  3.8389  3.6184  3.3759  3.0751  2.8550  2.8495  3.6875  3.8974
 115  0.814086  3.8375  4.2344  0.4175  3.8446  4.1380  3.8229  3.6031  3.3612  3.0613  2.8420  2.8367  3.6718  3.8811
 116  0.814913  3.8379  4.2302  0.4238  3.8283  4.1205  3.8066  3.5876  3.3464  3.0476  2.8291  2.8240  3.6560  3.8645
 117  0.815736  3.8383  4.2260  0.4301  3.8120  4.1031  3.7902  3.5720  3.3317  3.0339  2.8163  2.8113  3.6402  3.8479
 118  0.816556  3.8388  4.2220  0.4366  3.7954  4.0850  3.7737  3.5563  3.3169  3.0202  2.8036  2.7988  3.6242  3.8310
 119  0.817372  3.8393  4.2179  0.4430  3.7788  4.0672  3.7572  3.5406  3.3020  3.0065  2.7909  2.7862  3.6082  3.8141
 120  0.818184  3.8398  4.2138  0.4495  3.7621  4.0491  3.7405  3.5248  3.2871  2.9927  2.7780  2.7735  3.5920  3.7971
 121  0.818992  3.8403  4.2096  0.4560  3.7453  4.0310  3.7237  3.5088  3.2719  2.9787  2.7650  2.7606  3.5758  3.7800
 122  0.819794  3.8407  4.2051  0.4626  3.7284  4.0129  3.7068  3.4927  3.2565  2.9644  2.7516  2.7473  3.5593  3.7627
 123  0.820590  3.8411  4.2004  0.4692  3.7115  3.9947  3.6897  3.4763  3.2409  2.9496  2.7376  2.7335  3.5427  3.7454
 124  0.821380  3.8414  4.1954  0.4759  3.6945  3.9766  3.6726  3.4598  3.2249  2.9345  2.7230  2.7191  3.5259  3.7280
 125  0.822161  3.8417  4.1902  0.4827  3.6775  3.9583  3.6552  3.4430  3.2087  2.9188  2.7081  2.7043  3.5089  3.7104
 126  0.822934  3.8419  4.1846  0.4895  3.6603  3.9400  3.6377  3.4260  3.1922  2.9029  2.6926  2.6888  3.4917  3.6927
 127  0.823701  3.8421  4.1790  0.4964  3.6431  3.9217  3.6201  3.4088  3.1754  2.8867  2.6768  2.6732  3.4743  3.6749
 128  0.824460  3.8423  4.1732  0.5034  3.6258  3.9032  3.6024  3.3915  3.1585  2.8701  2.6608  2.6572  3.4568  3.6570
 129  0.825212  3.8425  4.1672  0.5104  3.6084  3.8847  3.5845  3.3739  3.1414  2.8534  2.6444  2.6408  3.4391  3.6390
 130  0.825956  3.8425  4.1611  0.5175  3.5909  3.8661  3.5665  3.3563  3.1241  2.8364  2.6278  2.6242  3.4213  3.6209
 131  0.826693  3.8426  4.1548  0.5246  3.5733  3.8475  3.5484  3.3385  3.1066  2.8192  2.6107  2.6073  3.4034  3.6027
 132  0.827421  3.8427  4.1484  0.5317  3.5556  3.8288  3.5302  3.3205  3.0889  2.8017  2.5934  2.5901  3.3855  3.5843
 133  0.828141  3.8428  4.1418  0.5390  3.5379  3.8100  3.5119  3.3025  3.0710  2.7839  2.5758  2.5726  3.3672  3.5659
 134  0.828852  3.8428  4.1349  0.5462  3.5201  3.7913  3.4934  3.2842  3.0528  2.7657  2.5578  2.5545  3.3489  3.5474
 135  0.829554  3.8427  4.1277  0.5536  3.5023  3.7726  3.4749  3.2657  3.0343  2.7471  2.5391  2.5359  3.3303  3.5288
 136  0.830246  3.8426  4.1202  0.5609  3.4845  3.7540  3.4562  3.2470  3.0155  2.7281  2.5199  2.5167  3.3116  3.5102
 137  0.830928  3.8424  4.1124  0.5684  3.4667  3.7354  3.4375  3.2282  2.9965  2.7087  2.5002  2.4970  3.2928  3.4916
 138  0.831601  3.8422  4.1045  0.5759  3.4488  3.7167  3.4187  3.2091  2.9773  2.6889  2.4801  2.4769  3.2738  3.4728
 139  0.832264  3.8420  4.0963  0.5834  3.4309  3.6981  3.3998  3.1899  2.9577  2.6688  2.4595  2.4563  3.2547  3.4540
 140  0.832917  3.8417  4.0877  0.5910  3.4130  3.6795  3.3807  3.1705  2.9379  2.6482  2.4384  2.4351  3.2354  3.4351
 141  0.833557  3.8413  4.0789  0.5986  3.3950  3.6610  3.3616  3.1509  2.9179  2.6272  2.4167  2.4133  3.2160  3.4161
 142  0.834188  3.8408  4.0699  0.6063  3.3770  3.6426  3.3424  3.1311  2.8976  2.6058  2.3944  2.3910  3.1964  3.3971
 143  0.834806  3.8403  4.0605  0.6140  3.3590  3.6242  3.3231  3.1112  2.8769  2.5839  2.3715  2.3681  3.1766  3.3781
 144  0.835412  3.8398  4.0507  0.6217  3.3411  3.6059  3.3037  3.0911  2.8559  2.5615  2.3480  2.3445  3.1569  3.3591
 145  0.836005  3.8391  4.0405  0.6295  3.3233  3.5877  3.2844  3.0708  2.8346  2.5387  2.3239  2.3202  3.1368  3.3400
 146  0.836586  3.8383  4.0299  0.6374  3.3054  3.5697  3.2649  3.0503  2.8130  2.5152  2.2991  2.2951  3.1167  3.3209
 147  0.837152  3.8375  4.0190  0.6453  3.2876  3.5518  3.2453  3.0295  2.7910  2.4912  2.2735  2.2693  3.0963  3.3018
 148  0.837706  3.8366  4.0075  0.6533  3.2699  3.5342  3.2258  3.0086  2.7688  2.4666  2.2471  2.2428  3.0759  3.2827
 149  0.838244  3.8355  3.9957  0.6613  3.2524  3.5168  3.2061  2.9874  2.7460  2.4414  2.2198  2.2153  3.0553  3.2636
 150  0.838767  3.8344  3.9832  0.6694  3.2351  3.4997  3.1865  2.9661  2.7228  2.4155  2.1917  2.1868  3.0346  3.2448
 151  0.839274  3.8331  3.9703  0.6775  3.2178  3.4829  3.1668  2.9445  2.6993  2.3888  2.1625  2.1572  3.0137  3.2259
 152  0.839767  3.8317  3.9569  0.6856  3.2009  3.4665  3.1473  2.9227  2.6753  2.3615  2.1325  2.1269  2.9927  3.2071
 153  0.840243  3.8302  3.9429  0.6937  3.1841  3.4504  3.1277  2.9008  2.6511  2.3335  2.1014  2.0955  2.9716  3.1884
 154  0.840703  3.8285  3.9283  0.7019  3.1678  3.4347  3.1082  2.8787  2.6264  2.3049  2.0696  2.0631  2.9505  3.1699
 155  0.841146  3.8268  3.9131  0.7100  3.1518  3.4195  3.0887  2.8565  2.6014  2.2754  2.0366  2.0296  2.9292  3.1515
 156  0.841572  3.8248  3.8973  0.7182  3.1362  3.4046  3.0695  2.8344  2.5761  2.2454  2.0027  1.9951  2.9081  3.1335
 157  0.841982  3.8227  3.8810  0.7264  3.1210  3.3903  3.0504  2.8121  2.5506  2.2148  1.9678  1.9597  2.8869  3.1157
 158  0.842375  3.8205  3.8640  0.7345  3.1066  3.3767  3.0313  2.7894  2.5244  2.1832  1.9320  1.9230  2.8655  3.0981
 159  0.842753  3.8181  3.8464  0.7426  3.0929  3.3642  3.0120  2.7658  2.4968  2.1504  1.8950  1.8848  2.8435  3.0804
 160  0.843115  3.8155  3.8282  0.7508  3.0801  3.3526  2.9925  2.7416  2.4683  2.1165  1.8571  1.8451  2.8211  3.0627
 161  0.843461  3.8128  3.8094  0.7589  3.0682  3.3416  2.9734  2.7176  2.4398  2.0820  1.8182  1.8046  2.7989  3.0455
 162  0.843713  3.8106  3.7948  0.7650  3.0596  3.3331  2.9596  2.7004  2.4191  2.0561  1.7882  1.7738  2.7828  3.0331
 163  0.843963  3.8083  3.7794  0.7712  3.0514  3.3248  2.9457  2.6831  2.3983  2.0296  1.7571  1.7418  2.7667  3.0208
 164  0.844209  3.8059  3.7635  0.7775  3.0436  3.3168  2.9320  2.6657  2.3771  2.0022  1.7248  1.7088  2.7505  3.0085
 165  0.844450  3.8033  3.7469  0.7839  3.0362  3.3094  2.9182  2.6478  2.3553  1.9738  1.6911  1.6743  2.7340  2.9964
 166  0.844689  3.8005  3.7296  0.7904  3.0294  3.3024  2.9044  2.6297  2.3329  1.9446  1.6564  1.6385  2.7173  2.9844
 167  0.844925  3.7977  3.7117  0.7970  3.0233  3.2958  2.8907  2.6115  2.3102  1.9146  1.6205  1.6016  2.7004  2.9726
 168  0.845158  3.7946  3.6931  0.8035  3.0182  3.2899  2.8770  2.5929  2.2869  1.8837  1.5833  1.5633  2.6835  2.9609
 169  0.845388  3.7914  3.6736  0.8101  3.0150  3.2855  2.8633  2.5737  2.2625  1.8513  1.5451  1.5233  2.6661  2.9495
 170  0.845614  3.7880  3.6538  0.8167  3.0141  3.2825  2.8492  2.5534  2.2364  1.8177  1.5061  1.4820  2.6479  2.9382
 171  0.845840  3.7846  3.6337  0.8233  3.0140  3.2798  2.8353  2.5331  2.2104  1.7838  1.4669  1.4403  2.6297  2.9271
 172  0.846063  3.7809  3.6127  0.8299  3.0143  3.2769  2.8222  2.5141  2.1857  1.7504  1.4267  1.3982  2.6126  2.9167
 173  0.846281  3.7768  3.5899  0.8363  3.0182  3.2763  2.8101  2.4953  2.1606  1.7153  1.3842  1.3538  2.5959  2.9075
 174  0.846494  3.7724  3.5660  0.8427  3.0263  3.2785  2.7988  2.4762  2.1342  1.6782  1.3393  1.3063  2.5793  2.8997
 175  0.846710  3.7688  3.5448  0.8495  3.0299  3.2768  2.7858  2.4571  2.1093  1.6443  1.2988  1.2636  2.5620  2.8896
 176  0.846925  3.7656  3.5251  0.8566  3.0311  3.2726  2.7718  2.4377  2.0848  1.6116  1.2603  1.2231  2.5442  2.8781
 177  0.847132  3.7626  3.5059  0.8640  3.0307  3.2666  2.7566  2.4176  2.0600  1.5794  1.2225  1.1837  2.5257  2.8652
 178  0.847329  3.7599  3.4873  0.8717  3.0288  3.2590  2.7405  2.3967  2.0348  1.5472  1.1853  1.1449  2.5062  2.8513
 179  0.847514  3.7575  3.4695  0.8800  3.0244  3.2491  2.7227  2.3750  2.0092  1.5154  1.1492  1.1073  2.4856  2.8355
 180  0.847687  3.7552  3.4521  0.8884  3.0191  3.2382  2.7045  2.3529  1.9834  1.4840  1.1137  1.0704  2.4646  2.8192
 181  0.847852  3.7534  3.4359  0.8973  3.0106  3.2249  2.6850  2.3302  1.9577  1.4533  1.0795  1.0351  2.4429  2.8013
 182  0.848035  3.7514  3.4173  0.9080  2.9981  3.2071  2.6607  2.3024  1.9268  1.4173  1.0398  0.9941  2.4161  2.7786
 183  0.848216  3.7497  3.3988  0.9194  2.9831  3.1870  2.6346  2.2732  1.8948  1.3807  1.0000  0.9533  2.3878  2.7540
 184  0.848392  3.7481  3.3807  0.9315  2.9657  3.1647  2.6067  2.2427  1.8617  1.3435  0.9601  0.9123  2.3581  2.7276
 185  0.848565  3.7467  3.3628  0.9438  2.9468  3.1410  2.5778  2.2110  1.8275  1.3060  0.9204  0.8717  2.3272  2.6998
 186  0.848736  3.7454  3.3451  0.9565  2.9261  3.1157  2.5478  2.1785  1.7927  1.2683  0.8808  0.8312  2.2954  2.6710
 187  0.848903  3.7443  3.3276  0.9697  2.9035  3.0889  2.5168  2.1454  1.7575  1.2303  0.8412  0.7907  2.2628  2.6410
 188  0.849070  3.7432  3.3103  0.9828  2.8799  3.0614  2.4854  2.1119  1.7222  1.1924  0.8016  0.7504  2.2300  2.6105
 189  0.849234  3.7423  3.2932  0.9963  2.8549  3.0328  2.4533  2.0780  1.6867  1.1545  0.7621  0.7104  2.1966  2.5792
 190  0.849397  3.7414  3.2762  1.0099  2.8287  3.0033  2.4206  2.0437  1.6509  1.1166  0.7227  0.6705  2.1627  2.5473
 191  0.849559  3.7406  3.2594  1.0235  2.8022  2.9735  2.3879  2.0095  1.6152  1.0788  0.6834  0.6306  2.1289  2.5153
 192  0.849720  3.7398  3.2428  1.0373  2.7744  2.9428  2.3546  1.9750  1.5795  1.0411  0.6442  0.5911  2.0947  2.4827
 193  0.849880  3.7391  3.2262  1.0511  2.7463  2.9119  2.3213  1.9405  1.5439  1.0034  0.6051  0.5516  2.0605  2.4499
 194  0.850041  3.7385  3.2098  1.0649  2.7175  2.8806  2.2877  1.9058  1.5082  0.9659  0.5662  0.5123  2.0261  2.4169
 195  0.850201  3.7379  3.1936  1.0788  2.6883  2.8489  2.2541  1.8712  1.4726  0.9286  0.5276  0.4735  1.9918  2.3837
 196  0.850361  3.7373  3.1775  1.0926  2.6589  2.8171  2.2205  1.8365  1.4370  0.8913  0.4890  0.4347  1.9574  2.3506
 197  0.850520  3.7367  3.1615  1.1066  2.6291  2.7848  2.1865  1.8016  1.4013  0.8540  0.4504  0.3958  1.9228  2.3170
 198  0.850677  3.7362  3.1452  1.1207  2.5988  2.7523  2.1522  1.7665  1.3654  0.8164  0.4116  0.3568  1.8879  2.2831
 199  0.850834  3.7357  3.1292  1.1348  2.5683  2.7196  2.1178  1.7313  1.3294  0.7788  0.3728  0.3178  1.8528  2.2491
 200  0.850991  3.7352  3.1131  1.1490  2.5373  2.6864  2.0831  1.6958  1.2932  0.7412  0.3338  0.2787  1.8175  2.2148
 201  0.851145  3.7347  3.0968  1.1634  2.5060  2.6529  2.0481  1.6600  1.2567  0.7031  0.2947  0.2393  1.7820  2.1802
 202  0.851300  3.7342  3.0805  1.1777  2.4745  2.6192  2.0128  1.6241  1.2200  0.6650  0.2553  0.1998  1.7462  2.1453
 203  0.851452  3.7337  3.0641  1.1924  2.4426  2.5851  1.9773  1.5878  1.1829  0.6265  0.2156  0.1600  1.7101  2.1100
 204  0.851603  3.7333  3.0477  1.2070  2.4103  2.5507  1.9413  1.5512  1.1456  0.5878  0.1757  0.1200  1.6736  2.0745
 205  0.851753  3.7328  3.0313  1.2218  2.3777  2.5159  1.9052  1.5144  1.1081  0.5489  0.1356  0.0798  1.6370  2.0387
 206  0.851903  3.7324  3.0147  1.2366  2.3448  2.4809  1.8690  1.4774  1.0705  0.5100  0.0956  0.0397  1.6002  2.0028
 207  0.852049  3.7319  2.9981  1.2517  2.3114  2.4454  1.8321  1.4399  1.0324  0.4704  0.0549 -0.0012  1.5629  1.9663
 208  0.852190  3.7314  2.9806  1.2672  2.2773  2.4091  1.7941  1.4012  0.9929  0.4294  0.0125 -0.0436  1.5243  1.9287
 209  0.852326  3.7309  2.9627  1.2831  2.2426  2.3719  1.7554  1.3616  0.9526  0.3874 -0.0309 -0.0871  1.4850  1.8904
 210  0.852458  3.7304  2.9446  1.2993  2.2072  2.3339  1.7158  1.3213  0.9114  0.3448 -0.0749 -0.1313  1.4448  1.8512
 211  0.852586  3.7299  2.9259  1.3157  2.1718  2.2958  1.6757  1.2804  0.8696  0.3012 -0.1199 -0.1765  1.4040  1.8116
 212  0.852711  3.7293  2.9071  1.3324  2.1358  2.2570  1.6350  1.2388  0.8271  0.2571 -0.1654 -0.2222  1.3627  1.7714
 213  0.852833  3.7288  2.8882  1.3493  2.0987  2.2173  1.5937  1.1966  0.7841  0.2126 -0.2110 -0.2679  1.3207  1.7304
 214  0.852951  3.7283  2.8690  1.3664  2.0617  2.1775  1.5520  1.1539  0.7406  0.1674 -0.2574 -0.3146  1.2783  1.6892
 215  0.853065  3.7277  2.8495  1.3836  2.0245  2.1374  1.5098  1.1108  0.6965  0.1217 -0.3044 -0.3617  1.2354  1.6475
 216  0.853177  3.7271  2.8299  1.4011  1.9874  2.0971  1.4673  1.0672  0.6520  0.0754 -0.3519 -0.4095  1.1921  1.6055
 217  0.853204  3.7270  2.8250  1.4054  1.9781  2.0873  1.4569  1.0565  0.6410  0.0642 -0.3635 -0.4212  1.1815  1.5953
 218  0.853231  3.7269  2.8203  1.4098  1.9688  2.0771  1.4463  1.0458  0.6301  0.0528 -0.3751 -0.4328  1.1708  1.5848
 219  0.853257  3.7268  2.8155  1.4141  1.9593  2.0671  1.4358  1.0349  0.6190  0.0415 -0.3868 -0.4446  1.1601  1.5744
 220  0.853284  3.7266  2.8105  1.4184  1.9502  2.0571  1.4251  1.0241  0.6079  0.0299 -0.3987 -0.4565  1.1492  1.5639
 221  0.853310  3.7264  2.8054  1.4227  1.9413  2.0473  1.4147  1.0132  0.5967  0.0181 -0.4108 -0.4687  1.1385  1.5536
 222  0.853337  3.7263  2.8004  1.4271  1.9322  2.0372  1.4039  1.0021  0.5854  0.0064 -0.4229 -0.4809  1.1275  1.5430
 223  0.853363  3.7262  2.7956  1.4316  1.9223  2.0269  1.3930  0.9911  0.5742 -0.0052 -0.4346 -0.4927  1.1165  1.5323
 224  0.853389  3.7260  2.7907  1.4360  1.9125  2.0163  1.3822  0.9800  0.5629 -0.0166 -0.4464 -0.5045  1.1055  1.5215
 225  0.853415  3.7259  2.7856  1.4405  1.9031  2.0062  1.3713  0.9689  0.5515 -0.0285 -0.4586 -0.5168  1.0944  1.5107
 226  0.853441  3.7258  2.7806  1.4449  1.8936  1.9958  1.3605  0.9578  0.5401 -0.0403 -0.4706 -0.5288  1.0834  1.5000
 227  0.853652  3.7244  2.7374  1.4830  1.8139  1.9088  1.2679  0.8625  0.4425 -0.1415 -0.5744 -0.6333  0.9889  1.4087
 228  0.853868  3.7231  2.6900  1.5252  1.7242  1.8116  1.1652  0.7571  0.3347 -0.2529 -0.6885 -0.7480  0.8842  1.3072
 229  0.854066  3.7218  2.6429  1.5670  1.6364  1.7158  1.0636  0.6528  0.2279 -0.3636 -0.8020 -0.8621  0.7806  1.2070
 230  0.854247  3.7203  2.5960  1.6081  1.5514  1.6224  0.9639  0.5502  0.1227 -0.4731 -0.9147 -0.9755  0.6788  1.1088
 231  0.854410  3.7189  2.5502  1.6485  1.4672  1.5300  0.8657  0.4495  0.0196 -0.5802 -1.0250 -1.0864  0.5787  1.0120
 232  0.854569  3.7175  2.5020  1.6911  1.3791  1.4332  0.7629  0.3439 -0.0885 -0.6928 -1.1412 -1.2031  0.4738  0.9104
 233  0.854712  3.7160  2.4543  1.7326  1.2951  1.3398  0.6626  0.2407 -0.1944 -0.8037 -1.2560 -1.3184  0.3714  0.8118
 234  0.854841  3.7144  2.4079  1.7730  1.2144  1.2496  0.5655  0.1406 -0.2973 -0.9113 -1.3676 -1.4306  0.2720  0.7161
 235  0.854964  3.7128  2.3602  1.8144  1.1325  1.1575  0.4660  0.0380 -0.4029 -1.0221 -1.4825 -1.5461  0.1701  0.6182
 236  0.855074  3.7113  2.3138  1.8545  1.0538  1.0685  0.3697 -0.0616 -0.5052 -1.1294 -1.5939 -1.6582  0.0714  0.5235
 237  0.855178  3.7096  2.2664  1.8954  0.9747  0.9786  0.2718 -0.1626 -0.6093 -1.2388 -1.7076 -1.7724 -0.0287  0.4273
 238  0.855271  3.7081  2.2205  1.9352  0.8986  0.8915  0.1769 -0.2608 -0.7105 -1.3451 -1.8180 -1.8834 -0.1262  0.3341
 239  0.855360  3.7065  2.1741  1.9752  0.8228  0.8043  0.0812 -0.3600 -0.8128 -1.4523 -1.9290 -1.9951 -0.2244  0.2403
 240  0.855442  3.7049  2.1277  2.0153  0.7482  0.7177 -0.0144 -0.4594 -0.9153 -1.5597 -2.0399 -2.1068 -0.3228  0.1465
 241  0.855518  3.7033  2.0814  2.0552  0.6749  0.6321 -0.1095 -0.5584 -1.0176 -1.6667 -2.1500 -2.2179 -0.4208  0.0534
 242  0.855585  3.7017  2.0366  2.0938  0.6052  0.5498 -0.2013 -0.6541 -1.1166 -1.7702 -2.2565 -2.3253 -0.5155 -0.0365
 243  0.855649  3.7001  1.9920  2.1322  0.5373  0.4689 -0.2922 -0.7491 -1.2149 -1.8731 -2.3623 -2.4322 -0.6094 -0.1252
 244  0.855707  3.6985  1.9477  2.1699  0.4730  0.3907 -0.3812 -0.8422 -1.3117 -1.9748 -2.4673 -2.5382 -0.7014 -0.2120
 245  0.855762  3.6969  1.9044  2.2067  0.4114  0.3150 -0.4675 -0.9328 -1.4058 -2.0741 -2.5705 -2.6423 -0.7909 -0.2961
 246  0.855812  3.6953  1.8633  2.2415  0.3539  0.2438 -0.5492 -1.0183 -1.4946 -2.1682 -2.6683 -2.7409 -0.8755 -0.3757
 247  0.855858  3.6940  1.8282  2.2713  0.3054  0.1831 -0.6187 -1.0913 -1.5706 -2.2485 -2.7520 -2.8252 -0.9476 -0.4434
 248  0.855903  3.6933  1.8101  2.2871  0.2779  0.1500 -0.6559 -1.1300 -1.6106 -2.2905 -2.7957 -2.8690 -0.9860 -0.4798
 249  0.855948  3.6935  1.8103  2.2875  0.2740  0.1472 -0.6577 -1.1315 -1.6116 -2.2911 -2.7958 -2.8690 -0.9875 -0.4818
 250  0.855994  3.6920  1.7716  2.3204  0.2203  0.0800 -0.7347 -1.2122 -1.6955 -2.3798 -2.8883 -2.9622 -1.0674 -0.5569
 251  0.856036  3.6901  1.7225  2.3620  0.1553 -0.0034 -0.8313 -1.3137 -1.8013 -2.4921 -3.0056 -3.0803 -1.1677 -0.6507
 252  0.856076  3.6883  1.6740  2.4031  0.0922 -0.0851 -0.9261 -1.4138 -1.9055 -2.6026 -3.1209 -3.1965 -1.2664 -0.7429
 253  0.856111  3.6865  1.6267  2.4430  0.0319 -0.1643 -1.0184 -1.5110 -2.0070 -2.7106 -3.2336 -3.3100 -1.3625 -0.8323
 254  0.856144  3.6847  1.5802  2.4823 -0.0258 -0.2412 -1.1087 -1.6064 -2.1067 -2.8165 -3.3444 -3.4216 -1.4567 -0.9198
 255  0.856174  3.6830  1.5357  2.5199 -0.0798 -0.3144 -1.1949 -1.6977 -2.2020 -2.9180 -3.4505 -3.5284 -1.5468 -1.0033
 256  0.856201  3.6813  1.4923  2.5566 -0.1304 -0.3847 -1.2783 -1.7862 -2.2947 -3.0169 -3.5541 -3.6327 -1.6341 -1.0838
 257  0.856226  3.6795  1.4486  2.5931 -0.1760 -0.4521 -1.3604 -1.8740 -2.3871 -3.1160 -3.6584 -3.7378 -1.7206 -1.1628
 258  0.856249  3.6777  1.4060  2.6285 -0.2181 -0.5164 -1.4396 -1.9590 -2.4768 -3.2124 -3.7596 -3.8398 -1.8044 -1.2388
 259  0.856271  3.6758  1.3646  2.6629 -0.2568 -0.5777 -1.5162 -2.0416 -2.5641 -3.3060 -3.8577 -3.9391 -1.8857 -1.3121
 260  0.856290  3.6741  1.3238  2.6968 -0.2932 -0.6371 -1.5911 -2.1227 -2.6499 -3.3982 -3.9540 -4.0365 -1.9653 -1.3835
 261  0.856309  3.6724  1.2832  2.7304 -0.3273 -0.6953 -1.6653 -2.2031 -2.7352 -3.4898 -4.0495 -4.1331 -2.0444 -1.4541
 262  0.856325  3.6707  1.2443  2.7626 -0.3586 -0.7504 -1.7360 -2.2801 -2.8170 -3.5776 -4.1408 -4.2257 -2.1201 -1.5214
 263  0.856341  3.6690  1.2055  2.7947 -0.3883 -0.8047 -1.8059 -2.3564 -2.8981 -3.6648 -4.2316 -4.3178 -2.1950 -1.5877
 264  0.856356  3.6674  1.1676  2.8262 -0.4162 -0.8574 -1.8741 -2.4309 -2.9775 -3.7504 -4.3210 -4.4081 -2.2683 -1.6522
 265  0.856369  3.6658  1.1306  2.8567 -0.4416 -0.9076 -1.9399 -2.5029 -3.0543 -3.8334 -4.4080 -4.4962 -2.3391 -1.7144
 266  0.856382  3.6642  1.0944  2.8865 -0.4654 -0.9564 -2.0040 -2.5731 -3.1294 -3.9148 -4.4936 -4.5825 -2.4082 -1.7749
 267  0.856394  3.6626  1.0585  2.9161 -0.4877 -1.0039 -2.0669 -2.6423 -3.2035 -3.9953 -4.5783 -4.6682 -2.4762 -1.8343
 268  0.856405  3.6611  1.0233  2.9451 -0.5077 -1.0494 -2.1280 -2.7097 -3.2758 -4.0741 -4.6616 -4.7522 -2.5425 -1.8918
 269  0.856415  3.6595  0.9890  2.9732 -0.5251 -1.0924 -2.1868 -2.7748 -3.3458 -4.1506 -4.7426 -4.8341 -2.6065 -1.9467
 270  0.856425  3.6579  0.9547  3.0010 -0.5382 -1.1329 -2.2437 -2.8386 -3.4147 -4.2266 -4.8233 -4.9156 -2.6691 -1.9998
 271  0.856434  3.6563  0.9209  3.0283 -0.5491 -1.1716 -2.2993 -2.9012 -3.4825 -4.3013 -4.9028 -4.9961 -2.7305 -2.0513
 272  0.856443  3.6547  0.8880  3.0548 -0.5580 -1.2083 -2.3528 -2.9616 -3.5482 -4.3740 -4.9801 -5.0742 -2.7898 -2.1008
 273  0.856451  3.6531  0.8552  3.0813 -0.5651 -1.2439 -2.4056 -3.0215 -3.6136 -4.4464 -5.0571 -5.1522 -2.8486 -2.1494
 274  0.856459  3.6515  0.8233  3.1068 -0.5698 -1.2772 -2.4560 -3.0790 -3.6765 -4.5164 -5.1318 -5.2278 -2.9050 -2.1956
 275  0.856466  3.6500  0.7917  3.1322 -0.5724 -1.3090 -2.5052 -3.1355 -3.7386 -4.5856 -5.2059 -5.3029 -2.9605 -2.2405
 276  0.856473  3.6484  0.7611  3.1565 -0.5739 -1.3394 -2.5525 -3.1900 -3.7985 -4.6526 -5.2775 -5.3754 -3.0139 -2.2836
 277  0.856479  3.6469  0.7313  3.1804 -0.5738 -1.3680 -2.5979 -3.2429 -3.8568 -4.7179 -5.3475 -5.4461 -3.0658 -2.3249
 278  0.856486  3.6455  0.7024  3.2035 -0.5728 -1.3953 -2.6418 -3.2937 -3.9131 -4.7811 -5.4153 -5.5147 -3.1157 -2.3644
 279  0.856491  3.6442  0.6757  3.2249 -0.5715 -1.4203 -2.6820 -3.3406 -3.9650 -4.8395 -5.4777 -5.5780 -3.1619 -2.4008
