NUMBER OF AGES= 1 MAGS=10
----------------------------------------------------       
MIX-LEN  Y      Z          Zeff        [Fe/H] [a/Fe]
 1.9380  0.2452 1.3168E-04 1.7223E-04  -2.00  -0.20 
----------------------------------------------------       
**PHOTOMETRIC SYSTEM**: Bessell UBV(RI)c + 2MASS JHKs + Kepler (Vega)
----------------------------------------------------       
AGE= 9.000 EEPS=268
#EEP   M    LogTeff  LogG   LogL U       B       V       R       I       J       H       Ks      Kp      D51
  12  0.108397  3.5432  5.3538 -2.7544 16.7061 14.6547 12.8983 11.8935 10.9894  9.8755  9.4303  9.3197 12.0613 13.6956
  13  0.119078  3.5558  5.3098 -2.6192 15.8545 14.1193 12.4629 11.4978 10.6569  9.5748  9.0966  8.9732 11.6802 13.1912
  14  0.131565  3.5683  5.2645 -2.4810 15.0913 13.5781 12.0210 11.0995 10.3097  9.2654  8.7615  8.6306 11.2893 12.6834
  15  0.146058  3.5788  5.2218 -2.3506 14.4478 13.0891 11.6145 10.7342  9.9797  8.9703  8.4493  8.3108 10.9259 12.2227
  16  0.161475  3.5860  5.1860 -2.2427 13.9727 12.7118 11.2918 10.4409  9.7068  8.7212  8.1910  8.0462 10.6318 11.8621
  17  0.175962  3.5909  5.1580 -2.1579 13.6215 12.4284 11.0447 10.2142  9.4930  8.5233  7.9880  7.8387 10.4040 11.5882
  18  0.189126  3.5944  5.1350 -2.0890 13.3407 12.2026 10.8459 10.0312  9.3193  8.3618  7.8232  7.6703 10.2199 11.3682
  19  0.201756  3.5976  5.1146 -2.0277 13.0944 12.0034 10.6696  9.8686  9.1645  8.2177  7.6769  7.5211 10.0562 11.1734
  20  0.214642  3.6006  5.0956 -1.9701 12.8677 11.8179 10.5043  9.7160  9.0191  8.0821  7.5396  7.3816  9.9024 10.9918
  21  0.228596  3.6034  5.0772 -1.9132 12.6523 11.6371 10.3419  9.5653  8.8752  7.9476  7.4042  7.2445  9.7507 10.8145
  22  0.244972  3.6064  5.0583 -1.8521 12.4280 11.4444 10.1679  9.4035  8.7207  7.8032  7.2593  7.0982  9.5878 10.6257
  23  0.272622  3.6110  5.0294 -1.7584 12.0913 11.1511  9.9014  9.1551  8.4834  7.5813  7.0375  6.8752  9.3378 10.3378
  24  0.297962  3.6147  5.0103 -1.6859 11.8288 10.9227  9.6939  8.9622  8.2994  7.4099  6.8672  6.7049  9.1434 10.1135
  25  0.307910  3.6161  5.0060 -1.6619 11.7397 10.8460  9.6245  8.8980  8.2385  7.3535  6.8115  6.6495  9.0787 10.0382
  26  0.314138  3.6168  5.0036 -1.6476 11.6868 10.8003  9.5831  8.8596  8.2021  7.3198  6.7783  6.6164  9.0401  9.9933
  27  0.318252  3.6174  5.0014 -1.6375 11.6498 10.7684  9.5542  8.8327  8.1765  7.2961  6.7550  6.5932  9.0131  9.9620
  28  0.321121  3.6179  4.9992 -1.6298 11.6218 10.7440  9.5320  8.8122  8.1569  7.2779  6.7369  6.5752  8.9924  9.9379
  29  0.323436  3.6182  4.9970 -1.6230 11.5972 10.7227  9.5126  8.7941  8.1397  7.2620  6.7211  6.5595  8.9743  9.9169
  30  0.325863  3.6186  4.9947 -1.6160 11.5717 10.7006  9.4925  8.7755  8.1220  7.2455  6.7048  6.5433  8.9554  9.8951
  31  0.328996  3.6191  4.9922 -1.6076 11.5412 10.6741  9.4684  8.7530  8.1006  7.2256  6.6851  6.5238  8.9328  9.8691
  32  0.333591  3.6196  4.9891 -1.5961 11.5004 10.6385  9.4358  8.7227  8.0717  7.1984  6.6583  6.4972  8.9022  9.8340
  33  0.340797  3.6205  4.9847 -1.5791 11.4401 10.5857  9.3874  8.6775  8.0285  7.1580  6.6183  6.4575  8.8567  9.7820
  34  0.354234  3.6221  4.9756 -1.5465 11.3232 10.4840  9.2943  8.5906  7.9456  7.0807  6.5421  6.3821  8.7692  9.6817
  35  0.384802  3.6274  4.9497 -1.4637 11.0126 10.2173  9.0532  8.3681  7.7353  6.8871  6.3523  6.1949  8.5449  9.4202
  36  0.406210  3.6320  4.9276 -1.3994 10.7609 10.0039  8.8620  8.1933  7.5716  6.7382  6.2074  6.0532  8.3683  9.2117
  37  0.426242  3.6372  4.9048 -1.3349 10.4969  9.7838  8.6667  8.0164  7.4074  6.5910  6.0655  5.9154  8.1895  8.9977
  38  0.445632  3.6432  4.8823 -1.2692 10.2152  9.5530  8.4643  7.8348  7.2404  6.4436  5.9251  5.7802  8.0055  8.7746
  39  0.459292  3.6479  4.8661 -1.2208 10.0021  9.3801  8.3135  7.7001  7.1173  6.3358  5.8233  5.6829  7.8689  8.6086
  40  0.470170  3.6523  4.8529 -1.1800  9.8174  9.2330  8.1862  7.5868  7.0143  6.2465  5.7398  5.6035  7.7538  8.4682
  41  0.480051  3.6566  4.8412 -1.1420  9.6376  9.0939  8.0670  7.4812  6.9185  6.1642  5.6635  5.5313  7.6463  8.3365
  42  0.489319  3.6609  4.8305 -1.1059  9.4613  8.9602  7.9536  7.3808  6.8277  6.0866  5.5923  5.4640  7.5441  8.2109
  43  0.498437  3.6653  4.8204 -1.0702  9.2850  8.8276  7.8417  7.2819  6.7384  6.0108  5.5230  5.3989  7.4432  8.0878
  44  0.507515  3.6698  4.8108 -1.0346  9.1070  8.6946  7.7306  7.1836  6.6499  5.9362  5.4553  5.3353  7.3429  7.9658
  45  0.516051  3.6744  4.8022 -1.0005  8.9319  8.5659  7.6241  7.0895  6.5655  5.8657  5.3921  5.2762  7.2469  7.8491
  46  0.524737  3.6794  4.7940 -0.9653  8.7491  8.4329  7.5149  6.9933  6.4794  5.7942  5.3286  5.2168  7.1484  7.7299
  47  0.533934  3.6847  4.7854 -0.9279  8.5536  8.2904  7.3990  6.8914  6.3886  5.7194  5.2625  5.1554  7.0439  7.6039
  48  0.543869  3.6905  4.7764 -0.8874  8.3442  8.1371  7.2752  6.7822  6.2915  5.6394  5.1924  5.0902  6.9320  7.4701
  49  0.554471  3.6967  4.7666 -0.8445  8.1258  7.9773  7.1467  6.6681  6.1892  5.5549  5.1182  5.0208  6.8149  7.3321
  50  0.565278  3.7032  4.7568 -0.8004  7.9052  7.8147  7.0165  6.5525  6.0862  5.4698  5.0437  4.9512  6.6962  7.1928
  51  0.575958  3.7097  4.7473 -0.7568  7.6914  7.6554  6.8891  6.4395  5.9854  5.3868  4.9712  4.8835  6.5799  7.0570
  52  0.581209  3.7128  4.7425 -0.7353  7.5887  7.5786  6.8277  6.3846  5.9363  5.3461  4.9357  4.8503  6.5234  6.9916
  53  0.586441  3.7160  4.7376 -0.7139  7.4882  7.5029  6.7671  6.3304  5.8875  5.3058  4.9005  4.8174  6.4675  6.9273
  54  0.591647  3.7191  4.7327 -0.6927  7.3908  7.4287  6.7074  6.2770  5.8394  5.2658  4.8653  4.7846  6.4125  6.8640
  55  0.596822  3.7222  4.7277 -0.6717  7.2958  7.3557  6.6487  6.2242  5.7919  5.2263  4.8306  4.7519  6.3583  6.8018
  56  0.601963  3.7252  4.7226 -0.6509  7.2037  7.2841  6.5908  6.1721  5.7451  5.1872  4.7961  4.7197  6.3047  6.7408
  57  0.607067  3.7281  4.7175 -0.6302  7.1134  7.2134  6.5336  6.1207  5.6988  5.1486  4.7621  4.6878  6.2518  6.6805
  58  0.612125  3.7312  4.7123 -0.6097  7.0258  7.1439  6.4771  6.0699  5.6530  5.1103  4.7283  4.6561  6.1995  6.6211
  59  0.617133  3.7341  4.7071 -0.5894  6.9408  7.0756  6.4215  6.0197  5.6079  5.0725  4.6947  4.6245  6.1478  6.5626
  60  0.622076  3.7369  4.7019 -0.5693  6.8586  7.0089  6.3666  5.9704  5.5636  5.0351  4.6614  4.5932  6.0970  6.5051
  61  0.626955  3.7397  4.6966 -0.5495  6.7788  6.9436  6.3128  5.9219  5.5198  4.9981  4.6284  4.5622  6.0470  6.4484
  62  0.631763  3.7424  4.6913 -0.5299  6.7015  6.8799  6.2601  5.8742  5.4768  4.9617  4.5959  4.5316  5.9980  6.3932
  63  0.636497  3.7451  4.6860 -0.5107  6.6264  6.8177  6.2085  5.8275  5.4344  4.9258  4.5638  4.5014  5.9499  6.3390
  64  0.641157  3.7477  4.6806 -0.4918  6.5536  6.7570  6.1579  5.7816  5.3928  4.8904  4.5321  4.4716  5.9026  6.2861
  65  0.645740  3.7502  4.6752 -0.4731  6.4833  6.6979  6.1083  5.7365  5.3518  4.8554  4.5008  4.4421  5.8563  6.2342
  66  0.650245  3.7527  4.6699 -0.4548  6.4152  6.6401  6.0597  5.6922  5.3115  4.8210  4.4700  4.4130  5.8108  6.1834
  67  0.654669  3.7551  4.6645 -0.4368  6.3489  6.5835  6.0120  5.6489  5.2721  4.7873  4.4396  4.3843  5.7662  6.1336
  68  0.659005  3.7575  4.6591 -0.4191  6.2839  6.5278  5.9653  5.6066  5.2339  4.7544  4.4098  4.3562  5.7225  6.0848
  69  0.663262  3.7598  4.6537 -0.4017  6.2205  6.4731  5.9193  5.5652  5.1965  4.7223  4.3804  4.3286  5.6797  6.0367
  70  0.667440  3.7620  4.6482 -0.3845  6.1590  6.4197  5.8743  5.5245  5.1598  4.6905  4.3514  4.3013  5.6377  5.9896
  71  0.671542  3.7642  4.6428 -0.3677  6.0994  6.3676  5.8302  5.4846  5.1235  4.6593  4.3230  4.2746  5.5965  5.9436
  72  0.675579  3.7664  4.6374 -0.3512  6.0420  6.3170  5.7869  5.4449  5.0874  4.6281  4.2948  4.2479  5.5559  5.8985
  73  0.679544  3.7685  4.6321 -0.3348  5.9862  6.2676  5.7444  5.4060  5.0518  4.5974  4.2672  4.2216  5.5158  5.8542
  74  0.683443  3.7706  4.6268 -0.3187  5.9318  6.2190  5.7025  5.3676  5.0166  4.5670  4.2399  4.1957  5.4764  5.8106
  75  0.687276  3.7726  4.6215 -0.3027  5.8784  6.1712  5.6614  5.3299  4.9821  4.5371  4.2129  4.1702  5.4375  5.7679
  76  0.691053  3.7746  4.6163 -0.2870  5.8262  6.1241  5.6207  5.2926  4.9480  4.5077  4.1864  4.1450  5.3992  5.7256
  77  0.694773  3.7766  4.6112 -0.2715  5.7751  6.0777  5.5806  5.2559  4.9143  4.4786  4.1604  4.1203  5.3615  5.6840
  78  0.698432  3.7786  4.6059 -0.2562  5.7251  6.0322  5.5411  5.2198  4.8812  4.4499  4.1345  4.0957  5.3243  5.6429
  79  0.702038  3.7806  4.6009 -0.2411  5.6760  5.9873  5.5023  5.1841  4.8485  4.4216  4.1090  4.0715  5.2875  5.6025
  80  0.705575  3.7825  4.5959 -0.2262  5.6280  5.9431  5.4639  5.1490  4.8165  4.3937  4.0839  4.0476  5.2514  5.5627
  81  0.709051  3.7843  4.5909 -0.2115  5.5809  5.8996  5.4261  5.1144  4.7849  4.3664  4.0592  4.0242  5.2158  5.5234
  82  0.714083  3.7870  4.5836 -0.1902  5.5126  5.8363  5.3713  5.0643  4.7390  4.3267  4.0235  3.9904  5.1641  5.4664
  83  0.719103  3.7898  4.5761 -0.1688  5.4449  5.7729  5.3162  5.0138  4.6931  4.2869  3.9875  3.9562  5.1123  5.4093
  84  0.724109  3.7925  4.5684 -0.1472  5.3778  5.7095  5.2610  4.9633  4.6468  4.2466  3.9514  3.9217  5.0601  5.3521
  85  0.729099  3.7951  4.5604 -0.1255  5.3120  5.6464  5.2056  4.9122  4.5997  4.2056  3.9146  3.8865  5.0076  5.2947
  86  0.734069  3.7978  4.5521 -0.1038  5.2465  5.5833  5.1501  4.8608  4.5525  4.1643  3.8774  3.8508  4.9549  5.2372
  87  0.739020  3.8003  4.5434 -0.0819  5.1806  5.5198  5.0946  4.8099  4.5057  4.1229  3.8394  3.8146  4.9024  5.1797
  88  0.743945  3.8028  4.5342 -0.0599  5.1143  5.4559  5.0392  4.7592  4.4592  4.0813  3.8005  3.7779  4.8500  5.1222
  89  0.748840  3.8052  4.5246 -0.0377  5.0484  5.3919  4.9833  4.7081  4.4123  4.0390  3.7611  3.7404  4.7972  5.0643
  90  0.753689  3.8076  4.5145 -0.0156  4.9842  5.3284  4.9270  4.6558  4.3638  3.9955  3.7209  3.7017  4.7434  5.0062
  91  0.758474  3.8099  4.5040  0.0068  4.9213  5.2652  4.8701  4.6026  4.3142  3.9510  3.6802  3.6622  4.6889  4.9479
  92  0.763181  3.8120  4.4930  0.0292  4.8591  5.2023  4.8129  4.5488  4.2637  3.9056  3.6388  3.6218  4.6340  4.8892
  93  0.767806  3.8142  4.4816  0.0516  4.7974  5.1394  4.7557  4.4950  4.2132  3.8600  3.5969  3.5809  4.5790  4.8306
  94  0.772345  3.8162  4.4699  0.0741  4.7360  5.0766  4.6985  4.4412  4.1627  3.8140  3.5545  3.5395  4.5240  4.7721
  95  0.776800  3.8182  4.4579  0.0965  4.6750  5.0138  4.6414  4.3874  4.1120  3.7680  3.5119  3.4979  4.4690  4.7136
  96  0.781170  3.8201  4.4457  0.1190  4.6146  4.9512  4.5844  4.3336  4.0614  3.7217  3.4690  3.4560  4.4141  4.6550
  97  0.785460  3.8220  4.4333  0.1413  4.5545  4.8888  4.5272  4.2797  4.0106  3.6751  3.4259  3.4138  4.3589  4.5966
  98  0.789675  3.8239  4.4206  0.1637  4.4949  4.8266  4.4702  4.2258  3.9597  3.6285  3.3825  3.3713  4.3039  4.5383
  99  0.793819  3.8257  4.4078  0.1861  4.4356  4.7644  4.4131  4.1718  3.9087  3.5818  3.3392  3.3287  4.2488  4.4800
 100  0.797897  3.8275  4.3949  0.2083  4.3766  4.7024  4.3561  4.1177  3.8577  3.5349  3.2957  3.2860  4.1937  4.4217
 101  0.801922  3.8293  4.3818  0.2307  4.3178  4.6404  4.2990  4.0637  3.8067  3.4879  3.2520  3.2431  4.1385  4.3634
 102  0.805907  3.8310  4.3686  0.2531  4.2590  4.5782  4.2418  4.0094  3.7554  3.4406  3.2081  3.1999  4.0832  4.3050
 103  0.809849  3.8328  4.3552  0.2755  4.2004  4.5159  4.1843  3.9549  3.7038  3.3931  3.1639  3.1563  4.0275  4.2463
 104  0.813762  3.8346  4.3419  0.2980  4.1416  4.4532  4.1265  3.9001  3.6521  3.3456  3.1199  3.1130  3.9716  4.1873
 105  0.817627  3.8363  4.3284  0.3206  4.0829  4.3905  4.0686  3.8453  3.6001  3.2977  3.0754  3.0691  3.9156  4.1283
 106  0.821410  3.8380  4.3145  0.3432  4.0246  4.3280  4.0107  3.7902  3.5479  3.2495  3.0306  3.0249  3.8595  4.0693
 107  0.825096  3.8396  4.3004  0.3657  3.9666  4.2657  3.9530  3.7354  3.4959  3.2012  2.9856  2.9805  3.8035  4.0105
 108  0.828684  3.8411  4.2860  0.3880  3.9090  4.2039  3.8955  3.6806  3.4439  3.1530  2.9404  2.9358  3.7477  3.9519
 109  0.832167  3.8426  4.2715  0.4103  3.8520  4.1425  3.8385  3.6262  3.3922  3.1046  2.8952  2.8910  3.6922  3.8937
 110  0.835545  3.8440  4.2568  0.4324  3.7956  4.0819  3.7818  3.5721  3.3407  3.0565  2.8499  2.8463  3.6372  3.8360
 111  0.838819  3.8453  4.2420  0.4542  3.7399  4.0219  3.7258  3.5186  3.2895  3.0085  2.8046  2.8015  3.5826  3.7791
 112  0.839660  3.8457  4.2381  0.4600  3.7251  4.0059  3.7109  3.5044  3.2760  2.9959  2.7928  2.7898  3.5681  3.7639
 113  0.840496  3.8462  4.2344  0.4659  3.7099  3.9895  3.6957  3.4899  3.2625  2.9834  2.7811  2.7782  3.5534  3.7484
 114  0.841325  3.8466  4.2306  0.4718  3.6950  3.9733  3.6807  3.4757  3.2490  2.9708  2.7695  2.7667  3.5389  3.7331
 115  0.842148  3.8471  4.2272  0.4777  3.6795  3.9566  3.6653  3.4612  3.2354  2.9584  2.7581  2.7554  3.5241  3.7174
 116  0.842965  3.8476  4.2236  0.4837  3.6643  3.9399  3.6500  3.4467  3.2218  2.9460  2.7467  2.7443  3.5093  3.7017
 117  0.843778  3.8481  4.2202  0.4897  3.6487  3.9230  3.6345  3.4322  3.2082  2.9337  2.7354  2.7332  3.4944  3.6859
 118  0.844585  3.8486  4.2167  0.4957  3.6332  3.9060  3.6190  3.4176  3.1946  2.9214  2.7241  2.7220  3.4794  3.6700
 119  0.845385  3.8491  4.2131  0.5017  3.6177  3.8890  3.6034  3.4029  3.1808  2.9088  2.7126  2.7106  3.4644  3.6541
 120  0.846180  3.8496  4.2093  0.5078  3.6020  3.8719  3.5877  3.3880  3.1668  2.8960  2.7007  2.6989  3.4492  3.6380
 121  0.846968  3.8500  4.2053  0.5139  3.5863  3.8548  3.5718  3.3730  3.1526  2.8828  2.6885  2.6868  3.4338  3.6219
 122  0.847746  3.8504  4.2011  0.5201  3.5705  3.8377  3.5559  3.3577  3.1380  2.8691  2.6757  2.6741  3.4182  3.6057
 123  0.848518  3.8508  4.1965  0.5264  3.5546  3.8206  3.5398  3.3422  3.1232  2.8551  2.6625  2.6609  3.4025  3.5893
 124  0.849281  3.8510  4.1918  0.5327  3.5386  3.8034  3.5235  3.3266  3.1082  2.8408  2.6487  2.6474  3.3866  3.5728
 125  0.850036  3.8513  4.1869  0.5391  3.5226  3.7861  3.5071  3.3107  3.0929  2.8262  2.6348  2.6334  3.3705  3.5562
 126  0.850785  3.8515  4.1819  0.5455  3.5065  3.7687  3.4906  3.2947  3.0774  2.8113  2.6204  2.6192  3.3544  3.5395
 127  0.851529  3.8518  4.1767  0.5521  3.4902  3.7514  3.4739  3.2787  3.0618  2.7962  2.6058  2.6047  3.3381  3.5226
 128  0.852266  3.8520  4.1714  0.5586  3.4739  3.7338  3.4571  3.2623  3.0459  2.7809  2.5910  2.5900  3.3215  3.5058
 129  0.852998  3.8522  4.1658  0.5652  3.4574  3.7162  3.4403  3.2458  3.0298  2.7652  2.5758  2.5749  3.3049  3.4887
 130  0.853724  3.8524  4.1602  0.5719  3.4409  3.6985  3.4232  3.2292  3.0135  2.7494  2.5604  2.5595  3.2880  3.4715
 131  0.854444  3.8525  4.1544  0.5787  3.4242  3.6807  3.4060  3.2123  2.9971  2.7333  2.5446  2.5438  3.2710  3.4541
 132  0.855157  3.8526  4.1485  0.5855  3.4075  3.6628  3.3887  3.1953  2.9804  2.7169  2.5286  2.5278  3.2539  3.4366
 133  0.855864  3.8527  4.1424  0.5923  3.3906  3.6448  3.3712  3.1781  2.9635  2.7002  2.5122  2.5115  3.2367  3.4191
 134  0.856564  3.8528  4.1360  0.5992  3.3737  3.6269  3.3537  3.1607  2.9462  2.6831  2.4952  2.4945  3.2192  3.4015
 135  0.857257  3.8527  4.1292  0.6062  3.3567  3.6091  3.3359  3.1431  2.9286  2.6654  2.4774  2.4767  3.2014  3.3837
 136  0.857940  3.8526  4.1221  0.6133  3.3395  3.5911  3.3180  3.1252  2.9108  2.6473  2.4592  2.4585  3.1835  3.3658
 137  0.858617  3.8525  4.1148  0.6204  3.3224  3.5731  3.3000  3.1072  2.8926  2.6288  2.4406  2.4399  3.1655  3.3478
 138  0.859286  3.8523  4.1073  0.6276  3.3052  3.5550  3.2819  3.0889  2.8742  2.6100  2.4215  2.4208  3.1472  3.3298
 139  0.859947  3.8521  4.0995  0.6347  3.2879  3.5371  3.2636  3.0704  2.8554  2.5906  2.4018  2.4010  3.1288  3.3116
 140  0.860599  3.8518  4.0913  0.6420  3.2705  3.5191  3.2453  3.0516  2.8363  2.5710  2.3815  2.3807  3.1103  3.2933
 141  0.861242  3.8515  4.0828  0.6494  3.2531  3.5011  3.2268  3.0327  2.8169  2.5507  2.3606  2.3598  3.0915  3.2749
 142  0.861875  3.8510  4.0740  0.6568  3.2356  3.4831  3.2081  3.0135  2.7972  2.5300  2.3391  2.3382  3.0725  3.2564
 143  0.862498  3.8505  4.0648  0.6643  3.2181  3.4653  3.1894  2.9942  2.7771  2.5087  2.3169  2.3159  3.0533  3.2379
 144  0.863110  3.8499  4.0552  0.6719  3.2006  3.4476  3.1705  2.9746  2.7566  2.4868  2.2939  2.2928  3.0339  3.2194
 145  0.863711  3.8493  4.0452  0.6795  3.1831  3.4299  3.1515  2.9547  2.7357  2.4643  2.2702  2.2691  3.0144  3.2008
 146  0.864299  3.8485  4.0347  0.6871  3.1656  3.4123  3.1325  2.9346  2.7146  2.4412  2.2456  2.2444  2.9947  3.1822
 147  0.864875  3.8476  4.0238  0.6949  3.1481  3.3950  3.1135  2.9143  2.6929  2.4175  2.2202  2.2188  2.9748  3.1635
 148  0.865438  3.8466  4.0123  0.7027  3.1307  3.3778  3.0943  2.8937  2.6708  2.3930  2.1939  2.1923  2.9549  3.1449
 149  0.865987  3.8455  4.0003  0.7105  3.1135  3.3610  3.0752  2.8729  2.6483  2.3678  2.1665  2.1647  2.9347  3.1264
 150  0.866521  3.8443  3.9877  0.7183  3.0964  3.3444  3.0560  2.8518  2.6253  2.3418  2.1382  2.1359  2.9143  3.1079
 151  0.867041  3.8429  3.9746  0.7263  3.0794  3.3283  3.0368  2.8305  2.6018  2.3150  2.1086  2.1060  2.8937  3.0895
 152  0.867545  3.8413  3.9607  0.7342  3.0627  3.3126  3.0176  2.8091  2.5778  2.2874  2.0780  2.0750  2.8731  3.0712
 153  0.868032  3.8396  3.9463  0.7422  3.0463  3.2973  2.9985  2.7874  2.5534  2.2589  2.0462  2.0429  2.8523  3.0531
 154  0.868504  3.8378  3.9312  0.7502  3.0302  3.2824  2.9794  2.7655  2.5286  2.2297  2.0134  2.0097  2.8315  3.0352
 155  0.868960  3.8358  3.9154  0.7582  3.0145  3.2681  2.9605  2.7434  2.5033  2.1996  1.9794  1.9751  2.8105  3.0175
 156  0.869398  3.8337  3.8991  0.7662  2.9991  3.2542  2.9416  2.7212  2.4778  2.1688  1.9445  1.9395  2.7895  2.9998
 157  0.869820  3.8314  3.8821  0.7742  2.9842  3.2409  2.9229  2.6988  2.4518  2.1373  1.9085  1.9028  2.7685  2.9825
 158  0.870225  3.8289  3.8645  0.7822  2.9698  3.2282  2.9044  2.6764  2.4255  2.1052  1.8714  1.8651  2.7475  2.9654
 159  0.870613  3.8263  3.8463  0.7902  2.9559  3.2160  2.8860  2.6540  2.3989  2.0722  1.8332  1.8262  2.7265  2.9487
 160  0.870985  3.8235  3.8273  0.7982  2.9427  3.2044  2.8680  2.6317  2.3722  2.0387  1.7942  1.7863  2.7057  2.9324
 161  0.871342  3.8206  3.8078  0.8062  2.9302  3.1935  2.8500  2.6091  2.3450  2.0044  1.7542  1.7454  2.6848  2.9163
 162  0.871589  3.8184  3.7933  0.8119  2.9219  3.1865  2.8368  2.5920  2.3244  1.9788  1.7246  1.7147  2.6692  2.9046
 163  0.871833  3.8160  3.7782  0.8177  2.9143  3.1800  2.8233  2.5743  2.3025  1.9520  1.6939  1.6826  2.6530  2.8929
 164  0.872074  3.8135  3.7624  0.8236  2.9070  3.1740  2.8099  2.5564  2.2804  1.9244  1.6621  1.6493  2.6367  2.8812
 165  0.872311  3.8109  3.7461  0.8295  2.9002  3.1678  2.7969  2.5390  2.2589  1.8964  1.6292  1.6153  2.6209  2.8698
 166  0.872544  3.8081  3.7290  0.8355  2.8939  3.1617  2.7842  2.5220  2.2375  1.8682  1.5953  1.5804  2.6053  2.8588
 167  0.872774  3.8051  3.7113  0.8415  2.8883  3.1562  2.7716  2.5049  2.2159  1.8391  1.5603  1.5445  2.5897  2.8481
 168  0.873001  3.8021  3.6933  0.8476  2.8831  3.1512  2.7591  2.4877  2.1939  1.8095  1.5246  1.5077  2.5740  2.8377
 169  0.873224  3.7990  3.6748  0.8537  2.8788  3.1468  2.7467  2.4703  2.1716  1.7793  1.4878  1.4699  2.5582  2.8274
 170  0.873445  3.7957  3.6557  0.8597  2.8752  3.1428  2.7345  2.4530  2.1492  1.7486  1.4504  1.4313  2.5426  2.8174
 171  0.873664  3.7923  3.6360  0.8658  2.8734  3.1400  2.7224  2.4353  2.1261  1.7168  1.4119  1.3913  2.5268  2.8077
 172  0.873880  3.7886  3.6154  0.8718  2.8753  3.1402  2.7103  2.4160  2.1004  1.6829  1.3721  1.3488  2.5100  2.7986
 173  0.874094  3.7846  3.5935  0.8776  2.8801  3.1423  2.6987  2.3969  2.0744  1.6476  1.3305  1.3042  2.4933  2.7905
 174  0.874305  3.7803  3.5706  0.8834  2.8854  3.1441  2.6883  2.3795  2.0502  1.6131  1.2882  1.2597  2.4783  2.7832
 175  0.874518  3.7764  3.5493  0.8893  2.8897  3.1442  2.6775  2.3623  2.0270  1.5804  1.2483  1.2178  2.4630  2.7753
 176  0.874732  3.7727  3.5286  0.8953  2.8945  3.1444  2.6666  2.3449  2.0037  1.5479  1.2090  1.1765  2.4477  2.7672
 177  0.874942  3.7691  3.5082  0.9014  2.8993  3.1441  2.6554  2.3275  1.9805  1.5156  1.1702  1.1356  2.4321  2.7587
 178  0.875146  3.7656  3.4879  0.9078  2.9038  3.1430  2.6435  2.3099  1.9572  1.4836  1.1315  1.0950  2.4162  2.7496
 179  0.875343  3.7625  3.4688  0.9145  2.9062  3.1396  2.6303  2.2914  1.9338  1.4523  1.0944  1.0560  2.3994  2.7390
 180  0.875532  3.7596  3.4506  0.9215  2.9068  3.1345  2.6161  2.2723  1.9102  1.4215  1.0585  1.0184  2.3817  2.7270
 181  0.875709  3.7572  3.4333  0.9291  2.9047  3.1268  2.6003  2.2523  1.8861  1.3912  1.0240  0.9823  2.3630  2.7133
 182  0.875904  3.7547  3.4141  0.9385  2.8988  3.1149  2.5801  2.2278  1.8576  1.3564  0.9847  0.9413  2.3397  2.6952
 183  0.876093  3.7525  3.3952  0.9486  2.8891  3.0995  2.5575  2.2015  1.8278  1.3208  0.9450  0.9004  2.3145  2.6745
 184  0.876279  3.7505  3.3765  0.9596  2.8761  3.0812  2.5327  2.1733  1.7965  1.2845  0.9051  0.8593  2.2873  2.6512
 185  0.876459  3.7489  3.3582  0.9714  2.8599  3.0600  2.5058  2.1435  1.7638  1.2476  0.8652  0.8183  2.2583  2.6258
 186  0.876636  3.7474  3.3401  0.9833  2.8425  3.0376  2.4779  2.1126  1.7305  1.2104  0.8254  0.7776  2.2283  2.5992
 187  0.876808  3.7460  3.3223  0.9959  2.8227  3.0133  2.4485  2.0806  1.6961  1.1728  0.7858  0.7369  2.1970  2.5710
 188  0.876979  3.7449  3.3049  1.0088  2.8009  2.9872  2.4180  2.0479  1.6613  1.1352  0.7463  0.6966  2.1649  2.5415
 189  0.877148  3.7437  3.2875  1.0218  2.7783  2.9606  2.3872  2.0149  1.6263  1.0974  0.7068  0.6564  2.1326  2.5117
 190  0.877313  3.7428  3.2704  1.0351  2.7538  2.9324  2.3554  1.9813  1.5910  1.0597  0.6675  0.6164  2.0995  2.4808
 191  0.877479  3.7418  3.2534  1.0484  2.7287  2.9038  2.3234  1.9476  1.5557  1.0220  0.6282  0.5765  2.0663  2.4496
 192  0.877643  3.7410  3.2366  1.0620  2.7024  2.8742  2.2909  1.9136  1.5202  0.9844  0.5891  0.5370  2.0327  2.4178
 193  0.877805  3.7402  3.2200  1.0756  2.6755  2.8442  2.2582  1.8794  1.4848  0.9469  0.5501  0.4976  1.9989  2.3857
 194  0.877968  3.7395  3.2035  1.0892  2.6478  2.8137  2.2252  1.8452  1.4494  0.9095  0.5113  0.4583  1.9650  2.3534
 195  0.878130  3.7388  3.1873  1.1030  2.6194  2.7826  2.1920  1.8109  1.4140  0.8723  0.4727  0.4195  1.9310  2.3207
 196  0.878291  3.7382  3.1710  1.1167  2.5909  2.7515  2.1588  1.7766  1.3788  0.8352  0.4341  0.3806  1.8970  2.2880
 197  0.878452  3.7376  3.1549  1.1305  2.5618  2.7200  2.1253  1.7421  1.3434  0.7980  0.3956  0.3419  1.8628  2.2550
 198  0.878613  3.7370  3.1389  1.1443  2.5324  2.6882  2.0916  1.7075  1.3079  0.7609  0.3572  0.3031  1.8284  2.2218
 199  0.878772  3.7364  3.1229  1.1582  2.5026  2.6561  2.0578  1.6729  1.2723  0.7238  0.3187  0.2644  1.7939  2.1884
 200  0.878931  3.7359  3.1068  1.1723  2.4724  2.6237  2.0236  1.6379  1.2366  0.6864  0.2802  0.2257  1.7592  2.1546
 201  0.879089  3.7354  3.0908  1.1863  2.4420  2.5910  1.9893  1.6027  1.2007  0.6490  0.2415  0.1868  1.7243  2.1207
 202  0.879245  3.7349  3.0746  1.2005  2.4112  2.5580  1.9548  1.5674  1.1646  0.6114  0.2027  0.1478  1.6891  2.0866
 203  0.879401  3.7344  3.0585  1.2148  2.3801  2.5247  1.9199  1.5318  1.1282  0.5735  0.1636  0.1086  1.6537  2.0521
 204  0.879554  3.7339  3.0423  1.2292  2.3487  2.4911  1.8849  1.4960  1.0916  0.5354  0.1243  0.0692  1.6181  2.0174
 205  0.879708  3.7335  3.0260  1.2436  2.3170  2.4573  1.8494  1.4599  1.0548  0.4973  0.0849  0.0297  1.5822  1.9823
 206  0.879860  3.7330  3.0098  1.2581  2.2852  2.4233  1.8140  1.4237  1.0179  0.4589  0.0454 -0.0099  1.5461  1.9472
 207  0.880011  3.7325  2.9933  1.2728  2.2530  2.3888  1.7781  1.3871  0.9807  0.4203  0.0056 -0.0500  1.5097  1.9117
 208  0.880158  3.7320  2.9766  1.2876  2.2204  2.3540  1.7418  1.3501  0.9429  0.3809 -0.0351 -0.0907  1.4729  1.8758
 209  0.880302  3.7315  2.9591  1.3029  2.1881  2.3190  1.7048  1.3122  0.9040  0.3403 -0.0771 -0.1329  1.4352  1.8393
 210  0.880441  3.7310  2.9418  1.3184  2.1535  2.2823  1.6669  1.2735  0.8648  0.2996 -0.1190 -0.1749  1.3967  1.8017
 211  0.880576  3.7305  2.9239  1.3342  2.1197  2.2456  1.6283  1.2340  0.8244  0.2575 -0.1625 -0.2186  1.3575  1.7636
 212  0.880706  3.7299  2.9055  1.3503  2.0853  2.2085  1.5891  1.1940  0.7834  0.2148 -0.2066 -0.2629  1.3176  1.7249
 213  0.880832  3.7294  2.8874  1.3666  2.0493  2.1701  1.5492  1.1534  0.7420  0.1721 -0.2506 -0.3070  1.2771  1.6853
 214  0.880955  3.7288  2.8685  1.3831  2.0144  2.1322  1.5091  1.1122  0.6998  0.1280 -0.2960 -0.3526  1.2362  1.6458
 215  0.881075  3.7283  2.8499  1.3997  1.9780  2.0931  1.4683  1.0706  0.6574  0.0841 -0.3410 -0.3978  1.1948  1.6054
 216  0.881191  3.7277  2.8309  1.4166  1.9423  2.0544  1.4273  1.0285  0.6143  0.0393 -0.3871 -0.4441  1.1530  1.5650
 217  0.881221  3.7276  2.8260  1.4209  1.9327  2.0442  1.4167  1.0177  0.6034  0.0281 -0.3986 -0.4558  1.1423  1.5545
 218  0.881250  3.7275  2.8212  1.4252  1.9233  2.0341  1.4062  1.0069  0.5924  0.0167 -0.4103 -0.4675  1.1316  1.5440
 219  0.881279  3.7273  2.8163  1.4295  1.9143  2.0243  1.3957  0.9961  0.5813  0.0051 -0.4222 -0.4794  1.1209  1.5337
 220  0.881308  3.7272  2.8113  1.4340  1.9053  2.0143  1.3851  0.9852  0.5701 -0.0065 -0.4342 -0.4915  1.1100  1.5232
 221  0.881337  3.7270  2.8062  1.4384  1.8960  2.0043  1.3744  0.9741  0.5588 -0.0182 -0.4463 -0.5037  1.0991  1.5127
 222  0.881365  3.7269  2.8013  1.4428  1.8866  1.9941  1.3637  0.9631  0.5475 -0.0299 -0.4583 -0.5157  1.0882  1.5021
 223  0.881394  3.7268  2.7965  1.4472  1.8768  1.9836  1.3528  0.9521  0.5363 -0.0414 -0.4700 -0.5275  1.0772  1.4913
 224  0.881422  3.7266  2.7915  1.4516  1.8674  1.9733  1.3419  0.9410  0.5250 -0.0532 -0.4820 -0.5396  1.0661  1.4806
 225  0.881449  3.7264  2.7863  1.4561  1.8582  1.9633  1.3311  0.9299  0.5135 -0.0652 -0.4943 -0.5521  1.0551  1.4700
 226  0.881477  3.7263  2.7813  1.4606  1.8486  1.9530  1.3203  0.9186  0.5021 -0.0770 -0.5066 -0.5643  1.0440  1.4592
 227  0.881707  3.7250  2.7381  1.4988  1.7683  1.8655  1.2275  0.8233  0.4044 -0.1781 -0.6102 -0.6686  0.9494  1.3677
 228  0.881928  3.7237  2.6933  1.5384  1.6846  1.7744  1.1308  0.7241  0.3028 -0.2834 -0.7179 -0.7769  0.8507  1.2724
 229  0.882147  3.7223  2.6453  1.5809  1.5954  1.6771  1.0275  0.6180  0.1942 -0.3959 -0.8334 -0.8931  0.7454  1.1704
 230  0.882344  3.7209  2.5982  1.6223  1.5094  1.5828  0.9271  0.5147  0.0883 -0.5060 -0.9465 -1.0068  0.6429  1.0714
 231  0.882522  3.7195  2.5524  1.6627  1.4253  1.4905  0.8290  0.4139 -0.0150 -0.6133 -1.0570 -1.1179  0.5428  0.9746
 232  0.882688  3.7181  2.5061  1.7036  1.3406  1.3974  0.7300  0.3123 -0.1190 -0.7215 -1.1686 -1.2301  0.4419  0.8769
 233  0.882847  3.7165  2.4577  1.7457  1.2553  1.3027  0.6285  0.2077 -0.2263 -0.8338 -1.2850 -1.3470  0.3380  0.7769
 234  0.882991  3.7150  2.4106  1.7866  1.1736  1.2114  0.5300  0.1063 -0.3306 -0.9431 -1.3982 -1.4608  0.2374  0.6800
 235  0.883120  3.7134  2.3643  1.8267  1.0942  1.1222  0.4336  0.0068 -0.4328 -1.0503 -1.5094 -1.5726  0.1387  0.5853
 236  0.883238  3.7119  2.3194  1.8656  1.0179  1.0360  0.3403 -0.0895 -0.5319 -1.1543 -1.6174 -1.6812  0.0432  0.4936
 237  0.883350  3.7103  2.2729  1.9058  0.9401  0.9476  0.2442 -0.1888 -0.6342 -1.2618 -1.7292 -1.7935 -0.0553  0.3991
 238  0.883455  3.7087  2.2264  1.9459  0.8631  0.8596  0.1482 -0.2881 -0.7366 -1.3694 -1.8410 -1.9059 -0.1539  0.3047
 239  0.883553  3.7071  2.1794  1.9864  0.7863  0.7712  0.0515 -0.3883 -0.8400 -1.4779 -1.9535 -2.0190 -0.2532  0.2098
 240  0.883642  3.7055  2.1336  2.0259  0.7126  0.6858 -0.0428 -0.4863 -0.9410 -1.5837 -2.0628 -2.1292 -0.3501  0.1174
 241  0.883722  3.7039  2.0891  2.0643  0.6420  0.6034 -0.1341 -0.5813 -1.0392 -1.6865 -2.1687 -2.2360 -0.4442  0.0280
 242  0.883798  3.7024  2.0438  2.1034  0.5713  0.5201 -0.2270 -0.6781 -1.1394 -1.7913 -2.2765 -2.3447 -0.5400 -0.0629
 243  0.883868  3.7008  1.9997  2.1413  0.5037  0.4399 -0.3170 -0.7722 -1.2366 -1.8930 -2.3811 -2.4504 -0.6330 -0.1509
 244  0.883933  3.6992  1.9557  2.1788  0.4396  0.3621 -0.4054 -0.8648 -1.3329 -1.9941 -2.4853 -2.5557 -0.7245 -0.2372
 245  0.883992  3.6975  1.9124  2.2155  0.3778  0.2863 -0.4918 -0.9554 -1.4270 -2.0933 -2.5883 -2.6595 -0.8140 -0.3214
 246  0.884047  3.6959  1.8706  2.2509  0.3194  0.2139 -0.5748 -1.0424 -1.5173 -2.1889 -2.6876 -2.7598 -0.9000 -0.4021
 247  0.884098  3.6945  1.8334  2.2824  0.2681  0.1499 -0.6483 -1.1196 -1.5977 -2.2739 -2.7763 -2.8490 -0.9763 -0.4737
 248  0.884146  3.6935  1.8058  2.3060  0.2284  0.1011 -0.7039 -1.1777 -1.6579 -2.3374 -2.8422 -2.9155 -1.0337 -0.5279
 249  0.884195  3.6934  1.8021  2.3096  0.2206  0.0926 -0.7127 -1.1867 -1.6670 -2.3467 -2.8517 -2.9249 -1.0427 -0.5367
 250  0.884243  3.6933  1.7896  2.3212  0.1974  0.0664 -0.7406 -1.2152 -1.6961 -2.3767 -2.8826 -2.9557 -1.0710 -0.5643
 251  0.884292  3.6911  1.7392  2.3634  0.1327 -0.0173 -0.8384 -1.3184 -1.8037 -2.4912 -3.0022 -3.0763 -1.1729 -0.6592
 252  0.884336  3.6893  1.6906  2.4045  0.0693 -0.0993 -0.9335 -1.4186 -1.9082 -2.6021 -3.1181 -3.1930 -1.2718 -0.7517
 253  0.884376  3.6874  1.6430  2.4447  0.0080 -0.1792 -1.0267 -1.5167 -2.0104 -2.7107 -3.2314 -3.3073 -1.3687 -0.8420
 254  0.884413  3.6856  1.5958  2.4846 -0.0511 -0.2575 -1.1183 -1.6134 -2.1115 -2.8181 -3.3437 -3.4204 -1.4643 -0.9309
 255  0.884446  3.6839  1.5512  2.5222 -0.1057 -0.3311 -1.2048 -1.7050 -2.2071 -2.9199 -3.4501 -3.5274 -1.5546 -1.0145
 256  0.884477  3.6822  1.5071  2.5595 -0.1583 -0.4030 -1.2898 -1.7951 -2.3015 -3.0204 -3.5552 -3.6333 -1.6436 -1.0968
 257  0.884505  3.6804  1.4637  2.5959 -0.2053 -0.4710 -1.3720 -1.8828 -2.3935 -3.1190 -3.6588 -3.7376 -1.7300 -1.1759
 258  0.884531  3.6786  1.4214  2.6310 -0.2479 -0.5352 -1.4508 -1.9672 -2.4826 -3.2147 -3.7595 -3.8391 -1.8132 -1.2517
 259  0.884555  3.6769  1.3798  2.6656 -0.2876 -0.5973 -1.5279 -2.0502 -2.5702 -3.3088 -3.8581 -3.9387 -1.8949 -1.3254
 260  0.884577  3.6750  1.3388  2.6996 -0.3250 -0.6575 -1.6034 -2.1318 -2.6565 -3.4014 -3.9551 -4.0367 -1.9751 -1.3976
 261  0.884598  3.6733  1.2984  2.7331 -0.3598 -0.7157 -1.6773 -2.2119 -2.7414 -3.4926 -4.0502 -4.1332 -2.0539 -1.4680
 262  0.884617  3.6716  1.2594  2.7655 -0.3917 -0.7712 -1.7485 -2.2892 -2.8235 -3.5809 -4.1421 -4.2263 -2.1299 -1.5357
 263  0.884635  3.6700  1.2208  2.7974 -0.4218 -0.8254 -1.8183 -2.3653 -2.9046 -3.6679 -4.2326 -4.3179 -2.2047 -1.6019
 264  0.884652  3.6683  1.1829  2.8288 -0.4501 -0.8781 -1.8865 -2.4398 -2.9838 -3.7531 -4.3215 -4.4079 -2.2778 -1.6665
 265  0.884667  3.6667  1.1457  2.8595 -0.4762 -0.9289 -1.9528 -2.5124 -3.0611 -3.8366 -4.4089 -4.4964 -2.3491 -1.7293
 266  0.884681  3.6651  1.1093  2.8894 -0.5008 -0.9782 -2.0173 -2.5831 -3.1367 -3.9184 -4.4947 -4.5832 -2.4187 -1.7903
 267  0.884695  3.6636  1.0735  2.9189 -0.5233 -1.0259 -2.0803 -2.6522 -3.2106 -3.9986 -4.5792 -4.6685 -2.4866 -1.8496
 268  0.884707  3.6620  1.0385  2.9478 -0.5440 -1.0716 -2.1414 -2.7195 -3.2827 -4.0772 -4.6622 -4.7523 -2.5528 -1.9071
 269  0.884719  3.6605  1.0041  2.9761 -0.5628 -1.1156 -2.2007 -2.7851 -3.3532 -4.1540 -4.7434 -4.8342 -2.6174 -1.9628
 270  0.884730  3.6589  0.9698  3.0040 -0.5776 -1.1570 -2.2583 -2.8494 -3.4226 -4.2302 -4.8241 -4.9159 -2.6806 -2.0167
 271  0.884740  3.6573  0.9363  3.0310 -0.5894 -1.1958 -2.3138 -2.9116 -3.4899 -4.3044 -4.9029 -4.9956 -2.7416 -2.0682
 272  0.884750  3.6557  0.9033  3.0577 -0.5990 -1.2331 -2.3677 -2.9724 -3.5559 -4.3774 -4.9806 -5.0741 -2.8013 -2.1181
 273  0.884758  3.6541  0.8705  3.0841 -0.6070 -1.2691 -2.4207 -3.0324 -3.6212 -4.4498 -5.0576 -5.1520 -2.8601 -2.1670
 274  0.884767  3.6525  0.8387  3.1096 -0.6126 -1.3027 -2.4712 -3.0900 -3.6842 -4.5196 -5.1320 -5.2274 -2.9166 -2.2134
 275  0.884775  3.6510  0.8073  3.1346 -0.6161 -1.3349 -2.5204 -3.1463 -3.7460 -4.5884 -5.2055 -5.3018 -2.9719 -2.2584
 276  0.884783  3.6495  0.7767  3.1592 -0.6182 -1.3656 -2.5680 -3.2011 -3.8062 -4.6556 -5.2774 -5.3745 -3.0257 -2.3018
 277  0.884790  3.6480  0.7469  3.1830 -0.6187 -1.3946 -2.6137 -3.2539 -3.8643 -4.7208 -5.3472 -5.4451 -3.0775 -2.3434
 278  0.884797  3.6465  0.7184  3.2058 -0.6183 -1.4219 -2.6570 -3.3042 -3.9199 -4.7831 -5.4139 -5.5128 -3.1269 -2.3826
 279  0.884797  3.6453  0.6941  3.2252 -0.6173 -1.4446 -2.6939 -3.3471 -3.9673 -4.8363 -5.4709 -5.5705 -3.1689 -2.4159
