NUMBER OF AGES= 1 MAGS=10
----------------------------------------------------       
MIX-LEN  Y      Z          Zeff        [Fe/H] [a/Fe]
 1.9380  0.2452 1.3168E-04 1.7223E-04  -2.00  -0.20 
----------------------------------------------------       
**PHOTOMETRIC SYSTEM**: Bessell UBV(RI)c + 2MASS JHKs + Kepler (Vega)
----------------------------------------------------       
AGE= 8.000 EEPS=268
#EEP   M    LogTeff  LogG   LogL U       B       V       R       I       J       H       Ks      Kp      D51
  11  0.103674  3.5374  5.3745 -2.8179 17.1506 14.9103 13.1077 12.0832 11.1439 10.0161  9.5898  9.4870 12.2414 13.9357
  12  0.113829  3.5497  5.3313 -2.6848 16.2539 14.3784 12.6732 11.6888 10.8190  9.7208  9.2576  9.1396 11.8651 13.4353
  13  0.125273  3.5623  5.2868 -2.5485 15.4524 13.8406 12.2359 11.2928 10.4800  9.4168  8.9246  8.7970 11.4800 12.9297
  14  0.139207  3.5743  5.2416 -2.4095 14.7287 13.3062 11.7961 10.8978 10.1288  9.1042  8.5900  8.4550 11.0891 12.4278
  15  0.155441  3.5835  5.2005 -2.2839 14.1489 12.8530 11.4135 10.5520  9.8108  8.8169  8.2898  8.1474 10.7433 11.9977
  16  0.172027  3.5896  5.1675 -2.1824 13.7206 12.5088 11.1154 10.2793  9.5547  8.5808  8.0469  7.8989 10.4695 11.6662
  17  0.186744  3.5937  5.1418 -2.1042 13.4006 12.2513 10.8891 10.0712  9.3574  8.3976  7.8597  7.7076 10.2602 11.4158
  18  0.200074  3.5971  5.1203 -2.0390 13.1376 12.0389 10.7014  9.8982  9.1929  8.2444  7.7041  7.5489 10.0859 11.2083
  19  0.213029  3.6001  5.1008 -1.9804 12.9058 11.8497 10.5330  9.7428  9.0448  8.1064  7.5643  7.4067  9.9294 11.0230
  20  0.226685  3.6030  5.0825 -1.9239 12.6905 11.6699 10.3718  9.5932  8.9022  7.9731  7.4299  7.2706  9.7788 10.8468
  21  0.242090  3.6058  5.0641 -1.8654 12.4752 11.4854 10.2052  9.4384  8.7542  7.8348  7.2911  7.1302  9.6230 10.6660
  22  0.265513  3.6098  5.0390 -1.7843 12.1822 11.2309  9.9743  9.2233  8.5488  7.6428  7.0990  6.9369  9.4065 10.4163
  23  0.292581  3.6139  5.0150 -1.7017 11.8866 10.9727  9.7394  9.0044  8.3397  7.4475  6.9046  6.7422  9.1861 10.1628
  24  0.305320  3.6157  5.0085 -1.6697 11.7680 10.8705  9.6468  8.9186  8.2581  7.3719  6.8298  6.6676  9.0996 10.0622
  25  0.312311  3.6166  5.0059 -1.6535 11.7082 10.8189  9.6001  8.8755  8.2172  7.3340  6.7924  6.6305  9.0561 10.0117
  26  0.316988  3.6172  5.0036 -1.6424 11.6673 10.7836  9.5681  8.8457  8.1889  7.3077  6.7665  6.6047  9.0261  9.9769
  27  0.320195  3.6176  5.0014 -1.6340 11.6368 10.7571  9.5440  8.8233  8.1675  7.2879  6.7468  6.5851  9.0036  9.9509
  28  0.322624  3.6180  4.9991 -1.6270 11.6117 10.7352  9.5240  8.8048  8.1499  7.2713  6.7305  6.5689  8.9849  9.9293
  29  0.324912  3.6184  4.9968 -1.6202 11.5872 10.7139  9.5045  8.7867  8.1327  7.2553  6.7146  6.5531  8.9667  9.9082
  30  0.327674  3.6188  4.9944 -1.6125 11.5592 10.6897  9.4824  8.7661  8.1130  7.2371  6.6965  6.5351  8.9460  9.8843
  31  0.331576  3.6193  4.9915 -1.6025 11.5232 10.6583  9.4537  8.7394  8.0875  7.2133  6.6730  6.5118  8.9191  9.8535
  32  0.337633  3.6200  4.9877 -1.5878 11.4712 10.6129  9.4123  8.7006  8.0504  7.1786  6.6387  6.4777  8.8800  9.8088
  33  0.347705  3.6212  4.9811 -1.5637 11.3855 10.5381  9.3437  8.6366  7.9894  7.1214  6.5823  6.4218  8.8155  9.7350
  34  0.385123  3.6273  4.9510 -1.4648 11.0164 10.2207  9.0564  8.3711  7.7382  6.8899  6.3551  6.1977  8.5479  9.4236
  35  0.412570  3.6334  4.9233 -1.3830 10.6945  9.9482  8.8125  8.1484  7.5299  6.7008  6.1713  6.0181  8.3230  9.1577
  36  0.433817  3.6391  4.8991 -1.3138 10.4067  9.7097  8.6017  7.9581  7.3538  6.5437  6.0205  5.8721  8.1304  8.9261
  37  0.451591  3.6448  4.8785 -1.2532 10.1437  9.4951  8.4139  7.7899  7.1995  6.4079  5.8916  5.7482  7.9599  8.7190
  38  0.464371  3.6495  4.8634 -1.2072  9.9393  9.3302  8.2704  7.6620  7.0829  6.3062  5.7958  5.6569  7.8302  8.5610
  39  0.475457  3.6540  4.8504 -1.1657  9.7481  9.1794  8.1405  7.5466  6.9781  6.2156  5.7114  5.5768  7.7129  8.4175
  40  0.485308  3.6584  4.8390 -1.1279  9.5665  9.0403  8.0219  7.4415  6.8828  6.1341  5.6361  5.5055  7.6059  8.2862
  41  0.494726  3.6628  4.8285 -1.0914  9.3872  8.9052  7.9074  7.3402  6.7913  6.0562  5.5648  5.4384  7.5028  8.1598
  42  0.504115  3.6674  4.8185 -1.0551  9.2071  8.7700  7.7940  7.2399  6.7009  5.9798  5.4952  5.3729  7.4004  8.0351
  43  0.512926  3.6719  4.8096 -1.0206  9.0323  8.6403  7.6860  7.1446  6.6154  5.9078  5.4304  5.3122  7.3031  7.9167
  44  0.521670  3.6766  4.8013 -0.9860  8.8530  8.5094  7.5781  7.0495  6.5300  5.8368  5.3669  5.2528  7.2058  7.7986
  45  0.530734  3.6818  4.7931 -0.9497  8.6633  8.3716  7.4657  6.9504  6.4414  5.7637  5.3022  5.1925  7.1043  7.6759
  46  0.540672  3.6875  4.7843 -0.9100  8.4561  8.2200  7.3428  6.8423  6.3454  5.6848  5.2328  5.1280  6.9936  7.5428
  47  0.551674  3.6939  4.7746 -0.8661  8.2312  8.0555  7.2104  6.7251  6.2407  5.5984  5.1570  5.0573  6.8732  7.4001
  48  0.563306  3.7007  4.7644 -0.8197  7.9965  7.8834  7.0725  6.6026  6.1314  5.5080  5.0778  4.9834  6.7476  7.2522
  49  0.575050  3.7076  4.7544 -0.7727  7.7634  7.7104  6.9342  6.4802  6.0224  5.4184  4.9995  4.9103  6.6215  7.1047
  50  0.586659  3.7145  4.7444 -0.7263  7.5408  7.5439  6.8012  6.3615  5.9161  5.3306  4.9230  4.8389  6.4994  6.9630
  51  0.597930  3.7211  4.7342 -0.6815  7.3346  7.3870  6.6751  6.2486  5.8146  5.2464  4.8492  4.7697  6.3832  6.8295
  52  0.603321  3.7242  4.7292 -0.6602  7.2396  7.3135  6.6158  6.1953  5.7667  5.2064  4.8140  4.7369  6.3284  6.7668
  53  0.608698  3.7273  4.7242 -0.6390  7.1462  7.2407  6.5570  6.1425  5.7192  5.1669  4.7792  4.7043  6.2740  6.7048
  54  0.614044  3.7305  4.7191 -0.6179  7.0555  7.1690  6.4989  6.0902  5.6721  5.1276  4.7446  4.6719  6.2202  6.6436
  55  0.619347  3.7335  4.7139 -0.5970  6.9672  7.0984  6.4414  6.0386  5.6257  5.0888  4.7103  4.6396  6.1670  6.5833
  56  0.624597  3.7364  4.7087 -0.5764  6.8819  7.0293  6.3849  5.9877  5.5800  5.0504  4.6760  4.6075  6.1146  6.5238
  57  0.629788  3.7393  4.7035 -0.5560  6.7991  6.9618  6.3293  5.9376  5.5350  5.0124  4.6421  4.5758  6.0630  6.4654
  58  0.634914  3.7421  4.6982 -0.5357  6.7188  6.8958  6.2749  5.8884  5.4906  4.9749  4.6087  4.5443  6.0124  6.4082
  59  0.639973  3.7449  4.6929 -0.5159  6.6408  6.8314  6.2215  5.8402  5.4469  4.9379  4.5757  4.5133  5.9627  6.3522
  60  0.644954  3.7476  4.6876 -0.4963  6.5654  6.7685  6.1692  5.7928  5.4039  4.9015  4.5433  4.4828  5.9139  6.2974
  61  0.649863  3.7503  4.6823 -0.4771  6.4925  6.7073  6.1179  5.7462  5.3616  4.8655  4.5112  4.4525  5.8660  6.2438
  62  0.654691  3.7529  4.6769 -0.4581  6.4219  6.6475  6.0677  5.7005  5.3201  4.8302  4.4795  4.4226  5.8190  6.1913
  63  0.659433  3.7554  4.6715 -0.4395  6.3533  6.5890  6.0184  5.6559  5.2795  4.7954  4.4482  4.3931  5.7729  6.1398
  64  0.664097  3.7579  4.6661 -0.4212  6.2860  6.5313  5.9700  5.6121  5.2400  4.7615  4.4175  4.3642  5.7278  6.0892
  65  0.668681  3.7603  4.6607 -0.4031  6.2202  6.4746  5.9224  5.5692  5.2014  4.7283  4.3872  4.3357  5.6835  6.0394
  66  0.673197  3.7626  4.6552 -0.3855  6.1562  6.4191  5.8758  5.5270  5.1634  4.6956  4.3575  4.3078  5.6400  5.9906
  67  0.677643  3.7649  4.6498 -0.3679  6.0946  6.3652  5.8300  5.4855  5.1256  4.6631  4.3280  4.2800  5.5971  5.9428
  68  0.682023  3.7672  4.6445 -0.3507  6.0349  6.3126  5.7850  5.4444  5.0881  4.6309  4.2991  4.2526  5.5548  5.8959
  69  0.686342  3.7695  4.6392 -0.3336  5.9767  6.2610  5.7406  5.4038  5.0510  4.5990  4.2704  4.2255  5.5132  5.8497
  70  0.690599  3.7717  4.6340 -0.3168  5.9198  6.2101  5.6970  5.3639  5.0146  4.5675  4.2422  4.1987  5.4720  5.8043
  71  0.694798  3.7739  4.6288 -0.3001  5.8639  6.1600  5.6539  5.3245  4.9786  4.5367  4.2146  4.1725  5.4315  5.7595
  72  0.698943  3.7761  4.6236 -0.2837  5.8092  6.1107  5.6114  5.2856  4.9430  4.5061  4.1872  4.1466  5.3915  5.7153
  73  0.703031  3.7782  4.6185 -0.2675  5.7556  6.0622  5.5695  5.2474  4.9080  4.4760  4.1602  4.1210  5.3521  5.6717
  74  0.707046  3.7803  4.6136 -0.2515  5.7032  6.0144  5.5283  5.2097  4.8738  4.4464  4.1337  4.0960  5.3133  5.6288
  75  0.710988  3.7825  4.6087 -0.2358  5.6520  5.9674  5.4877  5.1726  4.8400  4.4174  4.1077  4.0713  5.2751  5.5866
  76  0.714869  3.7845  4.6039 -0.2202  5.6017  5.9211  5.4477  5.1362  4.8068  4.3889  4.0821  4.0471  5.2376  5.5449
  77  0.718687  3.7866  4.5991 -0.2049  5.5523  5.8754  5.4083  5.1003  4.7742  4.3609  4.0571  4.0234  5.2006  5.5040
  78  0.722439  3.7886  4.5942 -0.1898  5.5040  5.8306  5.3697  5.0651  4.7421  4.3332  4.0323  4.0000  5.1641  5.4637
  79  0.726131  3.7905  4.5894 -0.1750  5.4567  5.7863  5.3315  5.0302  4.7104  4.3058  4.0078  3.9767  5.1282  5.4241
  80  0.729760  3.7924  4.5845 -0.1603  5.4107  5.7429  5.2938  4.9958  4.6790  4.2787  3.9834  3.9536  5.0927  5.3850
  81  0.733334  3.7942  4.5796 -0.1458  5.3661  5.7004  5.2566  4.9616  4.6477  4.2516  3.9593  3.9305  5.0575  5.3465
  82  0.738543  3.7969  4.5720 -0.1245  5.3015  5.6384  5.2024  4.9116  4.6017  4.2118  3.9236  3.8964  5.0062  5.2901
  83  0.743755  3.7995  4.5641 -0.1031  5.2370  5.5763  5.1479  4.8616  4.5558  4.1715  3.8872  3.8616  4.9546  5.2338
  84  0.748969  3.8020  4.5558 -0.0816  5.1716  5.5135  5.0937  4.8121  4.5107  4.1314  3.8500  3.8264  4.9035  5.1775
  85  0.754178  3.8045  4.5470 -0.0599  5.1064  5.4507  5.0391  4.7622  4.4650  4.0905  3.8118  3.7904  4.8519  5.1207
  86  0.759365  3.8069  4.5377 -0.0382  5.0423  5.3877  4.9838  4.7113  4.4182  4.0486  3.7730  3.7533  4.7994  5.0637
  87  0.764519  3.8093  4.5281 -0.0162  4.9797  5.3254  4.9280  4.6593  4.3697  4.0054  3.7338  3.7152  4.7461  5.0062
  88  0.769630  3.8115  4.5180  0.0059  4.9179  5.2630  4.8717  4.6067  4.3206  3.9615  3.6940  3.6766  4.6922  4.9485
  89  0.774689  3.8138  4.5077  0.0280  4.8566  5.2008  4.8154  4.5538  4.2713  3.9173  3.6537  3.6373  4.6382  4.8907
  90  0.779698  3.8159  4.4970  0.0501  4.7954  5.1384  4.7590  4.5009  4.2218  3.8728  3.6129  3.5976  4.5840  4.8328
  91  0.784655  3.8181  4.4861  0.0723  4.7347  5.0761  4.7025  4.4479  4.1722  3.8281  3.5720  3.5577  4.5298  4.7748
  92  0.789561  3.8202  4.4752  0.0944  4.6742  5.0138  4.6459  4.3949  4.1225  3.7832  3.5308  3.5175  4.4756  4.7169
  93  0.794422  3.8223  4.4639  0.1166  4.6141  4.9513  4.5893  4.3417  4.0727  3.7381  3.4894  3.4770  4.4210  4.6588
  94  0.799244  3.8244  4.4526  0.1389  4.5542  4.8889  4.5325  4.2884  4.0227  3.6928  3.4479  3.4366  4.3665  4.6006
  95  0.804039  3.8264  4.4412  0.1611  4.4943  4.8262  4.4755  4.2347  3.9725  3.6475  3.4064  3.3959  4.3117  4.5422
  96  0.808814  3.8285  4.4296  0.1836  4.4345  4.7633  4.4183  4.1809  3.9220  3.6018  3.3644  3.3548  4.2566  4.4835
  97  0.813565  3.8305  4.4177  0.2061  4.3747  4.7002  4.3607  4.1267  3.8712  3.5556  3.3221  3.3133  4.2011  4.4245
  98  0.818284  3.8326  4.4058  0.2287  4.3147  4.6366  4.3026  4.0722  3.8200  3.5091  3.2795  3.2715  4.1452  4.3651
  99  0.822950  3.8346  4.3936  0.2515  4.2548  4.5728  4.2443  4.0172  3.7685  3.4624  3.2366  3.2294  4.0890  4.3055
 100  0.827550  3.8367  4.3814  0.2743  4.1949  4.5087  4.1856  3.9621  3.7167  3.4153  3.1936  3.1871  4.0325  4.2455
 101  0.832057  3.8387  4.3690  0.2971  4.1352  4.4447  4.1271  3.9068  3.6650  3.3683  3.1505  3.1447  3.9761  4.1856
 102  0.836452  3.8407  4.3566  0.3198  4.0759  4.3809  4.0687  3.8519  3.6134  3.3215  3.1077  3.1025  3.9197  4.1258
 103  0.840717  3.8427  4.3441  0.3424  4.0171  4.3175  4.0106  3.7971  3.5622  3.2749  3.0650  3.0605  3.8638  4.0664
 104  0.844830  3.8446  4.3316  0.3648  3.9590  4.2547  3.9531  3.7430  3.5114  3.2287  3.0227  3.0187  3.8084  4.0076
 105  0.848773  3.8465  4.3191  0.3868  3.9019  4.1929  3.8964  3.6895  3.4612  3.1828  2.9805  2.9773  3.7537  3.9496
 106  0.852545  3.8483  4.3065  0.4085  3.8459  4.1321  3.8407  3.6369  3.4117  3.1376  2.9390  2.9363  3.6998  3.8926
 107  0.856174  3.8499  4.2939  0.4298  3.7909  4.0724  3.7856  3.5850  3.3629  3.0929  2.8978  2.8955  3.6467  3.8364
 108  0.859671  3.8516  4.2813  0.4509  3.7367  4.0135  3.7313  3.5337  3.3147  3.0487  2.8570  2.8552  3.5942  3.7811
 109  0.863042  3.8532  4.2689  0.4716  3.6836  3.9555  3.6780  3.4831  3.2671  3.0049  2.8165  2.8154  3.5426  3.7266
 110  0.866301  3.8548  4.2564  0.4921  3.6313  3.8985  3.6254  3.4333  3.2201  2.9618  2.7766  2.7759  3.4916  3.6729
 111  0.869452  3.8564  4.2439  0.5122  3.5799  3.8424  3.5735  3.3842  3.1738  2.9191  2.7369  2.7367  3.4414  3.6200
 112  0.870270  3.8568  4.2407  0.5177  3.5659  3.8272  3.5594  3.3710  3.1615  2.9078  2.7267  2.7265  3.4278  3.6057
 113  0.871085  3.8574  4.2377  0.5232  3.5516  3.8114  3.5451  3.3575  3.1490  2.8966  2.7166  2.7165  3.4140  3.5910
 114  0.871898  3.8579  4.2347  0.5287  3.5374  3.7958  3.5308  3.3442  3.1365  2.8854  2.7064  2.7065  3.4003  3.5763
 115  0.872711  3.8585  4.2319  0.5344  3.5228  3.7797  3.5162  3.3306  3.1240  2.8743  2.6965  2.6968  3.3863  3.5614
 116  0.873521  3.8591  4.2291  0.5400  3.5083  3.7636  3.5017  3.3170  3.1115  2.8633  2.6866  2.6870  3.3724  3.5465
 117  0.874332  3.8597  4.2265  0.5456  3.4936  3.7472  3.4870  3.3034  3.0991  2.8522  2.6768  2.6773  3.3583  3.5313
 118  0.875140  3.8604  4.2236  0.5513  3.4787  3.7309  3.4721  3.2896  3.0864  2.8409  2.6668  2.6675  3.3441  3.5161
 119  0.875946  3.8610  4.2206  0.5571  3.4639  3.7143  3.4571  3.2757  3.0734  2.8294  2.6565  2.6573  3.3297  3.5007
 120  0.876750  3.8615  4.2174  0.5629  3.4489  3.6977  3.4420  3.2615  3.0602  2.8175  2.6458  2.6467  3.3151  3.4852
 121  0.877548  3.8621  4.2139  0.5689  3.4337  3.6811  3.4266  3.2470  3.0467  2.8052  2.6345  2.6356  3.3003  3.4695
 122  0.878343  3.8625  4.2102  0.5749  3.4184  3.6642  3.4111  3.2323  3.0329  2.7925  2.6227  2.6238  3.2853  3.4537
 123  0.879133  3.8630  4.2062  0.5810  3.4030  3.6473  3.3954  3.2174  3.0188  2.7793  2.6104  2.6117  3.2700  3.4377
 124  0.879919  3.8634  4.2020  0.5872  3.3874  3.6303  3.3795  3.2023  3.0044  2.7659  2.5979  2.5993  3.2546  3.4216
 125  0.880701  3.8638  4.1977  0.5934  3.3717  3.6131  3.3634  3.1869  2.9898  2.7522  2.5850  2.5864  3.2390  3.4052
 126  0.881479  3.8641  4.1932  0.5997  3.3558  3.5959  3.3472  3.1714  2.9750  2.7382  2.5716  2.5733  3.2231  3.3887
 127  0.882252  3.8645  4.1886  0.6061  3.3398  3.5785  3.3308  3.1557  2.9600  2.7240  2.5582  2.5599  3.2071  3.3721
 128  0.883022  3.8648  4.1838  0.6125  3.3237  3.5610  3.3144  3.1398  2.9446  2.7094  2.5443  2.5461  3.1910  3.3553
 129  0.883787  3.8651  4.1789  0.6190  3.3075  3.5434  3.2977  3.1236  2.9291  2.6946  2.5302  2.5320  3.1746  3.3384
 130  0.884546  3.8654  4.1738  0.6256  3.2911  3.5257  3.2808  3.1073  2.9134  2.6796  2.5157  2.5176  3.1581  3.3213
 131  0.885302  3.8656  4.1685  0.6322  3.2746  3.5079  3.2638  3.0908  2.8975  2.6642  2.5009  2.5029  3.1414  3.3041
 132  0.886050  3.8658  4.1631  0.6389  3.2580  3.4899  3.2466  3.0741  2.8813  2.6486  2.4858  2.4878  3.1245  3.2868
 133  0.886794  3.8660  4.1574  0.6457  3.2412  3.4718  3.2293  3.0573  2.8649  2.6326  2.4702  2.4724  3.1074  3.2693
 134  0.887530  3.8662  4.1514  0.6525  3.2243  3.4538  3.2118  3.0401  2.8481  2.6161  2.4540  2.4562  3.0901  3.2517
 135  0.888259  3.8661  4.1449  0.6595  3.2074  3.4358  3.1942  3.0227  2.8308  2.5990  2.4371  2.4392  3.0726  3.2339
 136  0.888978  3.8661  4.1382  0.6664  3.1903  3.4178  3.1763  3.0050  2.8133  2.5813  2.4195  2.4217  3.0549  3.2161
 137  0.889692  3.8660  4.1312  0.6735  3.1732  3.3997  3.1584  2.9871  2.7954  2.5633  2.4014  2.4036  3.0369  3.1981
 138  0.890397  3.8659  4.1239  0.6806  3.1560  3.3816  3.1403  2.9690  2.7772  2.5448  2.3828  2.3850  3.0188  3.1801
 139  0.891093  3.8657  4.1162  0.6878  3.1386  3.3635  3.1221  2.9506  2.7586  2.5258  2.3634  2.3657  3.0005  3.1619
 140  0.891780  3.8654  4.1082  0.6950  3.1213  3.3455  3.1037  2.9320  2.7397  2.5063  2.3435  2.3457  2.9820  3.1436
 141  0.892458  3.8650  4.0998  0.7023  3.1039  3.3275  3.0852  2.9132  2.7203  2.4862  2.3228  2.3251  2.9633  3.1253
 142  0.893124  3.8646  4.0910  0.7097  3.0864  3.3096  3.0667  2.8941  2.7007  2.4656  2.3015  2.3035  2.9444  3.1069
 143  0.893780  3.8641  4.0818  0.7172  3.0689  3.2917  3.0480  2.8747  2.6806  2.4443  2.2793  2.2813  2.9252  3.0885
 144  0.894424  3.8634  4.0721  0.7246  3.0514  3.2740  3.0292  2.8551  2.6601  2.4224  2.2563  2.2582  2.9059  3.0700
 145  0.895056  3.8627  4.0618  0.7323  3.0339  3.2564  3.0103  2.8352  2.6392  2.3996  2.2322  2.2341  2.8864  3.0513
 146  0.895675  3.8618  4.0511  0.7399  3.0164  3.2391  2.9914  2.8151  2.6178  2.3763  2.2073  2.2091  2.8667  3.0328
 147  0.896278  3.8608  4.0398  0.7475  2.9990  3.2219  2.9724  2.7947  2.5960  2.3522  2.1815  2.1831  2.8469  3.0143
 148  0.896869  3.8597  4.0279  0.7552  2.9818  3.2052  2.9534  2.7741  2.5736  2.3273  2.1545  2.1558  2.8269  2.9959
 149  0.897444  3.8584  4.0153  0.7630  2.9646  3.1887  2.9342  2.7533  2.5509  2.3016  2.1264  2.1275  2.8068  2.9776
 150  0.898003  3.8570  4.0020  0.7707  2.9476  3.1726  2.9153  2.7322  2.5276  2.2749  2.0971  2.0979  2.7865  2.9593
 151  0.898545  3.8554  3.9881  0.7785  2.9308  3.1571  2.8963  2.7109  2.5036  2.2473  2.0665  2.0669  2.7661  2.9413
 152  0.899070  3.8536  3.9735  0.7864  2.9142  3.1420  2.8774  2.6893  2.4792  2.2187  2.0344  2.0346  2.7455  2.9234
 153  0.899578  3.8517  3.9581  0.7942  2.8979  3.1275  2.8586  2.6676  2.4544  2.1892  2.0013  2.0010  2.7248  2.9057
 154  0.900067  3.8496  3.9420  0.8020  2.8819  3.1136  2.8400  2.6457  2.4291  2.1589  1.9669  1.9661  2.7042  2.8883
 155  0.900538  3.8473  3.9253  0.8099  2.8664  3.1002  2.8215  2.6237  2.4034  2.1277  1.9313  1.9300  2.6835  2.8711
 156  0.900992  3.8449  3.9080  0.8177  2.8512  3.0874  2.8032  2.6014  2.3773  2.0959  1.8947  1.8928  2.6628  2.8542
 157  0.901427  3.8423  3.8901  0.8255  2.8365  3.0750  2.7850  2.5792  2.3509  2.0632  1.8569  1.8544  2.6421  2.8375
 158  0.901845  3.8396  3.8715  0.8333  2.8224  3.0634  2.7671  2.5569  2.3241  2.0298  1.8182  1.8149  2.6214  2.8212
 159  0.902244  3.8366  3.8523  0.8411  2.8089  3.0527  2.7492  2.5346  2.2970  1.9958  1.7782  1.7741  2.6008  2.8052
 160  0.902626  3.8337  3.8324  0.8489  2.7960  3.0427  2.7318  2.5121  2.2695  1.9609  1.7372  1.7322  2.5802  2.7897
 161  0.902990  3.8304  3.8118  0.8566  2.7838  3.0334  2.7147  2.4898  2.2419  1.9254  1.6952  1.6893  2.5597  2.7746
 162  0.903229  3.8281  3.7974  0.8619  2.7760  3.0274  2.7031  2.4745  2.2229  1.9007  1.6659  1.6593  2.5458  2.7645
 163  0.903466  3.8256  3.7824  0.8672  2.7684  3.0216  2.6915  2.4591  2.2035  1.8754  1.6357  1.6285  2.5317  2.7543
 164  0.903699  3.8230  3.7668  0.8726  2.7612  3.0161  2.6800  2.4435  2.1839  1.8495  1.6046  1.5966  2.5175  2.7444
 165  0.903928  3.8203  3.7506  0.8780  2.7544  3.0111  2.6683  2.4275  2.1635  1.8227  1.5726  1.5636  2.5031  2.7344
 166  0.904154  3.8175  3.7339  0.8835  2.7483  3.0068  2.6562  2.4105  2.1418  1.7946  1.5394  1.5291  2.4878  2.7242
 167  0.904377  3.8145  3.7165  0.8891  2.7431  3.0033  2.6439  2.3929  2.1193  1.7653  1.5050  1.4930  2.4723  2.7141
 168  0.904595  3.8114  3.6988  0.8946  2.7383  2.9999  2.6322  2.3760  2.0972  1.7360  1.4699  1.4566  2.4571  2.7044
 169  0.904812  3.8082  3.6803  0.9002  2.7344  2.9965  2.6209  2.3597  2.0759  1.7066  1.4339  1.4195  2.4425  2.6952
 170  0.905025  3.8048  3.6613  0.9058  2.7311  2.9937  2.6099  2.3434  2.0544  1.6765  1.3969  1.3814  2.4280  2.6865
 171  0.905237  3.8013  3.6417  0.9114  2.7289  2.9918  2.5992  2.3270  2.0324  1.6456  1.3588  1.3420  2.4134  2.6781
 172  0.905445  3.7977  3.6218  0.9170  2.7275  2.9905  2.5887  2.3108  2.0105  1.6146  1.3202  1.3023  2.3992  2.6700
 173  0.905654  3.7939  3.6015  0.9225  2.7273  2.9900  2.5786  2.2947  1.9886  1.5831  1.2811  1.2617  2.3850  2.6624
 174  0.905863  3.7901  3.5807  0.9279  2.7304  2.9918  2.5683  2.2774  1.9647  1.5502  1.2414  1.2196  2.3700  2.6551
 175  0.906071  3.7861  3.5595  0.9332  2.7363  2.9957  2.5580  2.2591  1.9394  1.5160  1.2012  1.1762  2.3546  2.6483
 176  0.906281  3.7819  3.5379  0.9384  2.7426  2.9989  2.5488  2.2429  1.9164  1.4832  1.1613  1.1337  2.3406  2.6422
 177  0.906491  3.7776  3.5158  0.9433  2.7498  3.0024  2.5405  2.2277  1.8947  1.4510  1.1211  1.0916  2.3276  2.6371
 178  0.906700  3.7733  3.4936  0.9484  2.7595  3.0075  2.5326  2.2125  1.8725  1.4181  1.0800  1.0482  2.3147  2.6326
 179  0.906911  3.7693  3.4723  0.9536  2.7685  3.0112  2.5242  2.1972  1.8508  1.3861  1.0404  1.0064  2.3015  2.6272
 180  0.907117  3.7656  3.4520  0.9593  2.7756  3.0126  2.5145  2.1812  1.8289  1.3549  1.0023  0.9662  2.2875  2.6204
 181  0.907313  3.7622  3.4327  0.9653  2.7809  3.0119  2.5033  2.1644  1.8068  1.3243  0.9655  0.9274  2.2722  2.6118
 182  0.907521  3.7590  3.4124  0.9729  2.7833  3.0077  2.4884  2.1439  1.7810  1.2904  0.9258  0.8857  2.2535  2.5996
 183  0.907722  3.7561  3.3925  0.9814  2.7817  2.9995  2.4706  2.1210  1.7533  1.2556  0.8862  0.8441  2.2320  2.5842
 184  0.907918  3.7536  3.3730  0.9910  2.7753  2.9870  2.4497  2.0959  1.7242  1.2202  0.8462  0.8025  2.2082  2.5656
 185  0.908108  3.7516  3.3540  1.0018  2.7637  2.9700  2.4258  2.0684  1.6933  1.1838  0.8059  0.7609  2.1817  2.5433
 186  0.908292  3.7497  3.3352  1.0128  2.7510  2.9518  2.4009  2.0401  1.6618  1.1472  0.7657  0.7197  2.1544  2.5201
 187  0.908471  3.7480  3.3169  1.0247  2.7344  2.9303  2.3736  2.0099  1.6288  1.1100  0.7257  0.6785  2.1250  2.4942
 188  0.908646  3.7466  3.2990  1.0370  2.7153  2.9065  2.3447  1.9782  1.5948  1.0727  0.6861  0.6379  2.0942  2.4666
 189  0.908819  3.7453  3.2813  1.0496  2.6956  2.8822  2.3154  1.9463  1.5606  1.0352  0.6465  0.5976  2.0630  2.4384
 190  0.908987  3.7442  3.2639  1.0625  2.6732  2.8556  2.2847  1.9135  1.5258  0.9977  0.6072  0.5575  2.0309  2.4087
 191  0.909154  3.7431  3.2468  1.0756  2.6500  2.8287  2.2538  1.8806  1.4910  0.9602  0.5680  0.5175  1.9984  2.3788
 192  0.909320  3.7421  3.2299  1.0888  2.6253  2.8004  2.2222  1.8472  1.4560  0.9228  0.5291  0.4779  1.9655  2.3479
 193  0.909484  3.7413  3.2132  1.1021  2.5998  2.7716  2.1902  1.8137  1.4210  0.8855  0.4902  0.4385  1.9324  2.3167
 194  0.909647  3.7405  3.1966  1.1155  2.5734  2.7422  2.1579  1.7800  1.3860  0.8484  0.4515  0.3995  1.8991  2.2851
 195  0.909809  3.7397  3.1802  1.1290  2.5462  2.7120  2.1253  1.7461  1.3509  0.8113  0.4130  0.3606  1.8656  2.2531
 196  0.909972  3.7390  3.1640  1.1426  2.5187  2.6818  2.0927  1.7123  1.3160  0.7744  0.3745  0.3218  1.8321  2.2211
 197  0.910133  3.7384  3.1480  1.1561  2.4906  2.6511  2.0598  1.6784  1.2810  0.7376  0.3363  0.2833  1.7985  2.1888
 198  0.910293  3.7378  3.1319  1.1697  2.4622  2.6202  2.0269  1.6444  1.2461  0.7009  0.2983  0.2449  1.7648  2.1563
 199  0.910454  3.7372  3.1160  1.1834  2.4334  2.5889  1.9937  1.6103  1.2110  0.6642  0.2602  0.2066  1.7309  2.1236
 200  0.910613  3.7366  3.1001  1.1971  2.4041  2.5573  1.9603  1.5760  1.1758  0.6274  0.2221  0.1682  1.6968  2.0906
 201  0.910772  3.7361  3.0842  1.2109  2.3746  2.5254  1.9267  1.5415  1.1406  0.5905  0.1840  0.1299  1.6626  2.0575
 202  0.910929  3.7355  3.0684  1.2247  2.3447  2.4933  1.8929  1.5069  1.1052  0.5536  0.1458  0.0915  1.6282  2.0241
 203  0.911085  3.7350  3.0524  1.2387  2.3146  2.4609  1.8589  1.4720  1.0696  0.5163  0.1074  0.0529  1.5936  1.9905
 204  0.911241  3.7345  3.0365  1.2527  2.2841  2.4283  1.8247  1.4371  1.0337  0.4791  0.0689  0.0144  1.5588  1.9565
 205  0.911394  3.7341  3.0206  1.2669  2.2533  2.3954  1.7902  1.4019  0.9978  0.4417  0.0303 -0.0244  1.5237  1.9225
 206  0.911547  3.7336  3.0044  1.2811  2.2224  2.3622  1.7555  1.3664  0.9616  0.4041 -0.0086 -0.0634  1.4885  1.8882
 207  0.911699  3.7331  2.9883  1.2954  2.1914  2.3289  1.7207  1.3307  0.9253  0.3662 -0.0477 -0.1028  1.4531  1.8537
 208  0.911850  3.7326  2.9720  1.3097  2.1604  2.2956  1.6858  1.2951  0.8889  0.3282 -0.0870 -0.1421  1.4176  1.8193
 209  0.911998  3.7320  2.9552  1.3243  2.1298  2.2623  1.6505  1.2589  0.8516  0.2893 -0.1274 -0.1827  1.3815  1.7844
 210  0.912142  3.7316  2.9387  1.3390  2.0968  2.2272  1.6142  1.2219  0.8141  0.2503 -0.1675 -0.2229  1.3448  1.7485
 211  0.912282  3.7310  2.9215  1.3541  2.0645  2.1923  1.5774  1.1844  0.7756  0.2103 -0.2089 -0.2644  1.3074  1.7121
 212  0.912416  3.7305  2.9040  1.3695  2.0317  2.1568  1.5401  1.1460  0.7364  0.1693 -0.2512 -0.3069  1.2693  1.6753
 213  0.912547  3.7300  2.8866  1.3851  1.9975  2.1202  1.5019  1.1071  0.6968  0.1283 -0.2934 -0.3493  1.2306  1.6375
 214  0.912675  3.7294  2.8684  1.4009  1.9642  2.0840  1.4635  1.0676  0.6564  0.0860 -0.3370 -0.3932  1.1914  1.5996
 215  0.912799  3.7289  2.8506  1.4169  1.9292  2.0466  1.4245  1.0279  0.6158  0.0440 -0.3802 -0.4365  1.1518  1.5609
 216  0.912919  3.7283  2.8322  1.4330  1.8951  2.0095  1.3852  0.9875  0.5745  0.0010 -0.4245 -0.4810  1.1117  1.5222
 217  0.912946  3.7283  2.8281  1.4367  1.8868  2.0006  1.3760  0.9782  0.5650 -0.0087 -0.4344 -0.4910  1.1024  1.5131
 218  0.912973  3.7282  2.8240  1.4405  1.8786  1.9918  1.3668  0.9689  0.5555 -0.0184 -0.4445 -0.5011  1.0931  1.5040
 219  0.912999  3.7280  2.8197  1.4442  1.8709  1.9834  1.3579  0.9596  0.5459 -0.0284 -0.4548 -0.5114  1.0840  1.4953
 220  0.913026  3.7279  2.8154  1.4479  1.8632  1.9749  1.3489  0.9503  0.5363 -0.0384 -0.4650 -0.5218  1.0748  1.4863
 221  0.913053  3.7277  2.8111  1.4517  1.8552  1.9663  1.3396  0.9408  0.5267 -0.0485 -0.4754 -0.5322  1.0654  1.4772
 222  0.913080  3.7276  2.8068  1.4555  1.8472  1.9576  1.3304  0.9314  0.5170 -0.0586 -0.4858 -0.5426  1.0559  1.4681
 223  0.913106  3.7275  2.8025  1.4593  1.8390  1.9487  1.3211  0.9219  0.5073 -0.0686 -0.4960 -0.5529  1.0465  1.4589
 224  0.913132  3.7274  2.7983  1.4631  1.8307  1.9398  1.3118  0.9124  0.4976 -0.0785 -0.5063 -0.5632  1.0370  1.4497
 225  0.913158  3.7272  2.7940  1.4669  1.8226  1.9310  1.3026  0.9028  0.4879 -0.0887 -0.5166 -0.5737  1.0276  1.4405
 226  0.913185  3.7271  2.7895  1.4708  1.8149  1.9224  1.2933  0.8933  0.4781 -0.0990 -0.5272 -0.5843  1.0182  1.4315
 227  0.913476  3.7256  2.7388  1.5156  1.7197  1.8192  1.1839  0.7810  0.3631 -0.2180 -0.6493 -0.7071  0.9067  1.3235
 228  0.913703  3.7243  2.6956  1.5538  1.6399  1.7321  1.0912  0.6857  0.2655 -0.3192 -0.7529 -0.8115  0.8120  1.2320
 229  0.913934  3.7229  2.6487  1.5953  1.5527  1.6369  0.9902  0.5819  0.1591 -0.4293 -0.8659 -0.9251  0.7090  1.1324
 230  0.914145  3.7215  2.6021  1.6364  1.4673  1.5433  0.8906  0.4795  0.0542 -0.5384 -0.9778 -1.0378  0.6073  1.0342
 231  0.914325  3.7202  2.5591  1.6743  1.3884  1.4569  0.7987  0.3850 -0.0426 -0.6390 -1.0814 -1.1418  0.5134  0.9435
 232  0.914516  3.7187  2.5103  1.7173  1.2994  1.3590  0.6945  0.2780 -0.1521 -0.7530 -1.1988 -1.2598  0.4073  0.8408
 233  0.914668  3.7174  2.4678  1.7542  1.2244  1.2758  0.6053  0.1861 -0.2465 -0.8517 -1.3010 -1.3626  0.3160  0.7529
 234  0.914824  3.7158  2.4210  1.7949  1.1428  1.1847  0.5072  0.0851 -0.3503 -0.9604 -1.4138 -1.4759  0.2158  0.6564
 235  0.914967  3.7142  2.3743  1.8352  1.0630  1.0950  0.4104 -0.0149 -0.4531 -1.0682 -1.5256 -1.5884  0.1166  0.5611
 236  0.915099  3.7126  2.3279  1.8754  0.9841  1.0059  0.3139 -0.1145 -0.5556 -1.1758 -1.6373 -1.7006  0.0178  0.4662
 237  0.915222  3.7110  2.2815  1.9154  0.9064  0.9177  0.2181 -0.2134 -0.6575 -1.2829 -1.7487 -1.8125 -0.0803  0.3721
 238  0.915333  3.7095  2.2367  1.9541  0.8321  0.8330  0.1257 -0.3090 -0.7559 -1.3864 -1.8563 -1.9207 -0.1751  0.2813
 239  0.915436  3.7079  2.1916  1.9930  0.7580  0.7480  0.0327 -0.4053 -0.8553 -1.4907 -1.9647 -2.0297 -0.2706  0.1901
 240  0.915531  3.7064  2.1475  2.0310  0.6867  0.6656 -0.0580 -0.4995 -0.9524 -1.5927 -2.0701 -2.1358 -0.3639  0.1011
 241  0.915619  3.7048  2.1034  2.0689  0.6166  0.5839 -0.1484 -0.5934 -1.0495 -1.6943 -2.1749 -2.2416 -0.4569  0.0126
 242  0.915702  3.7033  2.0592  2.1069  0.5475  0.5027 -0.2388 -0.6877 -1.1470 -1.7963 -2.2800 -2.3475 -0.5502 -0.0759
 243  0.915778  3.7017  2.0152  2.1448  0.4794  0.4223 -0.3287 -0.7816 -1.2441 -1.8978 -2.3845 -2.4530 -0.6430 -0.1639
 244  0.915848  3.7002  1.9722  2.1815  0.4156  0.3454 -0.4158 -0.8726 -1.3386 -1.9969 -2.4864 -2.5559 -0.7329 -0.2487
 245  0.915914  3.6985  1.9287  2.2184  0.3532  0.2693 -0.5026 -0.9637 -1.4332 -2.0965 -2.5893 -2.6599 -0.8229 -0.3334
 246  0.915975  3.6969  1.8872  2.2536  0.2947  0.1971 -0.5852 -1.0502 -1.5231 -2.1915 -2.6881 -2.7595 -0.9084 -0.4138
 247  0.916032  3.6954  1.8473  2.2875  0.2392  0.1281 -0.6644 -1.1333 -1.6095 -2.2829 -2.7833 -2.8554 -0.9905 -0.4910
 248  0.916083  3.6940  1.8124  2.3171  0.1914  0.0681 -0.7333 -1.2058 -1.6849 -2.3628 -2.8664 -2.9393 -1.0622 -0.5582
 249  0.916134  3.6933  1.7924  2.3342  0.1621  0.0323 -0.7737 -1.2481 -1.7286 -2.4087 -2.9143 -2.9874 -1.1040 -0.5976
 250  0.916184  3.6937  1.7994  2.3287  0.1691  0.0424 -0.7613 -1.2348 -1.7145 -2.3936 -2.8982 -2.9711 -1.0909 -0.5857
 251  0.916236  3.6928  1.7706  2.3537  0.1265 -0.0097 -0.8202 -1.2961 -1.7780 -2.4603 -2.9676 -3.0409 -1.1515 -0.6431
 252  0.916286  3.6908  1.7229  2.3940  0.0635 -0.0904 -0.9137 -1.3945 -1.8806 -2.5692 -3.0812 -3.1553 -1.2489 -0.7341
 253  0.916332  3.6890  1.6749  2.4344  0.0012 -0.1711 -1.0075 -1.4934 -1.9835 -2.6785 -3.1954 -3.2703 -1.3464 -0.8252
 254  0.916375  3.6872  1.6283  2.4738 -0.0581 -0.2489 -1.0983 -1.5891 -2.0836 -2.7848 -3.3064 -3.3821 -1.4409 -0.9132
 255  0.916413  3.6854  1.5822  2.5128 -0.1155 -0.3252 -1.1877 -1.6836 -2.1822 -2.8897 -3.4161 -3.4926 -1.5343 -0.9999
 256  0.916448  3.6837  1.5381  2.5499 -0.1690 -0.3976 -1.2730 -1.7739 -2.2766 -2.9902 -3.5211 -3.5984 -1.6234 -1.0824
 257  0.916481  3.6820  1.4951  2.5863 -0.2194 -0.4673 -1.3558 -1.8618 -2.3686 -3.0884 -3.6239 -3.7019 -1.7102 -1.1625
 258  0.916511  3.6802  1.4526  2.6216 -0.2642 -0.5330 -1.4356 -1.9471 -2.4583 -3.1846 -3.7249 -3.8037 -1.7941 -1.2392
 259  0.916538  3.6785  1.4107  2.6565 -0.3059 -0.5965 -1.5137 -2.0308 -2.5466 -3.2794 -3.8247 -3.9043 -1.8766 -1.3141
 260  0.916564  3.6768  1.3700  2.6903 -0.3445 -0.6569 -1.5889 -2.1118 -2.6323 -3.3714 -3.9212 -4.0017 -1.9564 -1.3861
 261  0.916587  3.6750  1.3299  2.7236 -0.3805 -0.7154 -1.6627 -2.1915 -2.7167 -3.4620 -4.0160 -4.0977 -2.0348 -1.4566
 262  0.916609  3.6734  1.2904  2.7563 -0.4141 -0.7720 -1.7348 -2.2698 -2.7997 -3.5511 -4.1089 -4.1919 -2.1117 -1.5252
 263  0.916629  3.6716  1.2522  2.7879 -0.4450 -0.8262 -1.8043 -2.3454 -2.8800 -3.6375 -4.1988 -4.2829 -2.1860 -1.5913
 264  0.916648  3.6700  1.2141  2.8194 -0.4745 -0.8795 -1.8731 -2.4204 -2.9598 -3.7232 -4.2880 -4.3733 -2.2597 -1.6566
 265  0.916666  3.6684  1.1771  2.8501 -0.5018 -0.9308 -1.9396 -2.4931 -3.0372 -3.8066 -4.3750 -4.4613 -2.3311 -1.7195
 266  0.916682  3.6668  1.1409  2.8798 -0.5272 -0.9803 -2.0040 -2.5636 -3.1124 -3.8877 -4.4599 -4.5473 -2.4004 -1.7805
 267  0.916698  3.6652  1.1049  2.9096 -0.5510 -1.0287 -2.0678 -2.6336 -3.1871 -3.9687 -4.5449 -4.6331 -2.4692 -1.8408
 268  0.916711  3.6637  1.0698  2.9385 -0.5731 -1.0753 -2.1294 -2.7013 -3.2595 -4.0473 -4.6277 -4.7168 -2.5358 -1.8989
 269  0.916725  3.6621  1.0354  2.9668 -0.5933 -1.1203 -2.1894 -2.7673 -3.3303 -4.1243 -4.7090 -4.7989 -2.6007 -1.9553
 270  0.916737  3.6606  1.0017  2.9945 -0.6116 -1.1632 -2.2476 -2.8317 -3.3995 -4.1998 -4.7888 -4.8795 -2.6640 -2.0100
 271  0.916749  3.6591  0.9683  3.0216 -0.6258 -1.2034 -2.3037 -2.8942 -3.4670 -4.2740 -4.8674 -4.9590 -2.7254 -2.0623
 272  0.916760  3.6575  0.9352  3.0483 -0.6372 -1.2417 -2.3582 -2.9555 -3.5333 -4.3472 -4.9452 -5.0376 -2.7856 -2.1130
 273  0.916771  3.6559  0.9026  3.0746 -0.6468 -1.2783 -2.4114 -3.0154 -3.5984 -4.4191 -5.0217 -5.1150 -2.8444 -2.1622
 274  0.916781  3.6543  0.8707  3.1003 -0.6543 -1.3132 -2.4628 -3.0737 -3.6619 -4.4894 -5.0965 -5.1907 -2.9016 -2.2096
 275  0.916790  3.6528  0.8394  3.1255 -0.6600 -1.3465 -2.5127 -3.1305 -3.7241 -4.5583 -5.1700 -5.2652 -2.9573 -2.2555
 276  0.916799  3.6513  0.8091  3.1497 -0.6636 -1.3778 -2.5605 -3.1852 -3.7840 -4.6250 -5.2413 -5.3372 -3.0110 -2.2992
 277  0.916807  3.6498  0.7792  3.1737 -0.6658 -1.4078 -2.6070 -3.2387 -3.8427 -4.6906 -5.3113 -5.4082 -3.0634 -2.3416
 278  0.916815  3.6484  0.7505  3.1965 -0.6663 -1.4355 -2.6509 -3.2894 -3.8986 -4.7532 -5.3784 -5.4761 -3.1132 -2.3814
