#NUMBER OF AGES= 1 MAGS=10
#----------------------------------------------------       
#MIX-LEN  Y      Z          Zeff        [Fe/H] [a/Fe]
# 1.9380  0.2452 1.3168E-04 1.7223E-04  -2.00  -0.20 
#----------------------------------------------------       
#**PHOTOMETRIC SYSTEM**: Bessell UBV(RI)c + 2MASS JHKs + Kepler (Vega)
#----------------------------------------------------       
#AGE=13.500 EEPS=266
#EEP   M/Mo    LogTeff  LogG   LogL/Lo U       B       V       R       I       J       H       Ks      Kp      D51
  14  0.110140  3.5457  5.3445 -2.7282 16.5302 14.5499 12.8130 11.8161 10.9256  9.8177  9.3651  9.2515 11.9874 13.5969
  15  0.121016  3.5583  5.2998 -2.5923 15.6974 14.0126 12.3763 11.4196 10.5899  9.5149  9.0309  8.9056 11.6040 13.0911
  16  0.132677  3.5696  5.2572 -2.4647 15.0082 13.5165 11.9700 11.0536 10.2687  9.2286  8.7220  8.5900 11.2439 12.6254
  17  0.144435  3.5783  5.2208 -2.3567 14.4790 13.1130 11.6342 10.7518  9.9954  8.9841  8.4634  8.3253 10.9433 12.2451
  18  0.155787  3.5841  5.1911 -2.2709 14.0962 12.8102 11.3762 10.5176  9.7784  8.7866  8.2580  8.1148 10.7088 11.9563
  19  0.166739  3.5884  5.1666 -2.2000 13.7977 12.5703 11.1682 10.3273  9.5995  8.6215  8.0881  7.9408 10.5177 11.7252
  20  0.177615  3.5917  5.1451 -2.1373 13.5415 12.3632 10.9868 10.1603  9.4414  8.4747  7.9378  7.7871 10.3499 11.5243
  21  0.188971  3.5948  5.1248 -2.0777 13.3008 12.1692 10.8155 10.0024  9.2913  8.3348  7.7953  7.6416 10.1910 11.3350
  22  0.201136  3.5978  5.1051 -2.0187 13.0646 11.9779 10.6458  9.8460  9.1424  8.1961  7.6545  7.4981 10.0335 11.1479
  23  0.214712  3.6009  5.0855 -1.9586 12.8284 11.7844 10.4733  9.6867  8.9906  8.0545  7.5113  7.3527  9.8730 10.9583
  24  0.230738  3.6041  5.0656 -1.8948 12.5882 11.5816 10.2911  9.5175  8.8292  7.9038  7.3596  7.1992  9.7027 10.7597
  25  0.252918  3.6081  5.0426 -1.8160 12.2995 11.3327 10.0662  9.3084  8.6296  7.7175  7.1732  7.0113  9.4922 10.5158
  26  0.291428  3.6141  5.0096 -1.6975 11.8724 10.9603  9.7279  8.9936  8.3292  7.4373  6.8941  6.7316  9.1751 10.1502
  27  0.306231  3.6161  5.0026 -1.6607 11.7360 10.8428  9.6216  8.8952  8.2357  7.3509  6.8087  6.6465  9.0760 10.0349
  28  0.313248  3.6171  5.0000 -1.6446 11.6761 10.7912  9.5749  8.8520  8.1948  7.3130  6.7714  6.6094  9.0325  9.9843
  29  0.317673  3.6176  4.9979 -1.6340 11.6366 10.7571  9.5441  8.8234  8.1676  7.2879  6.7466  6.5849  9.0037  9.9508
  30  0.320703  3.6181  4.9959 -1.6260 11.6070 10.7316  9.5209  8.8021  8.1474  7.2691  6.7282  6.5665  8.9822  9.9257
  31  0.323138  3.6185  4.9938 -1.6191 11.5816 10.7097  9.5011  8.7837  8.1300  7.2530  6.7123  6.5508  8.9637  9.9041
  32  0.325641  3.6189  4.9919 -1.6121 11.5555 10.6872  9.4807  8.7649  8.1122  7.2366  6.6960  6.5346  8.9447  9.8820
  33  0.328805  3.6194  4.9896 -1.6039 11.5249 10.6609  9.4569  8.7427  8.0911  7.2171  6.6768  6.5155  8.9224  9.8561
  34  0.333297  3.6200  4.9869 -1.5930 11.4858 10.6269  9.4258  8.7138  8.0636  7.1914  6.6513  6.4904  8.8932  9.8225
  35  0.339970  3.6207  4.9831 -1.5777 11.4317 10.5795  9.3822  8.6732  8.0247  7.1550  6.6154  6.4547  8.8523  9.7759
  36  0.349805  3.6218  4.9769 -1.5545 11.3505 10.5082  9.3168  8.6119  7.9662  7.1002  6.5613  6.4010  8.7907  9.7057
  37  0.363515  3.6237  4.9660 -1.5193 11.2229 10.3974  9.2157  8.5179  7.8766  7.0170  6.4793  6.3199  8.6959  9.5966
  38  0.375953  3.6259  4.9539 -1.4836 11.0893 10.2827  9.1118  8.4220  7.7860  6.9333  6.3973  6.2391  8.5992  9.4840
  39  0.385701  3.6281  4.9426 -1.4528 10.9712 10.1820  9.0213  8.3389  7.7078  6.8618  6.3274  6.1704  8.5153  9.3854
  40  0.394049  3.6301  4.9320 -1.4249 10.8630 10.0900  8.9388  8.2634  7.6370  6.7973  6.2643  6.1087  8.4390  9.2955
  41  0.402149  3.6320  4.9213 -1.3976 10.7568  9.9997  8.8577  8.1891  7.5674  6.7338  6.2027  6.0484  8.3641  9.2074
  42  0.414500  3.6352  4.9054 -1.3560 10.5914  9.8606  8.7334  8.0759  7.4617  6.6382  6.1100  5.9583  8.2496  9.0716
  43  0.430478  3.6397  4.8861 -1.3017 10.3631  9.6721  8.5673  7.9261  7.3234  6.5153  5.9924  5.8445  8.0981  8.8888
  44  0.446594  3.6452  4.8668 -1.2449 10.1156  9.4704  8.3910  7.7685  7.1790  6.3883  5.8720  5.7290  7.9384  8.6946
  45  0.457640  3.6493  4.8529 -1.2039  9.9343  9.3240  8.2635  7.6546  7.0750  6.2974  5.7863  5.6472  7.8228  8.5542
  46  0.466514  3.6530  4.8414 -1.1692  9.7765  9.1987  8.1553  7.5582  6.9874  6.2215  5.7153  5.5797  7.7249  8.4349
  47  0.474585  3.6566  4.8311 -1.1368  9.6226  9.0801  8.0536  7.4681  6.9055  6.1511  5.6501  5.5180  7.6331  8.3226
  48  0.482298  3.6603  4.8214 -1.1052  9.4692  8.9636  7.9546  7.3804  6.8262  6.0833  5.5877  5.4591  7.5439  8.2131
  49  0.489873  3.6642  4.8121 -1.0738  9.3147  8.8472  7.8564  7.2935  6.7477  6.0166  5.5267  5.4017  7.4554  8.1048
  50  0.497477  3.6681  4.8029 -1.0422  9.1576  8.7295  7.7576  7.2060  6.6688  5.9499  5.4659  5.3445  7.3661  7.9964
  51  0.505126  3.6722  4.7940 -1.0101  8.9964  8.6097  7.6577  7.1177  6.5893  5.8829  5.4055  5.2878  7.2759  7.8872
  52  0.509839  3.6750  4.7886 -0.9900  8.8943  8.5347  7.5956  7.0628  6.5399  5.8415  5.3683  5.2529  7.2197  7.8193
  53  0.514527  3.6777  4.7834 -0.9699  8.7909  8.4591  7.5333  7.0077  6.4906  5.8002  5.3315  5.2185  7.1635  7.7513
  54  0.519198  3.6805  4.7784 -0.9496  8.6852  8.3825  7.4707  6.9524  6.4411  5.7592  5.2951  5.1846  7.1069  7.6830
  55  0.523846  3.6834  4.7733 -0.9294  8.5806  8.3059  7.4082  6.8973  6.3919  5.7185  5.2591  5.1510  7.0505  7.6152
  56  0.528479  3.6863  4.7685 -0.9090  8.4746  8.2283  7.3454  6.8419  6.3425  5.6780  5.2234  5.1177  6.9937  7.5471
  57  0.533104  3.6892  4.7635 -0.8885  8.3692  8.1511  7.2829  6.7868  6.2935  5.6375  5.1879  5.0847  6.9372  7.4797
  58  0.537731  3.6922  4.7586 -0.8680  8.2637  8.0741  7.2209  6.7320  6.2444  5.5970  5.1524  5.0516  6.8808  7.4129
  59  0.542341  3.6951  4.7537 -0.8475  8.1598  7.9979  7.1597  6.6775  6.1958  5.5567  5.1170  5.0184  6.8251  7.3472
  60  0.546944  3.6981  4.7487 -0.8271  8.0569  7.9225  7.0991  6.6236  6.1474  5.5166  5.0819  4.9855  6.7697  7.2822
  61  0.551516  3.7010  4.7436 -0.8067  7.9562  7.8478  7.0391  6.5703  6.0997  5.4769  5.0470  4.9529  6.7150  7.2181
  62  0.556053  3.7039  4.7385 -0.7865  7.8569  7.7738  6.9796  6.5174  6.0526  5.4379  5.0126  4.9207  6.6607  7.1547
  63  0.560539  3.7068  4.7335 -0.7663  7.7593  7.7007  6.9209  6.4653  6.0060  5.3993  4.9786  4.8889  6.6070  7.0922
  64  0.564970  3.7097  4.7286 -0.7464  7.6635  7.6290  6.8634  6.4139  5.9600  5.3611  4.9451  4.8576  6.5542  7.0311
  65  0.569344  3.7125  4.7235 -0.7266  7.5701  7.5587  6.8068  6.3633  5.9145  5.3233  4.9120  4.8265  6.5022  6.9710
  66  0.573658  3.7153  4.7185 -0.7070  7.4789  7.4899  6.7515  6.3136  5.8697  5.2860  4.8793  4.7958  6.4511  6.9123
  67  0.577909  3.7181  4.7135 -0.6877  7.3905  7.4223  6.6971  6.2648  5.8257  5.2492  4.8468  4.7655  6.4008  6.8546
  68  0.582099  3.7208  4.7084 -0.6686  7.3046  7.3563  6.6437  6.2168  5.7824  5.2130  4.8149  4.7354  6.3515  6.7982
  69  0.586223  3.7235  4.7033 -0.6497  7.2212  7.2916  6.5914  6.1696  5.7398  5.1773  4.7833  4.7057  6.3029  6.7428
  70  0.590278  3.7261  4.6981 -0.6311  7.1403  7.2282  6.5399  6.1233  5.6979  5.1422  4.7522  4.6766  6.2552  6.6886
  71  0.594267  3.7287  4.6929 -0.6128  7.0618  7.1661  6.4894  6.0777  5.6568  5.1076  4.7216  4.6477  6.2083  6.6356
  72  0.598190  3.7312  4.6877 -0.5947  6.9858  7.1054  6.4398  6.0329  5.6163  5.0735  4.6912  4.6192  6.1622  6.5836
  73  0.602042  3.7336  4.6824 -0.5769  6.9123  7.0462  6.3911  5.9889  5.5765  5.0399  4.6612  4.5909  6.1170  6.5325
  74  0.605825  3.7360  4.6771 -0.5593  6.8413  6.9882  6.3433  5.9456  5.5374  5.0066  4.6313  4.5627  6.0725  6.4823
  75  0.609529  3.7383  4.6718 -0.5420  6.7723  6.9316  6.2963  5.9032  5.4990  4.9739  4.6020  4.5350  6.0288  6.4331
  76  0.613159  3.7407  4.6665 -0.5250  6.7055  6.8763  6.2504  5.8615  5.4612  4.9417  4.5729  4.5076  5.9860  6.3850
  77  0.616719  3.7429  4.6611 -0.5082  6.6405  6.8224  6.2054  5.8206  5.4240  4.9098  4.5442  4.4805  5.9439  6.3379
  78  0.620202  3.7451  4.6557 -0.4917  6.5775  6.7696  6.1613  5.7805  5.3874  4.8785  4.5160  4.4538  5.9027  6.2917
  79  0.623616  3.7472  4.6503 -0.4755  6.5162  6.7182  6.1180  5.7410  5.3514  4.8475  4.4881  4.4274  5.8622  6.2465
  80  0.626958  3.7493  4.6449 -0.4595  6.4569  6.6680  6.0756  5.7022  5.3159  4.8169  4.4605  4.4013  5.8224  6.2022
  81  0.630229  3.7513  4.6394 -0.4437  6.3994  6.6188  6.0340  5.6641  5.2811  4.7868  4.4333  4.3755  5.7833  6.1588
  82  0.634913  3.7541  4.6314 -0.4210  6.3176  6.5486  5.9742  5.6094  5.2310  4.7435  4.3939  4.3381  5.7270  6.0966
  83  0.639573  3.7569  4.6232 -0.3983  6.2360  6.4780  5.9144  5.5549  5.1813  4.7002  4.3544  4.3007  5.6710  6.0342
  84  0.644210  3.7597  4.6148 -0.3756  6.1547  6.4074  5.8545  5.5006  5.1320  4.6572  4.3147  4.2631  5.6150  5.9718
  85  0.648817  3.7625  4.6062 -0.3527  6.0745  6.3371  5.7948  5.4462  5.0827  4.6140  4.2748  4.2254  5.5591  5.9094
  86  0.653386  3.7653  4.5973 -0.3300  5.9963  6.2679  5.7353  5.3917  5.0327  4.5703  4.2348  4.1874  5.5030  5.8475
  87  0.657903  3.7680  4.5884 -0.3071  5.9199  6.1995  5.6760  5.3372  4.9825  4.5263  4.1947  4.1492  5.4471  5.7860
  88  0.662365  3.7707  4.5791 -0.2843  5.8446  6.1317  5.6169  5.2826  4.9320  4.4820  4.1542  4.1105  5.3910  5.7247
  89  0.666771  3.7732  4.5697 -0.2614  5.7703  6.0642  5.5580  5.2281  4.8816  4.4376  4.1137  4.0717  5.3351  5.6636
  90  0.671119  3.7758  4.5602 -0.2386  5.6967  5.9969  5.4990  5.1735  4.8312  4.3931  4.0729  4.0328  5.2793  5.6026
  91  0.675404  3.7784  4.5503 -0.2157  5.6240  5.9299  5.4401  5.1190  4.7807  4.3484  4.0320  3.9935  5.2233  5.5417
  92  0.679624  3.7809  4.5402 -0.1927  5.5521  5.8630  5.3812  5.0645  4.7301  4.3036  3.9906  3.9540  5.1674  5.4808
  93  0.683775  3.7834  4.5298 -0.1697  5.4810  5.7965  5.3224  5.0099  4.6794  4.2583  3.9491  3.9141  5.1114  5.4199
  94  0.687849  3.7859  4.5191 -0.1468  5.4106  5.7301  5.2635  4.9551  4.6285  4.2129  3.9072  3.8737  5.0553  5.3591
  95  0.691848  3.7883  4.5082 -0.1237  5.3409  5.6638  5.2046  4.9002  4.5775  4.1672  3.8649  3.8331  4.9992  5.2984
  96  0.695764  3.7906  4.4968 -0.1006  5.2720  5.5978  5.1457  4.8452  4.5262  4.1211  3.8222  3.7919  4.9429  5.2377
  97  0.699593  3.7928  4.4851 -0.0775  5.2040  5.5321  5.0868  4.7901  4.4744  4.0743  3.7789  3.7500  4.8865  5.1770
  98  0.703331  3.7950  4.4730 -0.0544  5.1370  5.4668  5.0279  4.7347  4.4225  4.0273  3.7353  3.7077  4.8300  5.1165
  99  0.706959  3.7971  4.4606 -0.0314  5.0707  5.4020  4.9692  4.6796  4.3707  3.9802  3.6915  3.6652  4.7736  5.0563
 100  0.710482  3.7991  4.4479 -0.0084  5.0052  5.3373  4.9109  4.6248  4.3191  3.9331  3.6474  3.6224  4.7176  4.9964
 101  0.713896  3.8011  4.4350  0.0145  4.9395  5.2729  4.8531  4.5707  4.2685  3.8863  3.6029  3.5795  4.6622  4.9370
 102  0.717202  3.8029  4.4216  0.0372  4.8746  5.2090  4.7957  4.5169  4.2179  3.8393  3.5581  3.5362  4.6071  4.8780
 103  0.720401  3.8047  4.4079  0.0599  4.8108  5.1456  4.7384  4.4631  4.1672  3.7921  3.5130  3.4925  4.5521  4.8192
 104  0.723493  3.8064  4.3939  0.0824  4.7485  5.0832  4.6814  4.4092  4.1162  3.7444  3.4676  3.4482  4.4970  4.7609
 105  0.726478  3.8079  4.3795  0.1047  4.6878  5.0216  4.6244  4.3549  4.0643  3.6961  3.4219  3.4034  4.4418  4.7028
 106  0.729360  3.8094  4.3647  0.1271  4.6281  4.9608  4.5677  4.3007  4.0124  3.6476  3.3760  3.3583  4.3867  4.6451
 107  0.732146  3.8107  4.3497  0.1492  4.5695  4.9006  4.5115  4.2465  3.9605  3.5989  3.3297  3.3126  4.3319  4.5879
 108  0.734835  3.8120  4.3343  0.1712  4.5117  4.8411  4.4555  4.1927  3.9087  3.5499  3.2831  3.2667  4.2772  4.5311
 109  0.737436  3.8132  4.3186  0.1930  4.4545  4.7821  4.3999  4.1392  3.8571  3.5009  3.2363  3.2204  4.2230  4.4747
 110  0.739955  3.8142  4.3026  0.2148  4.3980  4.7235  4.3450  4.0861  3.8059  3.4521  3.1891  3.1740  4.1693  4.4189
 111  0.742396  3.8152  4.2863  0.2363  4.3421  4.6655  4.2903  4.0333  3.7548  3.4030  3.1416  3.1272  4.1157  4.3635
 112  0.743088  3.8154  4.2815  0.2425  4.3261  4.6488  4.2746  4.0181  3.7401  3.3888  3.1278  3.1135  4.1003  4.3475
 113  0.743781  3.8157  4.2766  0.2489  4.3099  4.6320  4.2586  4.0026  3.7250  3.3743  3.1138  3.0996  4.0846  4.3313
 114  0.744472  3.8159  4.2718  0.2551  4.2938  4.6153  4.2428  3.9874  3.7102  3.3600  3.0998  3.0859  4.0691  4.3153
 115  0.745164  3.8162  4.2668  0.2614  4.2777  4.5985  4.2269  3.9720  3.6952  3.3454  3.0857  3.0719  4.0535  4.2992
 116  0.745856  3.8164  4.2618  0.2678  4.2612  4.5814  4.2107  3.9562  3.6799  3.3307  3.0712  3.0578  4.0375  4.2827
 117  0.746543  3.8166  4.2567  0.2742  4.2451  4.5645  4.1947  3.9406  3.6648  3.3160  3.0569  3.0436  4.0219  4.2666
 118  0.747221  3.8169  4.2517  0.2807  4.2282  4.5470  4.1781  3.9246  3.6493  3.3011  3.0424  3.0293  4.0057  4.2498
 119  0.747895  3.8173  4.2467  0.2875  4.2106  4.5285  4.1610  3.9082  3.6335  3.2860  3.0279  3.0151  3.9889  4.2323
 120  0.748565  3.8176  4.2418  0.2942  4.1932  4.5104  4.1440  3.8918  3.6178  3.2710  3.0135  3.0008  3.9724  4.2151
 121  0.749232  3.8180  4.2370  0.3011  4.1752  4.4914  4.1266  3.8753  3.6020  3.2560  2.9992  2.9870  3.9555  4.1973
 122  0.749897  3.8184  4.2323  0.3079  4.1572  4.4725  4.1092  3.8587  3.5862  3.2411  2.9849  2.9730  3.9386  4.1796
 123  0.750559  3.8189  4.2275  0.3148  4.1390  4.4534  4.0916  3.8420  3.5703  3.2262  2.9707  2.9591  3.9215  4.1616
 124  0.751218  3.8193  4.2227  0.3218  4.1207  4.4341  4.0738  3.8251  3.5542  3.2110  2.9562  2.9449  3.9043  4.1435
 125  0.751873  3.8197  4.2175  0.3289  4.1024  4.4150  4.0559  3.8080  3.5377  3.1954  2.9412  2.9302  3.8868  4.1253
 126  0.752524  3.8200  4.2121  0.3360  4.0841  4.3958  4.0378  3.7905  3.5207  3.1791  2.9256  2.9147  3.8691  4.1069
 127  0.753169  3.8203  4.2061  0.3432  4.0658  4.3766  4.0194  3.7726  3.5033  3.1623  2.9091  2.8984  3.8510  4.0884
 128  0.753807  3.8205  4.1999  0.3506  4.0475  4.3573  4.0009  3.7543  3.4855  3.1448  2.8921  2.8814  3.8327  4.0696
 129  0.754439  3.8206  4.1933  0.3580  4.0290  4.3379  3.9821  3.7359  3.4674  3.1269  2.8745  2.8639  3.8141  4.0507
 130  0.755065  3.8207  4.1866  0.3655  4.0103  4.3185  3.9631  3.7172  3.4490  3.1087  2.8563  2.8460  3.7953  4.0316
 131  0.755686  3.8208  4.1798  0.3731  3.9916  4.2989  3.9440  3.6983  3.4303  3.0903  2.8381  2.8278  3.7764  4.0124
 132  0.756303  3.8209  4.1727  0.3807  3.9728  4.2792  3.9248  3.6794  3.4115  3.0715  2.8194  2.8092  3.7572  3.9931
 133  0.756913  3.8209  4.1655  0.3884  3.9539  4.2594  3.9054  3.6601  3.3923  3.0524  2.8005  2.7902  3.7379  3.9736
 134  0.757518  3.8209  4.1582  0.3961  3.9349  4.2396  3.8859  3.6407  3.3730  3.0330  2.7811  2.7709  3.7184  3.9541
 135  0.758117  3.8209  4.1507  0.4040  3.9158  4.2196  3.8661  3.6211  3.3534  3.0134  2.7614  2.7513  3.6987  3.9343
 136  0.758709  3.8208  4.1428  0.4119  3.8966  4.1995  3.8462  3.6012  3.3335  2.9933  2.7412  2.7312  3.6788  3.9144
 137  0.759294  3.8207  4.1346  0.4198  3.8775  4.1796  3.8262  3.5810  3.3132  2.9726  2.7203  2.7102  3.6588  3.8944
 138  0.759869  3.8205  4.1261  0.4279  3.8583  4.1596  3.8060  3.5606  3.2926  2.9515  2.6988  2.6887  3.6384  3.8742
 139  0.760439  3.8203  4.1174  0.4360  3.8390  4.1395  3.7856  3.5400  3.2717  2.9300  2.6769  2.6668  3.6179  3.8539
 140  0.761000  3.8200  4.1084  0.4442  3.8196  4.1194  3.7651  3.5191  3.2506  2.9082  2.6544  2.6443  3.5971  3.8335
 141  0.761551  3.8196  4.0991  0.4525  3.8003  4.0993  3.7444  3.4980  3.2290  2.8858  2.6314  2.6213  3.5761  3.8130
 142  0.762094  3.8192  4.0894  0.4609  3.7809  4.0792  3.7235  3.4765  3.2070  2.8628  2.6079  2.5975  3.5548  3.7923
 143  0.762628  3.8188  4.0795  0.4693  3.7616  4.0592  3.7024  3.4547  3.1844  2.8394  2.5837  2.5731  3.5332  3.7715
 144  0.763151  3.8183  4.0692  0.4778  3.7422  4.0393  3.6811  3.4325  3.1615  2.8153  2.5589  2.5480  3.5114  3.7505
 145  0.763663  3.8177  4.0585  0.4863  3.7231  4.0195  3.6596  3.4100  3.1381  2.7906  2.5334  2.5221  3.4893  3.7295
 146  0.764164  3.8170  4.0475  0.4950  3.7038  3.9997  3.6380  3.3872  3.1142  2.7654  2.5072  2.4955  3.4669  3.7083
 147  0.764653  3.8162  4.0361  0.5037  3.6847  3.9802  3.6162  3.3641  3.0899  2.7396  2.4803  2.4680  3.4443  3.6870
 148  0.765130  3.8154  4.0242  0.5124  3.6658  3.9608  3.5942  3.3406  3.0650  2.7130  2.4526  2.4396  3.4214  3.6656
 149  0.765597  3.8144  4.0118  0.5212  3.6470  3.9416  3.5721  3.3169  3.0397  2.6858  2.4241  2.4104  3.3982  3.6442
 150  0.766048  3.8134  3.9990  0.5301  3.6284  3.9226  3.5500  3.2928  3.0139  2.6579  2.3947  2.3803  3.3749  3.6228
 151  0.766487  3.8122  3.9856  0.5390  3.6100  3.9038  3.5279  3.2688  2.9880  2.6294  2.3645  2.3493  3.3516  3.6016
 152  0.766911  3.8109  3.9717  0.5480  3.5919  3.8851  3.5061  3.2449  2.9622  2.6005  2.3332  2.3175  3.3284  3.5805
 153  0.767322  3.8095  3.9572  0.5571  3.5742  3.8667  3.4843  3.2210  2.9361  2.5710  2.3010  2.2847  3.3052  3.5596
 154  0.767719  3.8080  3.9422  0.5661  3.5568  3.8485  3.4626  3.1970  2.9098  2.5409  2.2678  2.2511  3.2819  3.5389
 155  0.768100  3.8063  3.9266  0.5752  3.5399  3.8307  3.4410  3.1729  2.8833  2.5100  2.2337  2.2165  3.2587  3.5183
 156  0.768468  3.8045  3.9104  0.5844  3.5235  3.8134  3.4194  3.1486  2.8562  2.4786  2.1986  2.1808  3.2352  3.4979
 157  0.768821  3.8025  3.8937  0.5935  3.5075  3.7967  3.3979  3.1242  2.8288  2.4463  2.1625  2.1440  3.2117  3.4777
 158  0.769158  3.8004  3.8764  0.6027  3.4921  3.7804  3.3765  3.0996  2.8010  2.4134  2.1255  2.1062  3.1882  3.4578
 159  0.769483  3.7982  3.8586  0.6118  3.4775  3.7645  3.3554  3.0750  2.7731  2.3799  2.0877  2.0675  3.1646  3.4380
 160  0.769795  3.7959  3.8402  0.6210  3.4635  3.7492  3.3343  3.0503  2.7449  2.3457  2.0489  2.0278  3.1411  3.4184
 161  0.770093  3.7934  3.8212  0.6302  3.4505  3.7346  3.3134  3.0255  2.7162  2.3109  2.0093  1.9873  3.1176  3.3990
 162  0.770325  3.7912  3.8052  0.6375  3.4416  3.7241  3.2966  3.0051  2.6924  2.2818  1.9761  1.9529  3.0984  3.3839
 163  0.770552  3.7885  3.7873  0.6449  3.4350  3.7154  3.2800  2.9838  2.6667  2.2499  1.9397  1.9149  3.0787  3.3693
 164  0.770776  3.7855  3.7675  0.6524  3.4310  3.7087  3.2634  2.9616  2.6396  2.2154  1.9002  1.8733  3.0584  3.3553
 165  0.770998  3.7823  3.7473  0.6601  3.4266  3.7010  3.2470  2.9400  2.6129  2.1812  1.8602  1.8316  3.0384  3.3409
 166  0.771216  3.7791  3.7268  0.6680  3.4224  3.6929  3.2301  2.9182  2.5863  2.1468  1.8201  1.7899  3.0181  3.3264
 167  0.771433  3.7762  3.7071  0.6760  3.4184  3.6845  3.2127  2.8956  2.5590  2.1126  1.7810  1.7491  2.9972  3.3114
 168  0.771646  3.7731  3.6872  0.6842  3.4154  3.6765  3.1952  2.8727  2.5311  2.0777  1.7413  1.7075  2.9759  3.2962
 169  0.771855  3.7700  3.6668  0.6925  3.4129  3.6685  3.1775  2.8496  2.5029  2.0422  1.7007  1.6650  2.9545  3.2810
 170  0.772058  3.7670  3.6461  0.7010  3.4095  3.6596  3.1594  2.8263  2.4748  2.0065  1.6597  1.6221  2.9329  3.2653
 171  0.772260  3.7642  3.6262  0.7099  3.4045  3.6490  3.1403  2.8027  2.4468  1.9715  1.6194  1.5802  2.9105  3.2483
 172  0.772456  3.7616  3.6068  0.7190  3.3979  3.6370  3.1204  2.7785  2.4185  1.9366  1.5798  1.5392  2.8876  3.2304
 173  0.772647  3.7592  3.5878  0.7286  3.3901  3.6236  3.0995  2.7536  2.3899  1.9018  1.5406  1.4985  2.8639  3.2114
 174  0.772830  3.7569  3.5690  0.7384  3.3809  3.6090  3.0778  2.7281  2.3608  1.8669  1.5014  1.4580  2.8395  3.1916
 175  0.773008  3.7550  3.5507  0.7485  3.3701  3.5928  3.0550  2.7019  2.3313  1.8320  1.4626  1.4180  2.8143  3.1705
 176  0.773177  3.7531  3.5328  0.7589  3.3575  3.5752  3.0313  2.6751  2.3017  1.7973  1.4244  1.3786  2.7884  3.1484
 177  0.773339  3.7514  3.5153  0.7696  3.3432  3.5562  3.0069  2.6478  2.2716  1.7628  1.3866  1.3399  2.7619  3.1253
 178  0.773496  3.7498  3.4983  0.7806  3.3279  3.5362  2.9817  2.6200  2.2414  1.7284  1.3493  1.3017  2.7348  3.1014
 179  0.773646  3.7484  3.4816  0.7917  3.3113  3.5152  2.9558  2.5917  2.2107  1.6942  1.3126  1.2641  2.7072  3.0767
 180  0.773792  3.7471  3.4652  0.8029  3.2945  3.4938  2.9296  2.5629  2.1797  1.6600  1.2765  1.2270  2.6792  3.0517
 181  0.773933  3.7459  3.4493  0.8143  3.2765  3.4716  2.9029  2.5338  2.1485  1.6261  1.2409  1.1906  2.6507  3.0260
 182  0.774085  3.7447  3.4321  0.8269  3.2556  3.4463  2.8732  2.5018  2.1142  1.5891  1.2023  1.1510  2.6193  2.9973
 183  0.774234  3.7436  3.4150  0.8398  3.2333  3.4199  2.8426  2.4691  2.0797  1.5520  1.1635  1.1116  2.5873  2.9677
 184  0.774383  3.7427  3.3980  0.8529  3.2096  3.3923  2.8113  2.4359  2.0447  1.5146  1.1248  1.0721  2.5546  2.9373
 185  0.774530  3.7418  3.3812  0.8661  3.1845  3.3637  2.7794  2.4022  2.0095  1.4772  1.0859  1.0327  2.5215  2.9062
 186  0.774676  3.7409  3.3645  0.8797  3.1587  3.3344  2.7471  2.3684  1.9742  1.4398  1.0471  0.9933  2.4880  2.8747
 187  0.774822  3.7402  3.3479  0.8932  3.1319  3.3045  2.7143  2.3342  1.9386  1.4022  1.0081  0.9540  2.4542  2.8426
 188  0.774966  3.7394  3.3314  0.9069  3.1040  3.2738  2.6812  2.2998  1.9030  1.3647  0.9692  0.9146  2.4202  2.8100
 189  0.775110  3.7387  3.3150  0.9208  3.0755  3.2426  2.6477  2.2653  1.8674  1.3271  0.9303  0.8754  2.3859  2.7771
 190  0.775253  3.7381  3.2985  0.9347  3.0465  3.2110  2.6141  2.2305  1.8316  1.2895  0.8913  0.8361  2.3515  2.7440
 191  0.775396  3.7375  3.2822  0.9487  3.0170  3.1790  2.5801  2.1955  1.7957  1.2520  0.8525  0.7969  2.3167  2.7105
 192  0.775539  3.7369  3.2660  0.9627  2.9870  3.1467  2.5459  2.1604  1.7598  1.2144  0.8136  0.7578  2.2819  2.6767
 193  0.775681  3.7364  3.2498  0.9769  2.9566  3.1140  2.5115  2.1252  1.7237  1.1767  0.7746  0.7187  2.2468  2.6428
 194  0.775823  3.7359  3.2337  0.9910  2.9260  3.0812  2.4771  2.0899  1.6876  1.1391  0.7358  0.6796  2.2118  2.6088
 195  0.775965  3.7354  3.2177  1.0051  2.8952  3.0482  2.4426  2.0546  1.6516  1.1017  0.6972  0.6409  2.1767  2.5747
 196  0.776107  3.7349  3.2017  1.0193  2.8639  3.0150  2.4079  2.0192  1.6156  1.0642  0.6585  0.6021  2.1415  2.5403
 197  0.776249  3.7345  3.1857  1.0336  2.8324  2.9815  2.3729  1.9837  1.5792  1.0265  0.6198  0.5631  2.1060  2.5057
 198  0.776389  3.7340  3.1696  1.0480  2.8005  2.9475  2.3376  1.9477  1.5426  0.9885  0.5807  0.5239  2.0702  2.4707
 199  0.776528  3.7336  3.1533  1.0626  2.7681  2.9132  2.3020  1.9113  1.5056  0.9501  0.5412  0.4843  2.0340  2.4354
 200  0.776666  3.7332  3.1371  1.0772  2.7356  2.8787  2.2662  1.8750  1.4686  0.9118  0.5017  0.4447  1.9978  2.3999
 201  0.776805  3.7328  3.1208  1.0918  2.7027  2.8439  2.2302  1.8384  1.4314  0.8734  0.4622  0.4051  1.9614  2.3643
 202  0.776942  3.7323  3.1045  1.1067  2.6696  2.8088  2.1939  1.8014  1.3939  0.8346  0.4223  0.3651  1.9246  2.3282
 203  0.777076  3.7319  3.0878  1.1219  2.6353  2.7726  2.1565  1.7635  1.3553  0.7947  0.3813  0.3239  1.8867  2.2911
 204  0.777208  3.7315  3.0708  1.1374  2.6006  2.7360  2.1187  1.7250  1.3164  0.7544  0.3400  0.2825  1.8485  2.2536
 205  0.777337  3.7311  3.0534  1.1532  2.5649  2.6981  2.0797  1.6855  1.2762  0.7129  0.2973  0.2398  1.8091  2.2150
 206  0.777460  3.7307  3.0353  1.1697  2.5279  2.6590  2.0394  1.6445  1.2347  0.6700  0.2532  0.1956  1.7683  2.1749
 207  0.777580  3.7303  3.0169  1.1864  2.4903  2.6194  1.9984  1.6030  1.1925  0.6263  0.2083  0.1507  1.7268  2.1343
 208  0.777696  3.7298  2.9981  1.2035  2.4522  2.5789  1.9565  1.5604  1.1492  0.5817  0.1624  0.1047  1.6844  2.0927
 209  0.777810  3.7293  2.9787  1.2208  2.4138  2.5380  1.9141  1.5172  1.1053  0.5361  0.1155  0.0577  1.6414  2.0507
 210  0.777920  3.7288  2.9591  1.2384  2.3753  2.4968  1.8710  1.4734  1.0605  0.4897  0.0678  0.0098  1.5977  2.0081
 211  0.778027  3.7283  2.9393  1.2563  2.3359  2.4547  1.8273  1.4288  1.0152  0.4429  0.0196 -0.0385  1.5534  1.9648
 212  0.778131  3.7278  2.9191  1.2744  2.2963  2.4124  1.7831  1.3837  0.9693  0.3953 -0.0293 -0.0875  1.5085  1.9211
 213  0.778232  3.7272  2.8987  1.2926  2.2564  2.3696  1.7385  1.3381  0.9227  0.3471 -0.0787 -0.1372  1.4632  1.8769
 214  0.778331  3.7266  2.8779  1.3112  2.2164  2.3265  1.6933  1.2919  0.8756  0.2983 -0.1288 -0.1875  1.4173  1.8322
 215  0.778426  3.7261  2.8571  1.3299  2.1756  2.2828  1.6475  1.2451  0.8279  0.2491 -0.1792 -0.2382  1.3708  1.7869
 216  0.778519  3.7255  2.8360  1.3488  2.1350  2.2390  1.6014  1.1979  0.7797  0.1993 -0.2303 -0.2895  1.3239  1.7413
 217  0.778539  3.7254  2.8314  1.3530  2.1260  2.2293  1.5913  1.1876  0.7692  0.1883 -0.2416 -0.3008  1.3136  1.7313
 218  0.778559  3.7253  2.8267  1.3571  2.1170  2.2196  1.5811  1.1772  0.7585  0.1773 -0.2529 -0.3121  1.3032  1.7213
 219  0.778578  3.7251  2.8219  1.3613  2.1081  2.2100  1.5709  1.1667  0.7478  0.1662 -0.2643 -0.3236  1.2927  1.7112
 220  0.778598  3.7250  2.8171  1.3655  2.0993  2.2004  1.5606  1.1562  0.7371  0.1551 -0.2757 -0.3351  1.2823  1.7011
 221  0.778617  3.7249  2.8123  1.3698  2.0903  2.1906  1.5503  1.1455  0.7261  0.1437 -0.2872 -0.3467  1.2718  1.6908
 222  0.778637  3.7247  2.8076  1.3740  2.0812  2.1808  1.5399  1.1349  0.7153  0.1325 -0.2987 -0.3583  1.2612  1.6806
 223  0.778656  3.7246  2.8028  1.3783  2.0720  2.1709  1.5295  1.1243  0.7044  0.1213 -0.3102 -0.3698  1.2507  1.6703
 224  0.778676  3.7245  2.7981  1.3826  2.0626  2.1607  1.5190  1.1135  0.6935  0.1100 -0.3218 -0.3814  1.2400  1.6599
 225  0.778695  3.7244  2.7934  1.3869  2.0531  2.1506  1.5085  1.1028  0.6825  0.0988 -0.3333 -0.3929  1.2292  1.6495
 226  0.778714  3.7243  2.7885  1.3912  2.0438  2.1406  1.4978  1.0920  0.6715  0.0874 -0.3449 -0.4046  1.2185  1.6391
 227  0.778898  3.7229  2.7392  1.4350  1.9511  2.0399  1.3913  0.9826  0.5595 -0.0285 -0.4635 -0.5239  1.1098  1.5338
 228  0.779065  3.7215  2.6905  1.4784  1.8599  1.9405  1.2860  0.8744  0.4488 -0.1431 -0.5810 -0.6421  1.0025  1.4298
 229  0.779215  3.7201  2.6427  1.5208  1.7704  1.8431  1.1829  0.7686  0.3406 -0.2552 -0.6962 -0.7578  0.8973  1.3280
 230  0.779360  3.7187  2.5921  1.5657  1.6758  1.7400  1.0738  0.6568  0.2263 -0.3738 -0.8181 -0.8803  0.7862  1.2203
 231  0.779494  3.7172  2.5415  1.6106  1.5819  1.6372  0.9648  0.5451  0.1121 -0.4926 -0.9405 -1.0032  0.6751  1.1128
 232  0.779609  3.7159  2.4936  1.6531  1.4935  1.5401  0.8620  0.4397  0.0042 -0.6048 -1.0563 -1.1194  0.5704  1.0112
 233  0.779717  3.7143  2.4438  1.6966  1.4053  1.4422  0.7568  0.3314 -0.1068 -0.7208 -1.1764 -1.2401  0.4629  0.9076
 234  0.779817  3.7126  2.3937  1.7400  1.3189  1.3453  0.6523  0.2238 -0.2175 -0.8367 -1.2965 -1.3609  0.3562  0.8048
 235  0.779908  3.7110  2.3442  1.7831  1.2341  1.2497  0.5490  0.1171 -0.3270 -0.9517 -1.4158 -1.4807  0.2503  0.7032
 236  0.779993  3.7093  2.2940  1.8266  1.1489  1.1532  0.4445  0.0094 -0.4380 -1.0679 -1.5366 -1.6021  0.1434  0.6005
 237  0.780069  3.7077  2.2445  1.8697  1.0660  1.0587  0.3416 -0.0969 -0.5473 -1.1827 -1.6558 -1.7218  0.0380  0.4993
 238  0.780139  3.7060  2.1958  1.9119  0.9857  0.9667  0.2409 -0.2014 -0.6550 -1.2955 -1.7724 -1.8392 -0.0656  0.4003
 239  0.780203  3.7044  2.1470  1.9540  0.9067  0.8753  0.1402 -0.3059 -0.7628 -1.4082 -1.8886 -1.9563 -0.1691  0.3016
 240  0.780263  3.7027  2.0982  1.9961  0.8290  0.7846  0.0398 -0.4104 -0.8706 -1.5210 -2.0047 -2.0734 -0.2725  0.2034
 241  0.780317  3.7011  2.0500  2.0379  0.7533  0.6955 -0.0595 -0.5137 -0.9776 -1.6327 -2.1196 -2.1893 -0.3747  0.1061
 242  0.780366  3.6995  2.0041  2.0777  0.6820  0.6111 -0.1539 -0.6123 -1.0794 -1.7391 -2.2290 -2.2996 -0.4722  0.0138
 243  0.780412  3.6978  1.9570  2.1178  0.6132  0.5277 -0.2485 -0.7112 -1.1821 -1.8471 -2.3407 -2.4123 -0.5700 -0.0785
 244  0.780452  3.6962  1.9128  2.1555  0.5496  0.4498 -0.3372 -0.8040 -1.2784 -1.9487 -2.4463 -2.5187 -0.6618 -0.1650
 245  0.780491  3.6947  1.8730  2.1893  0.4933  0.3802 -0.4166 -0.8872 -1.3647 -2.0400 -2.5412 -2.6144 -0.7440 -0.2424
 246  0.780527  3.6937  1.8464  2.2123  0.4539  0.3324 -0.4706 -0.9435 -1.4231 -2.1015 -2.6050 -2.6787 -0.7998 -0.2952
 247  0.780563  3.6934  1.8349  2.2224  0.4352  0.3104 -0.4949 -0.9687 -1.4490 -2.1284 -2.6329 -2.7066 -0.8247 -0.3189
 248  0.780599  3.6923  1.8024  2.2506  0.3872  0.2516 -0.5612 -1.0379 -1.5206 -2.2039 -2.7112 -2.7853 -0.8932 -0.3837
 249  0.780632  3.6904  1.7519  2.2935  0.3193  0.1654 -0.6607 -1.1425 -1.6294 -2.3192 -2.8316 -2.9066 -0.9965 -0.4805
 250  0.780663  3.6884  1.7015  2.3361  0.2528  0.0799 -0.7597 -1.2465 -1.7378 -2.4343 -2.9516 -3.0275 -1.0995 -0.5767
 251  0.780691  3.6866  1.6517  2.3783  0.1883 -0.0041 -0.8573 -1.3494 -1.8449 -2.5478 -3.0702 -3.1470 -1.2010 -0.6714
 252  0.780716  3.6848  1.6036  2.4190  0.1276 -0.0845 -0.9511 -1.4483 -1.9482 -2.6576 -3.1849 -3.2624 -1.2987 -0.7624
 253  0.780739  3.6830  1.5573  2.4583  0.0705 -0.1612 -1.0410 -1.5434 -2.0474 -2.7632 -3.2953 -3.3736 -1.3925 -0.8495
 254  0.780760  3.6812  1.5115  2.4970  0.0157 -0.2362 -1.1296 -1.6373 -2.1458 -2.8679 -3.4048 -3.4838 -1.4853 -0.9353
 255  0.780780  3.6793  1.4663  2.5350 -0.0335 -0.3073 -1.2154 -1.7288 -2.2418 -2.9707 -3.5128 -3.5927 -1.5755 -1.0178
 256  0.780797  3.6775  1.4221  2.5719 -0.0780 -0.3747 -1.2980 -1.8173 -2.3350 -3.0708 -3.6180 -3.6986 -1.6627 -1.0971
 257  0.780814  3.6757  1.3787  2.6081 -0.1196 -0.4396 -1.3785 -1.9040 -2.4266 -3.1690 -3.7209 -3.8026 -1.7480 -1.1743
 258  0.780829  3.6739  1.3357  2.6438 -0.1587 -0.5029 -1.4580 -1.9898 -2.5174 -3.2665 -3.8227 -3.9055 -1.8324 -1.2502
 259  0.780843  3.6721  1.2939  2.6785 -0.1946 -0.5632 -1.5346 -2.0728 -2.6053 -3.3608 -3.9210 -4.0051 -1.9140 -1.3231
 260  0.780856  3.6704  1.2526  2.7128 -0.2284 -0.6223 -1.6099 -2.1547 -2.6923 -3.4540 -4.0179 -4.1033 -1.9945 -1.3947
 261  0.780868  3.6686  1.2121  2.7464 -0.2602 -0.6795 -1.6833 -2.2347 -2.7772 -3.5453 -4.1130 -4.1995 -2.0731 -1.4644
 262  0.780878  3.6669  1.1727  2.7792 -0.2893 -0.7344 -1.7543 -2.3122 -2.8598 -3.6342 -4.2058 -4.2935 -2.1493 -1.5317
 263  0.780889  3.6653  1.1340  2.8111 -0.3165 -0.7875 -1.8234 -2.3877 -2.9404 -3.7213 -4.2971 -4.3857 -2.2236 -1.5971
 264  0.780898  3.6636  1.0957  2.8428 -0.3419 -0.8392 -1.8912 -2.4621 -3.0199 -3.8075 -4.3876 -4.4772 -2.2969 -1.6612
 265  0.780907  3.6620  1.0583  2.8737 -0.3652 -0.8889 -1.9569 -2.5342 -3.0970 -3.8912 -4.4760 -4.5663 -2.3678 -1.7230
 266  0.780915  3.6604  1.0216  2.9040 -0.3867 -0.9367 -2.0207 -2.6047 -3.1725 -3.9734 -4.5628 -4.6540 -2.4371 -1.7832
 267  0.780923  3.6588  0.9856  2.9335 -0.4046 -0.9819 -2.0824 -2.6731 -3.2461 -4.0540 -4.6481 -4.7402 -2.5044 -1.8410
 268  0.780930  3.6571  0.9498  2.9625 -0.4185 -1.0242 -2.1421 -2.7398 -3.3181 -4.1332 -4.7322 -4.8252 -2.5698 -1.8964
 269  0.780937  3.6554  0.9146  2.9911 -0.4303 -1.0649 -2.2003 -2.8052 -3.3891 -4.2114 -4.8152 -4.9092 -2.6340 -1.9505
 270  0.780943  3.6538  0.8799  3.0191 -0.4394 -1.1034 -2.2566 -2.8688 -3.4583 -4.2879 -4.8967 -4.9915 -2.6965 -2.0025
 271  0.780949  3.6521  0.8460  3.0465 -0.4465 -1.1402 -2.3110 -2.9306 -3.5256 -4.3626 -4.9762 -5.0720 -2.7572 -2.0525
 272  0.780955  3.6505  0.8125  3.0733 -0.4513 -1.1752 -2.3639 -2.9911 -3.5919 -4.4362 -5.0548 -5.1516 -2.8166 -2.1011
 273  0.780960  3.6489  0.7798  3.0996 -0.4542 -1.2084 -2.4150 -3.0497 -3.6563 -4.5081 -5.1315 -5.2292 -2.8741 -2.1478
 274  0.780965  3.6473  0.7476  3.1254 -0.4556 -1.2403 -2.4647 -3.1072 -3.7194 -4.5787 -5.2070 -5.3057 -2.9305 -2.1930
 275  0.780969  3.6457  0.7163  3.1505 -0.4557 -1.2705 -2.5126 -3.1627 -3.7806 -4.6472 -5.2805 -5.3800 -2.9849 -2.2364
 276  0.780974  3.6442  0.6857  3.1752 -0.4549 -1.2998 -2.5592 -3.2169 -3.8405 -4.7145 -5.3525 -5.4529 -3.0382 -2.2785
 277  0.780978  3.6428  0.6558  3.1990 -0.4531 -1.3276 -2.6042 -3.2693 -3.8987 -4.7798 -5.4225 -5.5239 -3.0899 -2.3190
 278  0.780982  3.6414  0.6273  3.2220 -0.4511 -1.3541 -2.6471 -3.3194 -3.9542 -4.8422 -5.4895 -5.5917 -3.1391 -2.3576
 279  0.780986  3.6402  0.6023  3.2421 -0.4496 -1.3775 -2.6848 -3.3636 -4.0030 -4.8971 -5.5482 -5.6511 -3.1825 -2.3916
