NUMBER OF AGES= 1 MAGS=10
----------------------------------------------------       
MIX-LEN  Y      Z          Zeff        [Fe/H] [a/Fe]
 1.9380  0.2452 1.3168E-04 1.7223E-04  -2.00  -0.20 
----------------------------------------------------       
**PHOTOMETRIC SYSTEM**: Bessell UBV(RI)c + 2MASS JHKs + Kepler (Vega)
----------------------------------------------------       
AGE=13.000 EEPS=266
#EEP   M/Mo    LogTeff  LogG   LogL/Lo U       B       V       R       I       J       H       Ks      Kp      D51
  14  0.111949  3.5479  5.3370 -2.7050 16.3806 14.4582 12.7383 11.7481 10.8689  9.7662  9.3077  9.1917 11.9223 13.5105
  15  0.123035  3.5604  5.2923 -2.5693 15.5669 13.9218 12.3023 11.3529 10.5321  9.4633  8.9748  8.8483 11.5387 13.0059
  16  0.134957  3.5714  5.2501 -2.4428 14.8964 13.4330 11.9010 10.9917 10.2133  9.1793  8.6695  8.5363 11.1825 12.5469
  17  0.146958  3.5797  5.2144 -2.3370 14.3880 13.0418 11.5741 10.6975  9.9457  8.9392  8.4165  8.2773 10.8891 12.1776
  18  0.158543  3.5852  5.1855 -2.2532 14.0202 12.7494 11.3238 10.4698  9.7336  8.7455  8.2156  8.0714 10.6609 11.8979
  19  0.169691  3.5893  5.1616 -2.1835 13.7293 12.5151 11.1201 10.2831  9.5578  8.5829  8.0485  7.9004 10.4733 11.6719
  20  0.180783  3.5925  5.1403 -2.1214 13.4761 12.3108 10.9406 10.1179  9.4012  8.4373  7.8997  7.7482 10.3072 11.4732
  21  0.192383  3.5956  5.1201 -2.0619 13.2369 12.1176 10.7698  9.9604  9.2514  8.2977  7.7576  7.6031 10.1487 11.2846
  22  0.204788  3.5987  5.1005 -2.0030 13.0017 11.9267 10.6004  9.8042  9.1027  8.1591  7.6170  7.4601  9.9913 11.0979
  23  0.218713  3.6017  5.0812 -1.9430 12.7678 11.7343 10.4286  9.6453  8.9511  8.0177  7.4742  7.3151  9.8312 10.9092
  24  0.235408  3.6050  5.0612 -1.8782 12.5268 11.5291 10.2438  9.4736  8.7872  7.8647  7.3205  7.1597  9.6584 10.7082
  25  0.262241  3.6096  5.0339 -1.7856 12.1898 11.2371  9.9794  9.2276  8.5524  7.6456  7.1012  6.9390  9.4108 10.4220
  26  0.296584  3.6148  5.0071 -1.6846 11.8249 10.9192  9.6907  8.9591  8.2964  7.4070  6.8641  6.7017  9.1404 10.1099
  27  0.307907  3.6163  5.0023 -1.6573 11.7232 10.8318  9.6116  8.8859  8.2269  7.3427  6.8006  6.6385  9.0667 10.0242
  28  0.314286  3.6171  4.9999 -1.6426 11.6688 10.7848  9.5691  8.8467  8.1897  7.3082  6.7667  6.6048  9.0270  9.9779
  29  0.318360  3.6177  4.9977 -1.6327 11.6319 10.7529  9.5402  8.8199  8.1643  7.2848  6.7435  6.5818  9.0001  9.9467
  30  0.321209  3.6181  4.9957 -1.6251 11.6036 10.7286  9.5181  8.7995  8.1449  7.2668  6.7259  6.5642  8.9796  9.9227
  31  0.323601  3.6185  4.9938 -1.6183 11.5784 10.7069  9.4985  8.7813  8.1277  7.2509  6.7101  6.5486  8.9612  9.9013
  32  0.326173  3.6190  4.9917 -1.6111 11.5518 10.6840  9.4778  8.7622  8.1095  7.2341  6.6935  6.5322  8.9419  9.8788
  33  0.329525  3.6194  4.9893 -1.6024 11.5201 10.6565  9.4528  8.7390  8.0875  7.2136  6.6733  6.5121  8.9186  9.8518
  34  0.334359  3.6200  4.9864 -1.5908 11.4786 10.6204  9.4197  8.7082  8.0581  7.1862  6.6462  6.4852  8.8875  9.8162
  35  0.341600  3.6208  4.9823 -1.5742 11.4200 10.5690  9.3726  8.6640  8.0159  7.1467  6.6073  6.4465  8.8431  9.7656
  36  0.352456  3.6221  4.9751 -1.5482 11.3282 10.4888  9.2989  8.5952  7.9501  7.0852  6.5465  6.3863  8.7738  9.6865
  37  0.367130  3.6243  4.9629 -1.5096 11.1873 10.3668  9.1878  8.4921  7.8522  6.9942  6.4570  6.2979  8.6699  9.5665
  38  0.379640  3.6266  4.9503 -1.4729 11.0486 10.2478  9.0804  8.3932  7.7588  6.9084  6.3729  6.2151  8.5700  9.4499
  39  0.389427  3.6289  4.9387 -1.4415 10.9275 10.1448  8.9879  8.3083  7.6790  6.8356  6.3017  6.1453  8.4844  9.3491
  40  0.398175  3.6310  4.9276 -1.4124 10.8140 10.0484  8.9014  8.2291  7.6050  6.7681  6.2360  6.0810  8.4045  9.2549
  41  0.408642  3.6335  4.9143 -1.3776 10.6780  9.9333  8.7983  8.1349  7.5167  6.6880  6.1582  6.0051  8.3094  9.1426
  42  0.423863  3.6376  4.8952 -1.3262 10.4669  9.7574  8.6424  7.9938  7.3857  6.5706  6.0452  5.8954  8.1666  8.9716
  43  0.440937  3.6431  4.8751 -1.2673 10.2126  9.5496  8.4602  7.8305  7.2358  6.4384  5.9194  5.7745  8.0012  8.7708
  44  0.454229  3.6478  4.8589 -1.2193 10.0023  9.3788  8.3113  7.6972  7.1140  6.3316  5.8185  5.6779  7.8660  8.6067
  45  0.463940  3.6516  4.8465 -1.1822  9.8350  9.2451  8.1954  7.5940  7.0200  6.2499  5.7419  5.6051  7.7613  8.4790
  46  0.472473  3.6554  4.8357 -1.1483  9.6768  9.1219  8.0895  7.5000  6.9346  6.1762  5.6735  5.5402  7.6657  8.3621
  47  0.480373  3.6591  4.8257 -1.1163  9.5222  9.0039  7.9890  7.4110  6.8539  6.1072  5.6098  5.4800  7.5750  8.2510
  48  0.488101  3.6629  4.8163 -1.0845  9.3661  8.8864  7.8895  7.3229  6.7744  6.0395  5.5478  5.4216  7.4853  8.1412
  49  0.495852  3.6669  4.8069 -1.0525  9.2078  8.7672  7.7894  7.2344  6.6945  5.9719  5.4861  5.3635  7.3950  8.0312
  50  0.503747  3.6711  4.7978 -1.0199  9.0443  8.6453  7.6876  7.1442  6.6133  5.9033  5.4240  5.3052  7.3030  7.9197
  51  0.511542  3.6755  4.7890 -0.9868  8.8761  8.5219  7.5853  7.0539  6.5321  5.8352  5.3630  5.2481  7.2106  7.8079
  52  0.516256  3.6783  4.7839 -0.9667  8.7721  8.4461  7.5229  6.9987  6.4827  5.7941  5.3263  5.2138  7.1543  7.7399
  53  0.520960  3.6811  4.7788 -0.9465  8.6672  8.3697  7.4604  6.9436  6.4332  5.7530  5.2899  5.1798  7.0977  7.6718
  54  0.525658  3.6840  4.7739 -0.9261  8.5607  8.2919  7.3972  6.8880  6.3838  5.7123  5.2539  5.1463  7.0408  7.6031
  55  0.530346  3.6869  4.7690 -0.9056  8.4551  8.2146  7.3345  6.8326  6.3345  5.6716  5.2182  5.1130  6.9841  7.5353
  56  0.535033  3.6898  4.7641 -0.8850  8.3489  8.1367  7.2717  6.7772  6.2851  5.6310  5.1826  5.0799  6.9273  7.4675
  57  0.539713  3.6928  4.7592 -0.8645  8.2437  8.0599  7.2098  6.7223  6.2361  5.5905  5.1469  5.0466  6.8710  7.4009
  58  0.544398  3.6958  4.7543 -0.8439  8.1391  7.9834  7.1484  6.6677  6.1872  5.5500  5.1114  5.0134  6.8150  7.3348
  59  0.549066  3.6987  4.7493 -0.8233  8.0363  7.9077  7.0876  6.6137  6.1387  5.5098  5.0762  4.9803  6.7594  7.2699
  60  0.553720  3.7017  4.7442 -0.8029  7.9351  7.8326  7.0272  6.5600  6.0908  5.4700  5.0412  4.9476  6.7043  7.2054
  61  0.558324  3.7046  4.7392 -0.7825  7.8352  7.7581  6.9675  6.5069  6.0434  5.4308  5.0067  4.9153  6.6498  7.1417
  62  0.562885  3.7075  4.7342 -0.7622  7.7371  7.6846  6.9085  6.4545  5.9966  5.3919  4.9725  4.8834  6.5958  7.0788
  63  0.567397  3.7104  4.7292 -0.7421  7.6408  7.6126  6.8507  6.4027  5.9502  5.3535  4.9388  4.8519  6.5427  7.0174
  64  0.571850  3.7133  4.7243 -0.7222  7.5468  7.5418  6.7938  6.3519  5.9045  5.3155  4.9055  4.8206  6.4904  6.9570
  65  0.576246  3.7162  4.7192 -0.7024  7.4553  7.4725  6.7381  6.3019  5.8594  5.2780  4.8726  4.7897  6.4389  6.8979
  66  0.580582  3.7190  4.7142 -0.6829  7.3665  7.4046  6.6834  6.2528  5.8151  5.2409  4.8400  4.7592  6.3883  6.8400
  67  0.584856  3.7217  4.7091 -0.6637  7.2803  7.3382  6.6296  6.2044  5.7716  5.2045  4.8078  4.7289  6.3387  6.7831
  68  0.589068  3.7244  4.7040 -0.6446  7.1966  7.2730  6.5769  6.1570  5.7287  5.1686  4.7760  4.6991  6.2898  6.7274
  69  0.593212  3.7271  4.6988 -0.6259  7.1152  7.2092  6.5251  6.1102  5.6865  5.1332  4.7448  4.6697  6.2417  6.6729
  70  0.597289  3.7296  4.6936 -0.6074  7.0365  7.1466  6.4742  6.0643  5.6450  5.0984  4.7139  4.6407  6.1945  6.6194
  71  0.601298  3.7322  4.6884 -0.5891  6.9602  7.0856  6.4242  6.0192  5.6043  5.0641  4.6833  4.6119  6.1481  6.5671
  72  0.605239  3.7346  4.6831 -0.5712  6.8866  7.0259  6.3751  5.9748  5.5642  5.0301  4.6529  4.5833  6.1024  6.5155
  73  0.609104  3.7370  4.6778 -0.5534  6.8152  6.9676  6.3269  5.9313  5.5248  4.9966  4.6229  4.5550  6.0576  6.4650
  74  0.612896  3.7395  4.6724 -0.5360  6.7461  6.9106  6.2796  5.8885  5.4861  4.9636  4.5932  4.5270  6.0136  6.4154
  75  0.616612  3.7418  4.6671 -0.5188  6.6789  6.8549  6.2334  5.8465  5.4480  4.9311  4.5639  4.4994  5.9704  6.3669
  76  0.620252  3.7440  4.6617 -0.5019  6.6136  6.8007  6.1881  5.8053  5.4105  4.8990  4.5351  4.4722  5.9281  6.3195
  77  0.623820  3.7462  4.6562 -0.4853  6.5504  6.7477  6.1436  5.7648  5.3736  4.8673  4.5066  4.4452  5.8865  6.2731
  78  0.627313  3.7483  4.6508 -0.4689  6.4889  6.6960  6.1001  5.7251  5.3373  4.8362  4.4785  4.4186  5.8457  6.2275
  79  0.630737  3.7504  4.6454 -0.4527  6.4295  6.6454  6.0574  5.6860  5.3016  4.8054  4.4507  4.3923  5.8056  6.1829
  80  0.634091  3.7525  4.6400 -0.4368  6.3716  6.5960  6.0154  5.6477  5.2665  4.7751  4.4233  4.3663  5.7661  6.1392
  81  0.637374  3.7544  4.6345 -0.4212  6.3153  6.5475  5.9742  5.6101  5.2321  4.7454  4.3963  4.3407  5.7275  6.0964
  82  0.642083  3.7573  4.6265 -0.3987  6.2343  6.4776  5.9149  5.5561  5.1830  4.7027  4.3573  4.3038  5.6720  6.0345
  83  0.646768  3.7601  4.6184 -0.3761  6.1536  6.4073  5.8556  5.5023  5.1342  4.6602  4.3182  4.2668  5.6165  5.9725
  84  0.651431  3.7628  4.6100 -0.3535  6.0740  6.3377  5.7964  5.4485  5.0853  4.6175  4.2789  4.2296  5.5610  5.9108
  85  0.656050  3.7656  4.6014 -0.3310  5.9966  6.2691  5.7375  5.3945  5.0360  4.5744  4.2394  4.1922  5.5056  5.8495
  86  0.660624  3.7683  4.5926 -0.3084  5.9209  6.2015  5.6789  5.3405  4.9862  4.5309  4.1996  4.1543  5.4502  5.7886
  87  0.665149  3.7710  4.5837 -0.2857  5.8462  6.1342  5.6203  5.2865  4.9364  4.4871  4.1599  4.1164  5.3948  5.7279
  88  0.669626  3.7735  4.5746 -0.2631  5.7724  6.0672  5.5618  5.2324  4.8865  4.4434  4.1200  4.0782  5.3394  5.6673
  89  0.674053  3.7762  4.5653 -0.2404  5.6993  6.0004  5.5033  5.1784  4.8366  4.3993  4.0797  4.0398  5.2840  5.6067
  90  0.678425  3.7788  4.5558 -0.2177  5.6270  5.9337  5.4449  5.1244  4.7866  4.3552  4.0394  4.0011  5.2285  5.5462
  91  0.682742  3.7813  4.5459 -0.1949  5.5554  5.8673  5.3864  5.0703  4.7364  4.3108  3.9985  3.9620  5.1730  5.4857
  92  0.686997  3.7838  4.5359 -0.1721  5.4845  5.8009  5.3279  5.0160  4.6861  4.2661  3.9575  3.9228  5.1174  5.4252
  93  0.691188  3.7863  4.5255 -0.1492  5.4143  5.7347  5.2693  4.9616  4.6357  4.2211  3.9161  3.8830  5.0616  5.3646
  94  0.695308  3.7887  4.5148 -0.1262  5.3446  5.6686  5.2106  4.9070  4.5850  4.1758  3.8743  3.8428  5.0057  5.3041
  95  0.699356  3.7911  4.5037 -0.1032  5.2757  5.6026  5.1517  4.8522  4.5338  4.1300  3.8322  3.8020  4.9496  5.2434
  96  0.703318  3.7934  4.4925 -0.0802  5.2078  5.5369  5.0929  4.7972  4.4824  4.0838  3.7894  3.7608  4.8933  5.1829
  97  0.707182  3.7957  4.4808 -0.0571  5.1408  5.4716  5.0343  4.7421  4.4309  4.0373  3.7465  3.7192  4.8371  5.1225
  98  0.710944  3.7978  4.4687 -0.0342  5.0745  5.4067  4.9758  4.6873  4.3795  3.9907  3.7032  3.6773  4.7810  5.0624
  99  0.714601  3.7999  4.4564 -0.0112  5.0083  5.3418  4.9177  4.6329  4.3285  3.9442  3.6595  3.6351  4.7253  5.0026
 100  0.718155  3.8019  4.4438  0.0117  4.9423  5.2772  4.8599  4.5792  4.2783  3.8978  3.6156  3.5927  4.6701  4.9433
 101  0.721601  3.8039  4.4308  0.0344  4.8772  5.2131  4.8025  4.5255  4.2280  3.8513  3.5712  3.5499  4.6151  4.8841
 102  0.724940  3.8057  4.4174  0.0570  4.8133  5.1495  4.7452  4.4717  4.1773  3.8043  3.5265  3.5067  4.5600  4.8253
 103  0.728175  3.8074  4.4038  0.0796  4.7512  5.0870  4.6879  4.4174  4.1259  3.7567  3.4816  3.4628  4.5047  4.7668
 104  0.731301  3.8091  4.3897  0.1020  4.6904  5.0252  4.6308  4.3629  4.0741  3.7086  3.4364  3.4185  4.4493  4.7084
 105  0.734324  3.8106  4.3752  0.1244  4.6307  4.9641  4.5740  4.3086  4.0221  3.6603  3.3908  3.3736  4.3940  4.6505
 106  0.737245  3.8121  4.3605  0.1466  4.5717  4.9035  4.5174  4.2544  3.9703  3.6118  3.3450  3.3285  4.3391  4.5931
 107  0.740071  3.8134  4.3454  0.1687  4.5135  4.8434  4.4613  4.2006  3.9187  3.5631  3.2987  3.2829  4.2844  4.5360
 108  0.742804  3.8146  4.3301  0.1906  4.4559  4.7839  4.4057  4.1473  3.8674  3.5145  3.2523  3.2372  4.2302  4.4794
 109  0.745450  3.8158  4.3143  0.2124  4.3990  4.7248  4.3505  4.0942  3.8163  3.4659  3.2054  3.1911  4.1763  4.4234
 110  0.748016  3.8168  4.2984  0.2340  4.3427  4.6663  4.2956  4.0413  3.7654  3.4171  3.1583  3.1447  4.1228  4.3677
 111  0.750506  3.8178  4.2820  0.2556  4.2872  4.6084  4.2411  3.9887  3.7145  3.3682  3.1109  3.0981  4.0694  4.3123
 112  0.751209  3.8180  4.2773  0.2618  4.2713  4.5918  4.2254  3.9736  3.6998  3.3541  3.0972  3.0846  4.0541  4.2965
 113  0.751910  3.8183  4.2724  0.2681  4.2553  4.5751  4.2096  3.9582  3.6849  3.3397  3.0832  3.0708  4.0385  4.2804
 114  0.752611  3.8185  4.2676  0.2743  4.2394  4.5585  4.1939  3.9430  3.6702  3.3255  3.0693  3.0571  4.0231  4.2645
 115  0.753311  3.8187  4.2627  0.2805  4.2234  4.5418  4.1781  3.9277  3.6553  3.3110  3.0553  3.0433  4.0076  4.2485
 116  0.754009  3.8190  4.2577  0.2869  4.2071  4.5247  4.1619  3.9120  3.6401  3.2963  3.0410  3.0291  3.9917  4.2321
 117  0.754702  3.8192  4.2527  0.2932  4.1910  4.5079  4.1460  3.8966  3.6251  3.2818  3.0269  3.0151  3.9761  4.2160
 118  0.755386  3.8195  4.2477  0.2997  4.1743  4.4904  4.1295  3.8806  3.6097  3.2670  3.0125  3.0010  3.9600  4.1993
 119  0.756064  3.8199  4.2429  0.3064  4.1569  4.4722  4.1124  3.8642  3.5939  3.2520  2.9982  2.9870  3.9433  4.1819
 120  0.756738  3.8202  4.2380  0.3131  4.1397  4.4541  4.0955  3.8479  3.5783  3.2372  2.9839  2.9729  3.9268  4.1647
 121  0.757411  3.8206  4.2333  0.3199  4.1219  4.4354  4.0781  3.8314  3.5624  3.2224  2.9699  2.9591  3.9099  4.1470
 122  0.758080  3.8210  4.2286  0.3267  4.1042  4.4168  4.0608  3.8149  3.5466  3.2075  2.9558  2.9452  3.8931  4.1294
 123  0.758747  3.8215  4.2239  0.3335  4.0863  4.3980  4.0433  3.7982  3.5307  3.1925  2.9418  2.9313  3.8761  4.1115
 124  0.759409  3.8219  4.2190  0.3405  4.0683  4.3790  4.0256  3.7813  3.5145  3.1773  2.9274  2.9171  3.8589  4.0936
 125  0.760069  3.8223  4.2139  0.3474  4.0503  4.3601  4.0078  3.7641  3.4980  3.1617  2.9124  2.9023  3.8415  4.0755
 126  0.760723  3.8226  4.2083  0.3545  4.0323  4.3412  3.9898  3.7467  3.4811  3.1454  2.8966  2.8868  3.8238  4.0573
 127  0.761371  3.8228  4.2024  0.3617  4.0143  4.3222  3.9716  3.7289  3.4637  3.1286  2.8802  2.8705  3.8059  4.0389
 128  0.762011  3.8229  4.1962  0.3689  3.9962  4.3032  3.9532  3.7109  3.4460  3.1111  2.8632  2.8535  3.7877  4.0203
 129  0.762647  3.8231  4.1896  0.3763  3.9779  4.2840  3.9346  3.6926  3.4280  3.0934  2.8455  2.8360  3.7693  4.0016
 130  0.763275  3.8232  4.1829  0.3837  3.9595  4.2647  3.9158  3.6740  3.4097  3.0753  2.8277  2.8182  3.7506  3.9827
 131  0.763900  3.8232  4.1761  0.3912  3.9410  4.2453  3.8969  3.6553  3.3912  3.0569  2.8095  2.8002  3.7318  3.9636
 132  0.764519  3.8233  4.1691  0.3987  3.9224  4.2259  3.8779  3.6365  3.3725  3.0383  2.7909  2.7817  3.7129  3.9445
 133  0.765133  3.8233  4.1619  0.4064  3.9037  4.2063  3.8587  3.6174  3.3535  3.0193  2.7720  2.7628  3.6937  3.9253
 134  0.765741  3.8233  4.1545  0.4141  3.8849  4.1866  3.8393  3.5981  3.3343  3.0001  2.7528  2.7436  3.6744  3.9058
 135  0.766343  3.8233  4.1471  0.4218  3.8660  4.1668  3.8197  3.5786  3.3149  2.9805  2.7332  2.7241  3.6548  3.8862
 136  0.766937  3.8232  4.1393  0.4297  3.8470  4.1470  3.8000  3.5588  3.2951  2.9606  2.7130  2.7040  3.6351  3.8665
 137  0.767525  3.8230  4.1310  0.4376  3.8281  4.1272  3.7801  3.5389  3.2750  2.9400  2.6922  2.6831  3.6151  3.8467
 138  0.768104  3.8228  4.1225  0.4456  3.8090  4.1074  3.7601  3.5186  3.2545  2.9190  2.6708  2.6617  3.5949  3.8267
 139  0.768676  3.8226  4.1137  0.4536  3.7899  4.0875  3.7399  3.4982  3.2338  2.8976  2.6489  2.6399  3.5745  3.8066
 140  0.769239  3.8223  4.1048  0.4618  3.7708  4.0676  3.7195  3.4775  3.2127  2.8758  2.6265  2.6174  3.5540  3.7864
 141  0.769795  3.8219  4.0955  0.4700  3.7516  4.0476  3.6991  3.4566  3.1913  2.8535  2.6036  2.5944  3.5332  3.7661
 142  0.770341  3.8215  4.0859  0.4782  3.7323  4.0277  3.6784  3.4354  3.1696  2.8308  2.5801  2.5708  3.5122  3.7457
 143  0.770878  3.8211  4.0760  0.4866  3.7131  4.0078  3.6576  3.4140  3.1475  2.8075  2.5559  2.5466  3.4910  3.7251
 144  0.771404  3.8205  4.0657  0.4950  3.6938  3.9879  3.6367  3.3923  3.1250  2.7838  2.5311  2.5216  3.4695  3.7045
 145  0.771921  3.8199  4.0550  0.5035  3.6747  3.9682  3.6156  3.3703  3.1021  2.7594  2.5056  2.4959  3.4478  3.6837
 146  0.772426  3.8192  4.0439  0.5121  3.6555  3.9485  3.5943  3.3479  3.0787  2.7344  2.4795  2.4694  3.4258  3.6629
 147  0.772919  3.8184  4.0325  0.5207  3.6366  3.9291  3.5727  3.3250  3.0546  2.7087  2.4526  2.4421  3.4034  3.6418
 148  0.773401  3.8176  4.0205  0.5294  3.6177  3.9099  3.5510  3.3017  3.0299  2.6822  2.4249  2.4137  3.3807  3.6207
 149  0.773870  3.8166  4.0082  0.5382  3.5991  3.8910  3.5291  3.2781  3.0047  2.6550  2.3965  2.3845  3.3577  3.5995
 150  0.774326  3.8155  3.9953  0.5470  3.5807  3.8723  3.5071  3.2541  2.9789  2.6271  2.3671  2.3543  3.3345  3.5782
 151  0.774768  3.8143  3.9819  0.5559  3.5625  3.8540  3.4850  3.2298  2.9526  2.5984  2.3367  2.3230  3.3110  3.5570
 152  0.775197  3.8130  3.9679  0.5648  3.5446  3.8359  3.4628  3.2054  2.9260  2.5690  2.3054  2.2908  3.2874  3.5358
 153  0.775611  3.8115  3.9534  0.5737  3.5271  3.8179  3.4410  3.1813  2.8996  2.5393  2.2732  2.2578  3.2642  3.5150
 154  0.776013  3.8100  3.9383  0.5827  3.5099  3.8001  3.4194  3.1572  2.8732  2.5091  2.2400  2.2241  3.2410  3.4943
 155  0.776398  3.8082  3.9226  0.5918  3.4931  3.7826  3.3980  3.1331  2.8466  2.4783  2.2058  2.1893  3.2178  3.4739
 156  0.776769  3.8064  3.9064  0.6008  3.4768  3.7655  3.3767  3.1092  2.8198  2.4468  2.1707  2.1536  3.1946  3.4539
 157  0.777126  3.8044  3.8896  0.6099  3.4610  3.7489  3.3555  3.0849  2.7926  2.4146  2.1345  2.1169  3.1713  3.4339
 158  0.777469  3.8023  3.8722  0.6189  3.4458  3.7329  3.3344  3.0605  2.7649  2.3818  2.0974  2.0790  3.1480  3.4142
 159  0.777797  3.8000  3.8542  0.6280  3.4314  3.7175  3.3134  3.0360  2.7370  2.3482  2.0593  2.0401  3.1247  3.3947
 160  0.778111  3.7976  3.8357  0.6371  3.4176  3.7026  3.2926  3.0115  2.7088  2.3140  2.0203  2.0002  3.1013  3.3754
 161  0.778413  3.7950  3.8166  0.6460  3.4047  3.6883  3.2720  2.9870  2.6805  2.2792  1.9805  1.9594  3.0780  3.3565
 162  0.778641  3.7929  3.8010  0.6532  3.3959  3.6781  3.2561  2.9677  2.6577  2.2510  1.9483  1.9262  3.0599  3.3420
 163  0.778865  3.7904  3.7840  0.6603  3.3888  3.6694  3.2400  2.9473  2.6335  2.2208  1.9136  1.8901  3.0410  3.3279
 164  0.779085  3.7876  3.7655  0.6676  3.3839  3.6622  3.2240  2.9262  2.6076  2.1884  1.8765  1.8512  3.0216  3.3141
 165  0.779304  3.7847  3.7467  0.6749  3.3794  3.6549  3.2078  2.9048  2.5816  2.1555  1.8389  1.8116  3.0019  3.3001
 166  0.779518  3.7817  3.7276  0.6824  3.3743  3.6468  3.1916  2.8839  2.5560  2.1229  1.8009  1.7721  2.9824  3.2860
 167  0.779732  3.7789  3.7087  0.6901  3.3691  3.6380  3.1750  2.8628  2.5306  2.0905  1.7633  1.7331  2.9628  3.2714
 168  0.779941  3.7757  3.6883  0.6978  3.3673  3.6316  3.1588  2.8409  2.5036  2.0560  1.7236  1.6915  2.9427  3.2576
 169  0.780145  3.7722  3.6669  0.7055  3.3680  3.6266  3.1428  2.8187  2.4756  2.0199  1.6818  1.6475  2.9224  3.2445
 170  0.780346  3.7688  3.6454  0.7135  3.3681  3.6208  3.1264  2.7965  2.4478  1.9839  1.6400  1.6036  2.9020  3.2308
 171  0.780545  3.7658  3.6252  0.7217  3.3655  3.6127  3.1091  2.7742  2.4207  1.9492  1.5999  1.5617  2.8812  3.2158
 172  0.780742  3.7631  3.6062  0.7303  3.3606  3.6023  3.0906  2.7512  2.3937  1.9154  1.5612  1.5215  2.8596  3.1994
 173  0.780934  3.7607  3.5876  0.7391  3.3543  3.5906  3.0713  2.7279  2.3665  1.8819  1.5231  1.4821  2.8374  3.1821
 174  0.781118  3.7584  3.5693  0.7483  3.3465  3.5776  3.0511  2.7039  2.3389  1.8484  1.4853  1.4430  2.8145  3.1637
 175  0.781296  3.7563  3.5513  0.7578  3.3375  3.5632  3.0299  2.6792  2.3108  1.8147  1.4477  1.4040  2.7908  3.1443
 176  0.781465  3.7543  3.5336  0.7676  3.3268  3.5474  3.0079  2.6538  2.2824  1.7812  1.4103  1.3655  2.7665  3.1239
 177  0.781627  3.7525  3.5164  0.7778  3.3143  3.5301  2.9849  2.6280  2.2537  1.7478  1.3735  1.3277  2.7414  3.1024
 178  0.781781  3.7509  3.4997  0.7882  3.3005  3.5118  2.9613  2.6016  2.2247  1.7146  1.3373  1.2905  2.7158  3.0800
 179  0.781931  3.7494  3.4834  0.7987  3.2854  3.4922  2.9369  2.5746  2.1954  1.6815  1.3016  1.2539  2.6895  3.0568
 180  0.782074  3.7481  3.4673  0.8094  3.2698  3.4722  2.9120  2.5474  2.1660  1.6486  1.2663  1.2177  2.6631  3.0332
 181  0.782212  3.7468  3.4518  0.8202  3.2533  3.4514  2.8867  2.5197  2.1360  1.6158  1.2318  1.1824  2.6360  3.0089
 182  0.782368  3.7456  3.4343  0.8327  3.2333  3.4269  2.8573  2.4878  2.1019  1.5786  1.1928  1.1424  2.6048  2.9807
 183  0.782523  3.7444  3.4169  0.8456  3.2117  3.4010  2.8270  2.4552  2.0672  1.5412  1.1538  1.1025  2.5729  2.9514
 184  0.782674  3.7434  3.3998  0.8586  3.1888  3.3738  2.7959  2.4220  2.0321  1.5036  1.1146  1.0626  2.5403  2.9213
 185  0.782826  3.7424  3.3828  0.8719  3.1642  3.3455  2.7640  2.3882  1.9967  1.4659  1.0755  1.0228  2.5071  2.8902
 186  0.782976  3.7415  3.3658  0.8854  3.1388  3.3167  2.7318  2.3543  1.9612  1.4281  1.0362  0.9829  2.4736  2.8588
 187  0.783124  3.7407  3.3489  0.8990  3.1123  3.2869  2.6990  2.3200  1.9254  1.3902  0.9969  0.9432  2.4396  2.8267
 188  0.783273  3.7399  3.3322  0.9128  3.0849  3.2564  2.6658  2.2854  1.8895  1.3523  0.9577  0.9035  2.4055  2.7942
 189  0.783420  3.7392  3.3156  0.9267  3.0567  3.2253  2.6323  2.2507  1.8536  1.3146  0.9184  0.8638  2.3711  2.7613
 190  0.783567  3.7385  3.2990  0.9406  3.0278  3.1937  2.5985  2.2157  1.8176  1.2767  0.8791  0.8243  2.3365  2.7280
 191  0.783714  3.7379  3.2825  0.9546  2.9982  3.1617  2.5644  2.1806  1.7816  1.2388  0.8399  0.7848  2.3016  2.6944
 192  0.783860  3.7373  3.2662  0.9688  2.9683  3.1294  2.5301  2.1453  1.7454  1.2009  0.8008  0.7453  2.2666  2.6606
 193  0.784005  3.7368  3.2498  0.9830  2.9380  3.0967  2.4956  2.1100  1.7091  1.1631  0.7616  0.7058  2.2314  2.6265
 194  0.784151  3.7362  3.2336  0.9971  2.9074  3.0638  2.4610  2.0745  1.6728  1.1252  0.7224  0.6666  2.1962  2.5924
 195  0.784297  3.7357  3.2173  1.0114  2.8766  3.0308  2.4265  2.0391  1.6366  1.0875  0.6835  0.6275  2.1610  2.5581
 196  0.784442  3.7352  3.2013  1.0256  2.8454  2.9975  2.3917  2.0036  1.6004  1.0498  0.6446  0.5884  2.1257  2.5238
 197  0.784587  3.7348  3.1852  1.0399  2.8139  2.9639  2.3566  1.9678  1.5639  1.0119  0.6056  0.5492  2.0901  2.4891
 198  0.784730  3.7343  3.1689  1.0544  2.7819  2.9299  2.3212  1.9317  1.5272  0.9737  0.5664  0.5097  2.0542  2.4541
 199  0.784873  3.7338  3.1526  1.0690  2.7496  2.8955  2.2855  1.8953  1.4901  0.9353  0.5267  0.4700  2.0180  2.4187
 200  0.785016  3.7334  3.1364  1.0837  2.7170  2.8609  2.2496  1.8588  1.4529  0.8967  0.4870  0.4302  1.9816  2.3830
 201  0.785157  3.7330  3.1199  1.0984  2.6840  2.8260  2.2133  1.8219  1.4154  0.8579  0.4471  0.3902  1.9449  2.3471
 202  0.785298  3.7326  3.1034  1.1133  2.6508  2.7907  2.1768  1.7847  1.3776  0.8188  0.4068  0.3498  1.9077  2.3109
 203  0.785436  3.7322  3.0865  1.1286  2.6167  2.7547  2.1395  1.7468  1.3391  0.7790  0.3659  0.3088  1.8700  2.2739
 204  0.785575  3.7318  3.0699  1.1437  2.5826  2.7185  2.1023  1.7090  1.3007  0.7394  0.3252  0.2679  1.8324  2.2370
 205  0.785708  3.7313  3.0525  1.1596  2.5469  2.6810  2.0635  1.6697  1.2608  0.6980  0.2828  0.2255  1.7932  2.1985
 206  0.785836  3.7309  3.0345  1.1759  2.5102  2.6421  2.0234  1.6289  1.2195  0.6553  0.2388  0.1815  1.7526  2.1587
 207  0.785960  3.7305  3.0162  1.1925  2.4728  2.6025  1.9825  1.5874  1.1773  0.6117  0.1940  0.1366  1.7112  2.1182
 208  0.786080  3.7300  2.9974  1.2096  2.4347  2.5621  1.9407  1.5450  1.1342  0.5671  0.1482  0.0907  1.6689  2.0767
 209  0.786198  3.7295  2.9781  1.2269  2.3966  2.5215  1.8984  1.5018  1.0903  0.5216  0.1013  0.0437  1.6260  2.0348
 210  0.786312  3.7290  2.9585  1.2445  2.3581  2.4803  1.8554  1.4581  1.0456  0.4754  0.0537 -0.0041  1.5824  1.9923
 211  0.786422  3.7285  2.9386  1.2624  2.3188  2.4384  1.8118  1.4136  1.0004  0.4286  0.0055 -0.0524  1.5382  1.9491
 212  0.786530  3.7280  2.9185  1.2804  2.2792  2.3960  1.7677  1.3686  0.9545  0.3810 -0.0433 -0.1014  1.4934  1.9054
 213  0.786635  3.7274  2.8981  1.2986  2.2394  2.3533  1.7231  1.3230  0.9080  0.3329 -0.0926 -0.1509  1.4481  1.8613
 214  0.786736  3.7268  2.8774  1.3172  2.1993  2.3103  1.6779  1.2769  0.8609  0.2842 -0.1427 -0.2012  1.4022  1.8166
 215  0.786836  3.7263  2.8565  1.3359  2.1588  2.2667  1.6323  1.2303  0.8134  0.2350 -0.1931 -0.2519  1.3558  1.7715
 216  0.786932  3.7257  2.8355  1.3548  2.1182  2.2229  1.5862  1.1831  0.7653  0.1852 -0.2442 -0.3031  1.3089  1.7259
 217  0.786953  3.7256  2.8308  1.3589  2.1093  2.2133  1.5760  1.1728  0.7547  0.1743 -0.2554 -0.3144  1.2986  1.7160
 218  0.786973  3.7255  2.8261  1.3631  2.1003  2.2036  1.5658  1.1623  0.7440  0.1632 -0.2667 -0.3258  1.2882  1.7058
 219  0.786994  3.7253  2.8213  1.3673  2.0914  2.1940  1.5556  1.1518  0.7332  0.1520 -0.2781 -0.3373  1.2778  1.6957
 220  0.787014  3.7252  2.8165  1.3715  2.0827  2.1844  1.5454  1.1413  0.7224  0.1408 -0.2897 -0.3490  1.2674  1.6857
 221  0.787034  3.7250  2.8116  1.3757  2.0738  2.1746  1.5351  1.1306  0.7115  0.1295 -0.3014 -0.3607  1.2568  1.6755
 222  0.787055  3.7249  2.8069  1.3800  2.0646  2.1648  1.5247  1.1200  0.7007  0.1183 -0.3129 -0.3722  1.2463  1.6652
 223  0.787075  3.7248  2.8022  1.3842  2.0554  2.1549  1.5143  1.1094  0.6898  0.1071 -0.3243 -0.3837  1.2356  1.6550
 224  0.787095  3.7246  2.7974  1.3885  2.0460  2.1448  1.5037  1.0986  0.6789  0.0958 -0.3358 -0.3953  1.2249  1.6445
 225  0.787114  3.7246  2.7927  1.3929  2.0363  2.1345  1.4931  1.0878  0.6679  0.0845 -0.3472 -0.4067  1.2142  1.6339
 226  0.787134  3.7244  2.7879  1.3972  2.0270  2.1245  1.4826  1.0770  0.6568  0.0732 -0.3588 -0.4185  1.2035  1.6235
 227  0.787321  3.7231  2.7399  1.4401  1.9360  2.0258  1.3783  0.9700  0.5474 -0.0400 -0.4748 -0.5350  1.0972  1.5205
 228  0.787500  3.7216  2.6894  1.4848  1.8420  1.9233  1.2696  0.8584  0.4331 -0.1584 -0.5962 -0.6571  0.9863  1.4133
 229  0.787653  3.7203  2.6424  1.5264  1.7541  1.8276  1.1683  0.7544  0.3268 -0.2686 -0.7093 -0.7707  0.8831  1.3133
 230  0.787802  3.7189  2.5926  1.5706  1.6616  1.7265  1.0611  0.6445  0.2143 -0.3854 -0.8294 -0.8914  0.7737  1.2075
 231  0.787943  3.7174  2.5414  1.6161  1.5662  1.6222  0.9506  0.5312  0.0984 -0.5057 -0.9532 -1.0159  0.6612  1.0984
 232  0.788059  3.7161  2.4945  1.6578  1.4790  1.5268  0.8496  0.4277 -0.0072 -0.6156 -1.0667 -1.1296  0.5584  0.9986
 233  0.788173  3.7145  2.4449  1.7011  1.3915  1.4294  0.7450  0.3202 -0.1176 -0.7310 -1.1861 -1.2496  0.4516  0.8957
 234  0.788278  3.7128  2.3945  1.7448  1.3047  1.3319  0.6400  0.2118 -0.2290 -0.8478 -1.3073 -1.3714  0.3440  0.7923
 235  0.788372  3.7112  2.3453  1.7874  1.2210  1.2374  0.5378  0.1063 -0.3375 -0.9616 -1.4254 -1.4902  0.2394  0.6917
 236  0.788459  3.7095  2.2954  1.8307  1.1362  1.1415  0.4338 -0.0009 -0.4479 -1.0772 -1.5455 -1.6108  0.1330  0.5895
 237  0.788540  3.7079  2.2456  1.8740  1.0526  1.0464  0.3303 -0.1079 -0.5579 -1.1928 -1.6654 -1.7314  0.0269  0.4878
 238  0.788613  3.7062  2.1972  1.9159  0.9729  0.9548  0.2302 -0.2116 -0.6648 -1.3048 -1.7813 -1.8480 -0.0759  0.3895
 239  0.788680  3.7046  2.1485  1.9579  0.8942  0.8638  0.1299 -0.3157 -0.7723 -1.4172 -1.8973 -1.9648 -0.1790  0.2912
 240  0.788742  3.7029  2.1001  1.9998  0.8168  0.7737  0.0301 -0.4196 -0.8796 -1.5294 -2.0127 -2.0813 -0.2818  0.1933
 241  0.788799  3.7013  2.0521  2.0413  0.7413  0.6850 -0.0688 -0.5225 -0.9859 -1.6405 -2.1270 -2.1965 -0.3837  0.0967
 242  0.788849  3.6997  2.0063  2.0809  0.6704  0.6008 -0.1628 -0.6206 -1.0874 -1.7465 -2.2359 -2.3065 -0.4807  0.0047
 243  0.788897  3.6980  1.9592  2.1211  0.6012  0.5172 -0.2576 -0.7198 -1.1901 -1.8546 -2.3477 -2.4192 -0.5787 -0.0878
 244  0.788940  3.6964  1.9152  2.1586  0.5379  0.4397 -0.3458 -0.8121 -1.2860 -1.9558 -2.4527 -2.5251 -0.6700 -0.1739
 245  0.788981  3.6948  1.8742  2.1935  0.4799  0.3681 -0.4276 -0.8978 -1.3749 -2.0497 -2.5506 -2.6236 -0.7546 -0.2536
 246  0.789019  3.6938  1.8442  2.2194  0.4361  0.3144 -0.4884 -0.9613 -1.4407 -2.1190 -2.6226 -2.6961 -0.8176 -0.3129
 247  0.789055  3.6935  1.8342  2.2284  0.4187  0.2944 -0.5101 -0.9837 -1.4637 -2.1428 -2.6471 -2.7207 -0.8397 -0.3343
 248  0.789093  3.6927  1.8084  2.2508  0.3792  0.2470 -0.5631 -1.0388 -1.5207 -2.2027 -2.7090 -2.7829 -0.8944 -0.3862
 249  0.789129  3.6907  1.7567  2.2945  0.3108  0.1595 -0.6645 -1.1455 -1.6318 -2.3206 -2.8323 -2.9072 -0.9997 -0.4848
 250  0.789160  3.6888  1.7067  2.3369  0.2447  0.0746 -0.7628 -1.2489 -1.7395 -2.4347 -2.9515 -3.0271 -1.1020 -0.5803
 251  0.789190  3.6869  1.6569  2.3792  0.1799 -0.0096 -0.8606 -1.3518 -1.8467 -2.5486 -3.0702 -3.1468 -1.2036 -0.6752
 252  0.789217  3.6851  1.6085  2.4200  0.1188 -0.0904 -0.9548 -1.4514 -1.9505 -2.6589 -3.1854 -3.2629 -1.3018 -0.7666
 253  0.789241  3.6833  1.5621  2.4593  0.0614 -0.1673 -1.0449 -1.5465 -2.0500 -2.7646 -3.2960 -3.3742 -1.3960 -0.8540
 254  0.789263  3.6815  1.5164  2.4981  0.0065 -0.2423 -1.1336 -1.6405 -2.1481 -2.8692 -3.4054 -3.4843 -1.4887 -0.9397
 255  0.789284  3.6797  1.4711  2.5361 -0.0435 -0.3140 -1.2197 -1.7321 -2.2443 -2.9721 -3.5135 -3.5931 -1.5790 -1.0226
 256  0.789302  3.6778  1.4269  2.5730 -0.0883 -0.3816 -1.3023 -1.8207 -2.3377 -3.0724 -3.6188 -3.6993 -1.6663 -1.1020
 257  0.789319  3.6760  1.3834  2.6093 -0.1302 -0.4467 -1.3832 -1.9076 -2.4295 -3.1709 -3.7220 -3.8035 -1.7519 -1.1795
 258  0.789335  3.6742  1.3404  2.6450 -0.1694 -0.5099 -1.4625 -1.9933 -2.5200 -3.2680 -3.8236 -3.9062 -1.8361 -1.2553
 259  0.789350  3.6724  1.2987  2.6796 -0.2055 -0.5703 -1.5389 -2.0762 -2.6079 -3.3623 -3.9218 -4.0057 -1.9177 -1.3281
 260  0.789363  3.6707  1.2574  2.7139 -0.2395 -0.6294 -1.6144 -2.1582 -2.6949 -3.4556 -4.0189 -4.1040 -1.9983 -1.3999
 261  0.789376  3.6689  1.2168  2.7476 -0.2714 -0.6869 -1.6880 -2.2383 -2.7801 -3.5471 -4.1141 -4.2005 -2.0771 -1.4698
 262  0.789386  3.6672  1.1775  2.7803 -0.3008 -0.7417 -1.7589 -2.3157 -2.8626 -3.6359 -4.2067 -4.2942 -2.1532 -1.5369
 263  0.789397  3.6656  1.1388  2.8122 -0.3281 -0.7948 -1.8280 -2.3913 -2.9431 -3.7228 -4.2979 -4.3863 -2.2275 -1.6023
 264  0.789407  3.6639  1.1005  2.8439 -0.3536 -0.8466 -1.8959 -2.4656 -3.0226 -3.8089 -4.3883 -4.4777 -2.3006 -1.6665
 265  0.789416  3.6623  1.0631  2.8748 -0.3771 -0.8964 -1.9616 -2.5379 -3.0998 -3.8929 -4.4769 -4.5671 -2.3717 -1.7285
 266  0.789425  3.6607  1.0264  2.9051 -0.3987 -0.9443 -2.0256 -2.6085 -3.1753 -3.9751 -4.5637 -4.6547 -2.4410 -1.7887
 267  0.789433  3.6591  0.9904  2.9346 -0.4174 -0.9898 -2.0875 -2.6769 -3.2489 -4.0555 -4.6487 -4.7406 -2.5083 -1.8466
 268  0.789441  3.6574  0.9548  2.9635 -0.4312 -1.0320 -2.1468 -2.7433 -3.3208 -4.1345 -4.7326 -4.8254 -2.5736 -1.9020
 269  0.789448  3.6557  0.9194  2.9922 -0.4434 -1.0729 -2.2053 -2.8090 -3.3919 -4.2129 -4.8158 -4.9096 -2.6380 -1.9563
 270  0.789455  3.6541  0.8848  3.0202 -0.4528 -1.1117 -2.2617 -2.8727 -3.4611 -4.2894 -4.8973 -4.9920 -2.7005 -2.0083
 271  0.789461  3.6524  0.8509  3.0475 -0.4601 -1.1484 -2.3161 -2.9345 -3.5285 -4.3641 -4.9769 -5.0724 -2.7612 -2.0585
 272  0.789467  3.6508  0.8174  3.0745 -0.4649 -1.1835 -2.3692 -2.9951 -3.5948 -4.4378 -5.0554 -5.1520 -2.8206 -2.1071
 273  0.789472  3.6492  0.7847  3.1006 -0.4681 -1.2169 -2.4203 -3.0537 -3.6592 -4.5096 -5.1321 -5.2296 -2.8782 -2.1538
 274  0.789477  3.6476  0.7526  3.1264 -0.4696 -1.2487 -2.4700 -3.1110 -3.7222 -4.5801 -5.2075 -5.3059 -2.9345 -2.1991
 275  0.789482  3.6460  0.7213  3.1514 -0.4698 -1.2791 -2.5177 -3.1664 -3.7833 -4.6484 -5.2808 -5.3801 -2.9889 -2.2425
 276  0.789487  3.6445  0.6906  3.1761 -0.4691 -1.3084 -2.5645 -3.2207 -3.8433 -4.7157 -5.3528 -5.4531 -3.0423 -2.2847
 277  0.789491  3.6431  0.6607  3.2001 -0.4672 -1.3361 -2.6095 -3.2731 -3.9014 -4.7812 -5.4230 -5.5241 -3.0938 -2.3252
 278  0.789495  3.6416  0.6322  3.2229 -0.4651 -1.3625 -2.6523 -3.3233 -3.9569 -4.8435 -5.4899 -5.5918 -3.1430 -2.3637
 279  0.789718  3.6405  0.6079  3.2426 -0.4646 -1.3859 -2.6894 -3.3665 -4.0047 -4.8972 -5.5473 -5.6500 -3.1856 -2.3972
