NUMBER OF AGES= 1 MAGS=10
----------------------------------------------------       
MIX-LEN  Y      Z          Zeff        [Fe/H] [a/Fe]
 1.9380  0.2452 1.3168E-04 1.7223E-04  -2.00  -0.20 
----------------------------------------------------       
**PHOTOMETRIC SYSTEM**: Bessell UBV(RI)c + 2MASS JHKs + Kepler (Vega)
----------------------------------------------------       
AGE= 2.000 EEPS=274
#EEP,   M,    LogTeff,  LogG,   LogL, U,       B,       V,       R,       I,       J,       H,       Ks,      Kp,      D51
   5  0.105766  3.5395  5.3677 -2.7941 16.9863 14.8160 13.0296 12.0122 11.0859  9.9630  9.5298  9.4240 12.1741 13.8469
   6  0.115167  3.5508  5.3279 -2.6720 16.1788 14.3295 12.6329 11.6519 10.7874  9.6920  9.2262  9.1072 11.8294 13.3891
   7  0.125676  3.5622  5.2875 -2.5482 15.4554 13.8414 12.2359 11.2925 10.4791  9.4158  8.9237  8.7963 11.4794 12.9302
   8  0.140035  3.5743  5.2425 -2.4076 14.7224 13.3004 11.7909 10.8927 10.1238  9.0995  8.5854  8.4504 11.0840 12.4222
   9  0.165584  3.5868  5.1893 -2.2316 13.9229 12.6723 11.2580 10.4102  9.6785  8.6957  8.1653  8.0202 10.6011 11.8245
  10  0.203537  3.5974  5.1378 -2.0483 13.1600 12.0607 10.7233  9.9202  9.2154  8.2678  7.7288  7.5744 10.1080 11.2308
  11  0.232892  3.6035  5.1043 -1.9317 12.7013 11.6830 10.3871  9.6100  8.9203  7.9935  7.4521  7.2934  9.7957 10.8614
  12  0.259170  3.6082  5.0772 -1.8394 12.3610 11.3908 10.1236  9.3653  8.6869  7.7759  7.2339  7.0733  9.5493 10.5753
  13  0.286119  3.6124  5.0516 -1.7539 12.0546 11.1234  9.8805  9.1387  8.4703  7.5734  7.0319  6.8703  9.3211 10.3127
  14  0.301875  3.6147  5.0380 -1.7080 11.8889 10.9796  9.7495  9.0168  8.3539  7.4647  6.9237  6.7622  9.1984 10.1713
  15  0.310294  3.6159  5.0314 -1.6849 11.8063 10.9077  9.6840  8.9557  8.2955  7.4101  6.8695  6.7080  9.1368 10.1005
  16  0.315854  3.6166  5.0258 -1.6687 11.7499 10.8582  9.6385  8.9129  8.2546  7.3714  6.8310  6.6696  9.0938 10.0516
  17  0.319083  3.6170  5.0250 -1.6617 11.7229 10.8352  9.6179  8.8940  8.2367  7.3551  6.8150  6.6536  9.0747 10.0290
  18  0.321840  3.6173  5.0232 -1.6549 11.6988 10.8142  9.5985  8.8759  8.2195  7.3389  6.7989  6.6376  9.0565 10.0083
  19  0.323836  3.6176  5.0198 -1.6477 11.6746 10.7926  9.5786  8.8571  8.2013  7.3216  6.7816  6.6204  9.0376  9.9870
  20  0.325777  3.6179  5.0189 -1.6433 11.6584 10.7786  9.5659  8.8453  8.1901  7.3113  6.7714  6.6102  9.0257  9.9732
  21  0.327721  3.6181  5.0179 -1.6386 11.6409 10.7635  9.5522  8.8327  8.1781  7.3002  6.7605  6.5993  9.0130  9.9583
  22  0.330026  3.6183  5.0131 -1.6295 11.6117 10.7373  9.5277  8.8093  8.1554  7.2784  6.7386  6.5775  8.9895  9.9322
  23  0.332982  3.6187  5.0127 -1.6238 11.5896 10.7184  9.5106  8.7938  8.1407  7.2650  6.7255  6.5645  8.9738  9.9138
  24  0.340705  3.6197  5.0100 -1.6073 11.5283 10.6656  9.4628  8.7496  8.0988  7.2263  6.6874  6.5267  8.9292  9.8619
  25  0.446722  3.6412  4.9063 -1.3001 10.3328  9.6526  8.5543  7.9175  7.3181  6.5150  5.9949  5.8483  8.0890  8.8721
  26  0.462009  3.6462  4.8894 -1.2488 10.1085  9.4701  8.3948  7.7749  7.1877  6.4006  5.8867  5.7445  7.9446  8.6963
  27  0.475229  3.6511  4.8749 -1.2025  9.9002  9.3030  8.2500  7.6461  7.0704  6.2988  5.7911  5.6535  7.8137  8.5365
  28  0.487028  3.6558  4.8623 -1.1603  9.7024  9.1489  8.1176  7.5286  6.9638  6.2070  5.7059  5.5727  7.6942  8.3902
  29  0.498086  3.6605  4.8510 -1.1205  9.5088  9.0017  7.9926  7.4180  6.8636  6.1216  5.6273  5.4984  7.5815  8.2517
  30  0.508369  3.6651  4.8412 -1.0835  9.3251  8.8638  7.8763  7.3152  6.7710  6.0430  5.5557  5.4311  7.4768  8.1235
  31  0.517023  3.6692  4.8335 -1.0518  9.1645  8.7443  7.7767  7.2274  6.6922  5.9770  5.4959  5.3751  7.3871  8.0140
  32  0.525035  3.6732  4.8267 -1.0222  9.0118  8.6319  7.6838  7.1456  6.6189  5.9158  5.4411  5.3238  7.3036  7.9120
  33  0.533789  3.6777  4.8198 -0.9899  8.8436  8.5096  7.5833  7.0571  6.5398  5.8502  5.3829  5.2695  7.2130  7.8020
  34  0.544910  3.6836  4.8115 -0.9497  8.6322  8.3557  7.4581  6.9471  6.4418  5.7695  5.3115  5.2033  7.1003  7.6655
  35  0.560132  3.6915  4.8007 -0.8949  8.3480  8.1479  7.2904  6.7994  6.3105  5.6617  5.2169  5.1153  6.9487  7.4841
  36  0.579010  3.7018  4.7882 -0.8269  7.9980  7.8928  7.0868  6.6194  6.1502  5.5303  5.1026  5.0088  6.7637  7.2653
  37  0.601239  3.7138  4.7739 -0.7483  7.6105  7.6055  6.8580  6.4165  5.9696  5.3823  4.9739  4.8890  6.5549  7.0211
  38  0.626014  3.7267  4.7580 -0.6636  7.2198  7.3076  6.6196  6.2033  5.7785  5.2247  4.8363  4.7607  6.3353  6.7683
  39  0.655770  3.7414  4.7386 -0.5650  6.8013  6.9734  6.3484  5.9606  5.5614  5.0444  4.6777  4.6126  6.0849  6.4826
  40  0.690347  3.7576  4.7153 -0.4547  6.3731  6.6170  6.0534  5.6946  5.3220  4.8435  4.4998  4.4460  5.8107  6.1731
  41  0.726694  3.7739  4.6913 -0.3431  5.9719  6.2688  5.7609  5.4309  5.0847  4.6436  4.3225  4.2800  5.5383  5.8668
  42  0.791328  3.8003  4.6465 -0.1555  5.3622  5.7070  5.2790  4.9934  4.6885  4.3063  4.0235  3.9979  5.0864  5.3646
  43  0.819052  3.8102  4.6272 -0.0814  5.1367  5.4893  5.0911  4.8228  4.5339  4.1727  3.9035  3.8847  4.9098  5.1695
  44  0.835222  3.8158  4.6157 -0.0393  5.0150  5.3675  4.9836  4.7238  4.4432  4.0948  3.8353  3.8189  4.8077  5.0582
  45  0.849208  3.8206  4.6056 -0.0031  4.9116  5.2626  4.8910  4.6387  4.3654  4.0279  3.7768  3.7625  4.7201  4.9625
  46  0.861754  3.8249  4.5966  0.0296  4.8196  5.1681  4.8078  4.5623  4.2957  3.9680  3.7245  3.7121  4.6411  4.8764
  47  0.873402  3.8289  4.5883  0.0599  4.7351  5.0804  4.7303  4.4913  4.2310  3.9126  3.6761  3.6654  4.5679  4.7965
  48  0.885018  3.8329  4.5802  0.0898  4.6522  4.9936  4.6538  4.4211  4.1673  3.8580  3.6288  3.6196  4.4954  4.7175
  49  0.896862  3.8370  4.5723  0.1199  4.5691  4.9058  4.5770  4.3511  4.1039  3.8038  3.5819  3.5744  4.4229  4.6380
  50  0.908788  3.8412  4.5650  0.1497  4.4877  4.8188  4.5006  4.2814  4.0409  3.7504  3.5360  3.5301  4.3507  4.5589
  51  0.920449  3.8453  4.5581  0.1785  4.4096  4.7346  4.4265  4.2137  3.9800  3.6990  3.4923  3.4878  4.2806  4.4822
  52  0.928046  3.8480  4.5538  0.1970  4.3594  4.6800  4.3786  4.1701  3.9406  3.6659  3.4645  3.4606  4.2353  4.4325
  53  0.935560  3.8506  4.5496  0.2154  4.3099  4.6261  4.3313  4.1271  3.9019  3.6334  3.4370  3.4341  4.1906  4.3836
  54  0.943009  3.8533  4.5455  0.2335  4.2611  4.5728  4.2845  4.0845  3.8638  3.6014  3.4101  3.4079  4.1464  4.3352
  55  0.950411  3.8559  4.5415  0.2516  4.2129  4.5199  4.2381  4.0423  3.8260  3.5698  3.3836  3.3821  4.1025  4.2872
  56  0.957736  3.8586  4.5376  0.2694  4.1654  4.4675  4.1921  4.0004  3.7884  3.5383  3.3569  3.3561  4.0591  4.2397
  57  0.964978  3.8612  4.5337  0.2871  4.1188  4.4161  4.1467  3.9590  3.7512  3.5070  3.3306  3.3303  4.0161  4.1928
  58  0.972147  3.8638  4.5299  0.3044  4.0730  4.3652  4.1017  3.9181  3.7145  3.4763  3.3047  3.3050  3.9737  4.1464
  59  0.979256  3.8664  4.5263  0.3216  4.0281  4.3146  4.0574  3.8779  3.6786  3.4461  3.2794  3.2803  3.9317  4.1004
  60  0.986315  3.8690  4.5228  0.3386  3.9838  4.2645  4.0135  3.8382  3.6435  3.4168  3.2549  3.2565  3.8905  4.0551
  61  0.993332  3.8716  4.5197  0.3555  3.9411  4.2140  3.9705  3.8001  3.6103  3.3893  3.2324  3.2349  3.8503  4.0102
  62  1.000324  3.8744  4.5169  0.3722  3.8990  4.1636  3.9280  3.7627  3.5780  3.3628  3.2109  3.2146  3.8107  3.9658
  63  1.007297  3.8772  4.5145  0.3888  3.8571  4.1133  3.8857  3.7257  3.5462  3.3370  3.1903  3.1950  3.7714  3.9216
  64  1.014246  3.8800  4.5124  0.4054  3.8151  4.0633  3.8435  3.6887  3.5146  3.3117  3.1703  3.1760  3.7322  3.8775
  65  1.021144  3.8830  4.5107  0.4217  3.7718  4.0145  3.8012  3.6507  3.4815  3.2853  3.1494  3.1556  3.6925  3.8334
  66  1.027948  3.8859  4.5093  0.4378  3.7282  3.9669  3.7591  3.6127  3.4481  3.2591  3.1288  3.1351  3.6528  3.7899
  67  1.034653  3.8889  4.5082  0.4537  3.6850  3.9202  3.7178  3.5753  3.4153  3.2335  3.1088  3.1151  3.6137  3.7472
  68  1.041218  3.8919  4.5073  0.4692  3.6429  3.8745  3.6774  3.5389  3.3835  3.2089  3.0898  3.0959  3.5757  3.7054
  69  1.047618  3.8948  4.5064  0.4844  3.6030  3.8293  3.6387  3.5047  3.3544  3.1865  3.0728  3.0794  3.5396  3.6650
  70  1.053850  3.8976  4.5056  0.4991  3.5646  3.7852  3.6012  3.4719  3.3267  3.1653  3.0567  3.0638  3.5048  3.6260
  71  1.059881  3.9004  4.5050  0.5133  3.5277  3.7424  3.5653  3.4404  3.3003  3.1452  3.0416  3.0494  3.4714  3.5883
  72  1.065755  3.9032  4.5045  0.5273  3.4918  3.7010  3.5303  3.4101  3.2750  3.1258  3.0271  3.0354  3.4389  3.5517
  73  1.071495  3.9059  4.5040  0.5409  3.4565  3.6606  3.4961  3.3803  3.2500  3.1066  3.0126  3.0213  3.4072  3.5159
  74  1.077133  3.9085  4.5036  0.5542  3.4220  3.6212  3.4625  3.3511  3.2254  3.0879  2.9983  3.0074  3.3760  3.4808
  75  1.082694  3.9112  4.5031  0.5674  3.3875  3.5822  3.4293  3.3221  3.2011  3.0693  2.9841  2.9937  3.3451  3.4462
  76  1.088192  3.9138  4.5026  0.5805  3.3530  3.5437  3.3967  3.2935  3.1772  3.0508  2.9700  2.9800  3.3147  3.4120
  77  1.093656  3.9163  4.5020  0.5935  3.3184  3.5055  3.3643  3.2652  3.1533  3.0325  2.9559  2.9665  3.2845  3.3782
  78  1.099100  3.9189  4.5013  0.6065  3.2834  3.4675  3.3323  3.2371  3.1296  3.0142  2.9416  2.9528  3.2545  3.3450
  79  1.104533  3.9214  4.5006  0.6196  3.2486  3.4300  3.3007  3.2094  3.1062  2.9963  2.9274  2.9391  3.2251  3.3120
  80  1.109954  3.9240  4.4999  0.6325  3.2144  3.3928  3.2697  3.1822  3.0834  2.9785  2.9132  2.9255  3.1960  3.2796
  81  1.115326  3.9265  4.4991  0.6455  3.1814  3.3565  3.2394  3.1558  3.0611  2.9611  2.8995  2.9120  3.1676  3.2479
  82  1.122960  3.9301  4.4979  0.6640  3.1366  3.3060  3.1973  3.1196  3.0307  2.9371  2.8802  2.8929  3.1283  3.2035
  83  1.130423  3.9336  4.4966  0.6822  3.0942  3.2579  3.1575  3.0854  3.0019  2.9143  2.8616  2.8742  3.0911  3.1614
  84  1.137669  3.9369  4.4952  0.7001  3.0530  3.2120  3.1197  3.0528  2.9743  2.8922  2.8433  2.8559  3.0556  3.1215
  85  1.144679  3.9402  4.4938  0.7173  3.0131  3.1683  3.0837  3.0217  2.9478  2.8708  2.8255  2.8381  3.0217  3.0835
  86  1.151428  3.9434  4.4923  0.7340  2.9743  3.1269  3.0493  2.9918  2.9221  2.8502  2.8079  2.8207  2.9892  3.0473
  87  1.157929  3.9464  4.4908  0.7501  2.9365  3.0875  3.0164  2.9629  2.8973  2.8300  2.7906  2.8037  2.9581  3.0127
  88  1.164210  3.9494  4.4892  0.7658  2.8998  3.0498  2.9847  2.9351  2.8732  2.8104  2.7737  2.7871  2.9281  2.9796
  89  1.170303  3.9522  4.4875  0.7811  2.8637  3.0137  2.9542  2.9081  2.8498  2.7913  2.7571  2.7707  2.8991  2.9478
  90  1.176231  3.9550  4.4857  0.7961  2.8282  2.9787  2.9245  2.8816  2.8268  2.7723  2.7405  2.7546  2.8708  2.9169
  91  1.182017  3.9577  4.4839  0.8108  2.7929  2.9448  2.8955  2.8557  2.8040  2.7535  2.7240  2.7384  2.8432  2.8868
  92  1.187677  3.9603  4.4820  0.8252  2.7581  2.9117  2.8673  2.8301  2.7817  2.7350  2.7076  2.7224  2.8161  2.8575
  93  1.193221  3.9629  4.4801  0.8395  2.7236  2.8794  2.8395  2.8050  2.7595  2.7166  2.6912  2.7064  2.7895  2.8290
  94  1.198671  3.9655  4.4780  0.8536  2.6894  2.8479  2.8123  2.7802  2.7376  2.6983  2.6749  2.6905  2.7634  2.8009
  95  1.204043  3.9680  4.4760  0.8677  2.6556  2.8170  2.7857  2.7559  2.7159  2.6801  2.6585  2.6745  2.7377  2.7734
  96  1.209333  3.9703  4.4738  0.8815  2.6222  2.7867  2.7594  2.7318  2.6944  2.6620  2.6420  2.6586  2.7124  2.7464
  97  1.214528  3.9727  4.4715  0.8952  2.5891  2.7571  2.7336  2.7081  2.6732  2.6441  2.6257  2.6427  2.6875  2.7200
  98  1.219623  3.9750  4.4691  0.9087  2.5564  2.7281  2.7083  2.6848  2.6521  2.6262  2.6093  2.6266  2.6630  2.6941
  99  1.224609  3.9773  4.4666  0.9219  2.5245  2.6998  2.6836  2.6619  2.6314  2.6084  2.5930  2.6107  2.6390  2.6688
 100  1.229481  3.9795  4.4640  0.9350  2.4931  2.6722  2.6595  2.6395  2.6109  2.5909  2.5767  2.5949  2.6156  2.6442
 101  1.234239  3.9816  4.4613  0.9477  2.4623  2.6455  2.6359  2.6174  2.5909  2.5734  2.5606  2.5792  2.5926  2.6202
 102  1.238880  3.9836  4.4586  0.9601  2.4323  2.6195  2.6130  2.5959  2.5710  2.5563  2.5445  2.5636  2.5703  2.5967
 103  1.243400  3.9856  4.4558  0.9722  2.4031  2.5942  2.5905  2.5748  2.5517  2.5393  2.5286  2.5480  2.5484  2.5739
 104  1.247802  3.9874  4.4529  0.9841  2.3745  2.5696  2.5688  2.5542  2.5327  2.5226  2.5128  2.5327  2.5270  2.5516
 105  1.252087  3.9892  4.4499  0.9957  2.3468  2.5457  2.5474  2.5341  2.5138  2.5060  2.4972  2.5173  2.5062  2.5300
 106  1.256256  3.9909  4.4468  1.0068  2.3197  2.5225  2.5266  2.5142  2.4954  2.4896  2.4816  2.5021  2.4856  2.5089
 107  1.260310  3.9924  4.4436  1.0179  2.2932  2.4998  2.5062  2.4948  2.4772  2.4734  2.4660  2.4870  2.4656  2.4881
 108  1.264249  3.9939  4.4403  1.0285  2.2673  2.4775  2.4860  2.4756  2.4590  2.4572  2.4505  2.4718  2.4459  2.4677
 109  1.268063  3.9953  4.4368  1.0390  2.2419  2.4557  2.4662  2.4566  2.4411  2.4410  2.4349  2.4566  2.4264  2.4477
 110  1.271742  3.9967  4.4335  1.0493  2.2170  2.4343  2.4469  2.4381  2.4236  2.4253  2.4197  2.4419  2.4073  2.4281
 111  1.275292  3.9982  4.4303  1.0594  2.1927  2.4136  2.4283  2.4202  2.4068  2.4100  2.4051  2.4276  2.3889  2.4092
 112  1.277064  3.9989  4.4287  1.0645  2.1804  2.4032  2.4187  2.4112  2.3981  2.4023  2.3977  2.4203  2.3796  2.3996
 113  1.278840  3.9996  4.4269  1.0696  2.1680  2.3927  2.4091  2.4020  2.3894  2.3944  2.3901  2.4129  2.3701  2.3899
 114  1.280620  4.0003  4.4251  1.0750  2.1554  2.3818  2.3994  2.3925  2.3804  2.3863  2.3821  2.4052  2.3603  2.3800
 115  1.282405  4.0010  4.4232  1.0803  2.1426  2.3709  2.3894  2.3829  2.3713  2.3780  2.3741  2.3974  2.3505  2.3699
 116  1.284195  4.0017  4.4212  1.0856  2.1295  2.3597  2.3792  2.3731  2.3619  2.3695  2.3658  2.3892  2.3405  2.3596
 117  1.285990  4.0024  4.4192  1.0911  2.1163  2.3484  2.3688  2.3631  2.3524  2.3608  2.3574  2.3810  2.3303  2.3492
 118  1.287789  4.0031  4.4169  1.0966  2.1030  2.3369  2.3583  2.3529  2.3425  2.3518  2.3487  2.3724  2.3198  2.3385
 119  1.289591  4.0037  4.4146  1.1022  2.0895  2.3252  2.3476  2.3424  2.3326  2.3426  2.3398  2.3637  2.3092  2.3276
 120  1.291399  4.0044  4.4123  1.1078  2.0757  2.3134  2.3367  2.3319  2.3225  2.3333  2.3307  2.3548  2.2983  2.3166
 121  1.293209  4.0051  4.4098  1.1135  2.0618  2.3014  2.3256  2.3211  2.3121  2.3237  2.3213  2.3456  2.2873  2.3054
 122  1.295022  4.0057  4.4073  1.1193  2.0478  2.2891  2.3142  2.3102  2.3016  2.3139  2.3117  2.3363  2.2762  2.2941
 123  1.296837  4.0064  4.4046  1.1251  2.0336  2.2767  2.3028  2.2990  2.2908  2.3039  2.3019  2.3267  2.2648  2.2826
 124  1.298652  4.0070  4.4018  1.1310  2.0192  2.2642  2.2911  2.2876  2.2797  2.2937  2.2919  2.3167  2.2532  2.2707
 125  1.300465  4.0076  4.3990  1.1371  2.0046  2.2515  2.2792  2.2760  2.2685  2.2831  2.2816  2.3067  2.2413  2.2588
 126  1.302265  4.0082  4.3960  1.1431  1.9901  2.2385  2.2672  2.2642  2.2572  2.2725  2.2712  2.2964  2.2294  2.2467
 127  1.304052  4.0088  4.3929  1.1491  1.9754  2.2256  2.2549  2.2523  2.2456  2.2616  2.2605  2.2859  2.2173  2.2344
 128  1.305826  4.0094  4.3898  1.1551  1.9605  2.2125  2.2427  2.2403  2.2339  2.2506  2.2497  2.2753  2.2051  2.2221
 129  1.307590  4.0099  4.3865  1.1612  1.9456  2.1992  2.2302  2.2281  2.2221  2.2394  2.2386  2.2644  2.1927  2.2094
 130  1.309346  4.0105  4.3831  1.1673  1.9306  2.1858  2.2175  2.2155  2.2099  2.2279  2.2272  2.2532  2.1800  2.1967
 131  1.311091  4.0110  4.3795  1.1735  1.9155  2.1721  2.2046  2.2029  2.1975  2.2162  2.2157  2.2418  2.1672  2.1837
 132  1.312830  4.0115  4.3759  1.1797  1.9001  2.1584  2.1914  2.1901  2.1850  2.2041  2.2038  2.2301  2.1542  2.1706
 133  1.314557  4.0119  4.3720  1.1859  1.8847  2.1443  2.1780  2.1769  2.1720  2.1917  2.1916  2.2180  2.1408  2.1571
 134  1.316271  4.0123  4.3679  1.1922  1.8690  2.1299  2.1642  2.1632  2.1587  2.1788  2.1788  2.2053  2.1271  2.1432
 135  1.317972  4.0127  4.3635  1.1986  1.8530  2.1151  2.1500  2.1491  2.1449  2.1654  2.1655  2.1922  2.1128  2.1289
 136  1.319669  4.0130  4.3590  1.2051  1.8370  2.1002  2.1356  2.1349  2.1308  2.1518  2.1519  2.1788  2.0985  2.1145
 137  1.321362  4.0134  4.3543  1.2116  1.8209  2.0851  2.1209  2.1204  2.1165  2.1380  2.1381  2.1652  2.0839  2.0999
 138  1.323047  4.0136  4.3495  1.2181  1.8046  2.0698  2.1060  2.1057  2.1020  2.1237  2.1240  2.1511  2.0691  2.0850
 139  1.324723  4.0139  4.3446  1.2247  1.7880  2.0541  2.0909  2.0907  2.0871  2.1091  2.1096  2.1367  2.0540  2.0697
 140  1.326389  4.0141  4.3393  1.2313  1.7714  2.0382  2.0754  2.0753  2.0719  2.0942  2.0946  2.1219  2.0384  2.0542
 141  1.328043  4.0143  4.3339  1.2379  1.7546  2.0221  2.0596  2.0595  2.0564  2.0789  2.0794  2.1068  2.0227  2.0384
 142  1.329685  4.0144  4.3283  1.2446  1.7376  2.0057  2.0433  2.0434  2.0403  2.0631  2.0636  2.0911  2.0066  2.0222
 143  1.331313  4.0145  4.3224  1.2514  1.7203  1.9888  2.0269  2.0270  2.0240  2.0469  2.0473  2.0750  1.9901  2.0057
 144  1.332926  4.0145  4.3163  1.2581  1.7029  1.9718  2.0100  2.0102  2.0072  2.0301  2.0306  2.0584  1.9733  1.9888
 145  1.334519  4.0146  4.3099  1.2650  1.6853  1.9544  1.9928  1.9930  1.9901  2.0130  2.0134  2.0412  1.9559  1.9716
 146  1.336094  4.0145  4.3033  1.2719  1.6676  1.9366  1.9751  1.9753  1.9724  1.9953  1.9957  2.0235  1.9383  1.9539
 147  1.337648  4.0144  4.2963  1.2788  1.6496  1.9185  1.9569  1.9572  1.9542  1.9770  1.9773  2.0052  1.9202  1.9359
 148  1.339177  4.0142  4.2890  1.2858  1.6315  1.8999  1.9384  1.9386  1.9356  1.9582  1.9584  1.9863  1.9017  1.9174
 149  1.340681  4.0139  4.2813  1.2928  1.6132  1.8811  1.9195  1.9196  1.9164  1.9388  1.9388  1.9668  1.8827  1.8984
 150  1.342159  4.0135  4.2733  1.2998  1.5947  1.8618  1.9000  1.9000  1.8967  1.9186  1.9185  1.9465  1.8631  1.8789
 151  1.343606  4.0131  4.2649  1.3068  1.5759  1.8421  1.8800  1.8798  1.8765  1.8979  1.8976  1.9255  1.8431  1.8590
 152  1.345025  4.0125  4.2561  1.3138  1.5571  1.8220  1.8594  1.8591  1.8556  1.8764  1.8759  1.9038  1.8225  1.8386
 153  1.346409  4.0118  4.2469  1.3209  1.5382  1.8013  1.8384  1.8379  1.8339  1.8542  1.8534  1.8812  1.8014  1.8177
 154  1.347757  4.0111  4.2372  1.3279  1.5190  1.7803  1.8167  1.8160  1.8117  1.8311  1.8301  1.8578  1.7797  1.7960
 155  1.349072  4.0102  4.2270  1.3350  1.4998  1.7588  1.7945  1.7935  1.7888  1.8073  1.8058  1.8334  1.7574  1.7739
 156  1.350346  4.0091  4.2162  1.3421  1.4803  1.7367  1.7716  1.7703  1.7651  1.7824  1.7806  1.8081  1.7343  1.7512
 157  1.351581  4.0080  4.2049  1.3491  1.4609  1.7142  1.7481  1.7463  1.7407  1.7567  1.7544  1.7817  1.7107  1.7278
 158  1.352772  4.0067  4.1931  1.3561  1.4414  1.6913  1.7240  1.7217  1.7154  1.7300  1.7273  1.7543  1.6864  1.7038
 159  1.353921  4.0052  4.1805  1.3630  1.4219  1.6678  1.6991  1.6963  1.6893  1.7023  1.6990  1.7258  1.6614  1.6792
 160  1.355024  4.0035  4.1674  1.3699  1.4024  1.6438  1.6736  1.6702  1.6623  1.6734  1.6695  1.6961  1.6357  1.6539
 161  1.356079  4.0017  4.1535  1.3767  1.3829  1.6192  1.6474  1.6433  1.6345  1.6435  1.6389  1.6651  1.6093  1.6280
 162  1.356813  4.0002  4.1430  1.3815  1.3690  1.6014  1.6282  1.6236  1.6140  1.6213  1.6161  1.6421  1.5900  1.6089
 163  1.357539  3.9986  4.1319  1.3865  1.3545  1.5828  1.6081  1.6027  1.5924  1.5978  1.5920  1.6176  1.5695  1.5890
 164  1.358259  3.9968  4.1200  1.3915  1.3398  1.5633  1.5869  1.5809  1.5695  1.5729  1.5663  1.5917  1.5481  1.5681
 165  1.358971  3.9949  4.1073  1.3966  1.3247  1.5430  1.5647  1.5579  1.5454  1.5464  1.5391  1.5640  1.5257  1.5462
 166  1.359672  3.9927  4.0937  1.4019  1.3094  1.5219  1.5415  1.5337  1.5198  1.5184  1.5101  1.5346  1.5020  1.5233
 167  1.360363  3.9903  4.0789  1.4071  1.2937  1.4999  1.5171  1.5082  1.4929  1.4886  1.4792  1.5033  1.4773  1.4993
 168  1.361040  3.9875  4.0630  1.4125  1.2777  1.4769  1.4914  1.4812  1.4642  1.4566  1.4461  1.4696  1.4510  1.4739
 169  1.361703  3.9846  4.0461  1.4178  1.2617  1.4532  1.4647  1.4531  1.4342  1.4230  1.4110  1.4341  1.4238  1.4477
 170  1.362349  3.9813  4.0277  1.4233  1.2457  1.4287  1.4366  1.4234  1.4022  1.3870  1.3733  1.3958  1.3951  1.4202
 171  1.362975  3.9777  4.0080  1.4287  1.2298  1.4035  1.4074  1.3923  1.3684  1.3486  1.3331  1.3549  1.3651  1.3915
 172  1.363581  3.9737  3.9865  1.4342  1.2143  1.3778  1.3769  1.3595  1.3327  1.3076  1.2898  1.3109  1.3337  1.3619
 173  1.364161  3.9693  3.9640  1.4396  1.1993  1.3522  1.3460  1.3260  1.2957  1.2648  1.2445  1.2648  1.3017  1.3319
 174  1.364716  3.9646  3.9396  1.4449  1.1850  1.3265  1.3144  1.2911  1.2569  1.2193  1.1962  1.2156  1.2688  1.3012
 175  1.365243  3.9593  3.9135  1.4502  1.1711  1.3013  1.2824  1.2554  1.2163  1.1714  1.1447  1.1631  1.2351  1.2705
 176  1.365741  3.9538  3.8864  1.4553  1.1577  1.2771  1.2511  1.2198  1.1753  1.1222  1.0916  1.1089  1.2018  1.2405
 177  1.366210  3.9477  3.8576  1.4602  1.1447  1.2542  1.2202  1.1837  1.1327  1.0706  1.0352  1.0515  1.1685  1.2114
 178  1.366649  3.9413  3.8273  1.4649  1.1326  1.2334  1.1906  1.1479  1.0892  1.0172  0.9762  0.9914  1.1358  1.1839
 179  1.367059  3.9347  3.7964  1.4695  1.1216  1.2155  1.1629  1.1132  1.0462  0.9636  0.9162  0.9305  1.1045  1.1584
 180  1.367442  3.9275  3.7637  1.4736  1.1126  1.2019  1.1370  1.0789  1.0023  0.9079  0.8529  0.8663  1.0746  1.1356
 181  1.367799  3.9203  3.7310  1.4777  1.1099  1.1982  1.1162  1.0482  0.9613  0.8537  0.7905  0.8026  1.0493  1.1184
 182  1.368069  3.9143  3.7039  1.4807  1.1119  1.2029  1.1039  1.0261  0.9298  0.8098  0.7388  0.7502  1.0325  1.1096
 183  1.368335  3.9076  3.6745  1.4835  1.1138  1.2104  1.0929  1.0039  0.8964  0.7628  0.6826  0.6932  1.0161  1.1029
 184  1.368590  3.9011  3.6459  1.4864  1.1143  1.2165  1.0830  0.9834  0.8652  0.7181  0.6283  0.6380  1.0009  1.0968
 185  1.368839  3.8938  3.6139  1.4888  1.1184  1.2271  1.0754  0.9636  0.8327  0.6696  0.5680  0.5765  0.9869  1.0937
 186  1.369080  3.8865  3.5822  1.4913  1.1227  1.2387  1.0695  0.9456  0.8018  0.6225  0.5084  0.5155  0.9744  1.0921
 187  1.369313  3.8790  3.5502  1.4938  1.1276  1.2517  1.0652  0.9291  0.7723  0.5761  0.4489  0.4546  0.9632  1.0922
 188  1.369536  3.8710  3.5160  1.4958  1.1346  1.2686  1.0632  0.9139  0.7430  0.5282  0.3864  0.3903  0.9536  1.0950
 189  1.369748  3.8625  3.4805  1.4976  1.1439  1.2893  1.0636  0.9002  0.7143  0.4796  0.3216  0.3237  0.9457  1.1005
 190  1.369955  3.8542  3.4455  1.4994  1.1536  1.3107  1.0648  0.8873  0.6868  0.4320  0.2575  0.2578  0.9385  1.1068
 191  1.370162  3.8455  3.4092  1.5009  1.1656  1.3350  1.0679  0.8757  0.6601  0.3842  0.1923  0.1905  0.9328  1.1154
 192  1.370366  3.8438  3.4012  1.5020  1.1662  1.3379  1.0666  0.8714  0.6529  0.3728  0.1774  0.1751  0.9296  1.1153
 193  1.370571  3.8400  3.3850  1.5032  1.1708  1.3478  1.0670  0.8654  0.6402  0.3507  0.1475  0.1443  0.9260  1.1181
 194  1.370783  3.8358  3.3673  1.5043  1.1769  1.3580  1.0678  0.8595  0.6275  0.3276  0.1159  0.1115  0.9226  1.1213
 195  1.371007  3.8168  3.2909  1.5046  1.2229  1.4215  1.0861  0.8468  0.5831  0.2356 -0.0156 -0.0250  0.9211  1.1514
 196  1.371244  3.8125  3.2738  1.5043  1.2361  1.4383  1.0918  0.8452  0.5741  0.2154 -0.0454 -0.0558  0.9220  1.1600
 197  1.371487  3.7962  3.2094  1.5042  1.2857  1.5038  1.1098  0.8343  0.5355  0.1366 -0.1582 -0.1750  0.9213  1.1901
 198  1.371739  3.7898  3.1860  1.5018  1.3161  1.5364  1.1234  0.8365  0.5268  0.1114 -0.1968 -0.2164  0.9273  1.2086
 199  1.371999  3.7827  3.1600  1.4995  1.3518  1.5725  1.1374  0.8374  0.5155  0.0827 -0.2392 -0.2628  0.9326  1.2281
 200  1.372266  3.7761  3.1367  1.4966  1.3879  1.6071  1.1531  0.8420  0.5093  0.0596 -0.2758 -0.3023  0.9406  1.2486
 201  1.372538  3.7708  3.1204  1.4918  1.4257  1.6422  1.1721  0.8520  0.5109  0.0477 -0.2986 -0.3277  0.9535  1.2718
 202  1.372821  3.7659  3.1056  1.4868  1.4634  1.6761  1.1913  0.8628  0.5136  0.0373 -0.3194 -0.3508  0.9668  1.2948
 203  1.373126  3.7613  3.0889  1.4855  1.4945  1.7008  1.2009  0.8642  0.5075  0.0197 -0.3456 -0.3799  0.9708  1.3083
 204  1.373424  3.7572  3.0748  1.4832  1.5286  1.7281  1.2121  0.8671  0.5029  0.0057 -0.3657 -0.4035  0.9763  1.3233
 205  1.373704  3.7538  3.0611  1.4833  1.5525  1.7455  1.2164  0.8648  0.4947 -0.0107 -0.3873 -0.4277  0.9760  1.3307
 206  1.373990  3.7511  3.0469  1.4869  1.5629  1.7502  1.2116  0.8551  0.4803 -0.0320 -0.4135 -0.4558  0.9678  1.3284
 207  1.374284  3.7486  3.0338  1.4901  1.5732  1.7547  1.2073  0.8464  0.4674 -0.0514 -0.4378 -0.4815  0.9603  1.3264
 208  1.374569  3.7467  3.0215  1.4945  1.5776  1.7541  1.1995  0.8349  0.4526 -0.0715 -0.4615 -0.5065  0.9499  1.3202
 209  1.374846  3.7451  3.0081  1.5021  1.5706  1.7428  1.1828  0.8155  0.4308 -0.0970 -0.4898 -0.5357  0.9314  1.3049
 210  1.375113  3.7436  2.9950  1.5091  1.5658  1.7336  1.1679  0.7978  0.4104 -0.1215 -0.5171 -0.5641  0.9144  1.2913
 211  1.375357  3.7427  2.9832  1.5173  1.5532  1.7179  1.1489  0.7771  0.3882 -0.1463 -0.5436 -0.5912  0.8942  1.2731
 212  1.375585  3.7419  2.9712  1.5264  1.5369  1.6991  1.1274  0.7545  0.3643 -0.1722 -0.5712 -0.6191  0.8718  1.2523
 213  1.375806  3.7411  2.9592  1.5349  1.5231  1.6824  1.1076  0.7330  0.3415 -0.1974 -0.5982 -0.6467  0.8508  1.2332
 214  1.376024  3.7404  2.9481  1.5438  1.5060  1.6631  1.0863  0.7108  0.3183 -0.2223 -0.6244 -0.6731  0.8288  1.2124
 215  1.376237  3.7398  2.9368  1.5524  1.4905  1.6452  1.0660  0.6892  0.2956 -0.2468 -0.6504 -0.6995  0.8077  1.1926
 216  1.376449  3.7391  2.9255  1.5611  1.4746  1.6269  1.0453  0.6675  0.2727 -0.2716 -0.6766 -0.7260  0.7862  1.1725
 217  1.376514  3.7389  2.9221  1.5637  1.4696  1.6212  1.0390  0.6608  0.2658 -0.2790 -0.6844 -0.7339  0.7796  1.1664
 218  1.376578  3.7387  2.9188  1.5664  1.4643  1.6153  1.0326  0.6541  0.2589 -0.2864 -0.6922 -0.7418  0.7731  1.1601
 219  1.376643  3.7386  2.9155  1.5690  1.4593  1.6096  1.0263  0.6475  0.2520 -0.2938 -0.7000 -0.7497  0.7665  1.1539
 220  1.376708  3.7384  2.9121  1.5717  1.4541  1.6039  1.0199  0.6409  0.2451 -0.3013 -0.7077 -0.7575  0.7599  1.1477
 221  1.376772  3.7382  2.9088  1.5743  1.4491  1.5981  1.0136  0.6342  0.2381 -0.3087 -0.7155 -0.7654  0.7534  1.1415
 222  1.376837  3.7380  2.9055  1.5770  1.4439  1.5924  1.0072  0.6276  0.2312 -0.3160 -0.7233 -0.7733  0.7468  1.1353
 223  1.376901  3.7379  2.9022  1.5797  1.4389  1.5866  1.0009  0.6210  0.2243 -0.3235 -0.7312 -0.7811  0.7403  1.1290
 224  1.376966  3.7378  2.8988  1.5823  1.4337  1.5808  0.9946  0.6143  0.2174 -0.3309 -0.7389 -0.7890  0.7337  1.1229
 225  1.377030  3.7376  2.8955  1.5850  1.4287  1.5750  0.9881  0.6077  0.2104 -0.3383 -0.7468 -0.7969  0.7270  1.1167
 226  1.377095  3.7374  2.8921  1.5876  1.4235  1.5693  0.9818  0.6010  0.2035 -0.3458 -0.7546 -0.8049  0.7205  1.1104
 227  1.378281  3.7346  2.8305  1.6385  1.3221  1.4565  0.8596  0.4742  0.0721 -0.4851 -0.9004 -0.9518  0.5949  0.9906
 228  1.378800  3.7335  2.8035  1.6614  1.2750  1.4048  0.8042  0.4170  0.0132 -0.5473 -0.9652 -1.0169  0.5381  0.9360
 229  1.379826  3.7315  2.7499  1.7073  1.1804  1.3008  0.6932  0.3025 -0.1046 -0.6711 -1.0935 -1.1460  0.4245  0.8267
 230  1.380440  3.7303  2.7175  1.7351  1.1232  1.2380  0.6258  0.2329 -0.1762 -0.7459 -1.1710 -1.2240  0.3556  0.7604
 231  1.381254  3.7289  2.6740  1.7732  1.0442  1.1515  0.5335  0.1378 -0.2737 -0.8475 -1.2755 -1.3293  0.2612  0.6695
 232  1.382104  3.7272  2.6242  1.8167  0.9541  1.0526  0.4276  0.0287 -0.3858 -0.9640 -1.3949 -1.4497  0.1531  0.5652
 233  1.382615  3.7262  2.5902  1.8464  0.8924  0.9849  0.3552 -0.0460 -0.4625 -1.0435 -1.4764 -1.5318  0.0790  0.4938
 234  1.383208  3.7248  2.5486  1.8829  0.8175  0.9024  0.2667 -0.1372 -0.5562 -1.1407 -1.5759 -1.6321 -0.0115  0.4068
 235  1.383731  3.7236  2.5092  1.9175  0.7464  0.8241  0.1827 -0.2239 -0.6452 -1.2331 -1.6707 -1.7276 -0.0974  0.3240
 236  1.384177  3.7224  2.4734  1.9486  0.6830  0.7540  0.1073 -0.3016 -0.7250 -1.3165 -1.7568 -1.8143 -0.1745  0.2499
 237  1.384593  3.7211  2.4377  1.9794  0.6214  0.6851  0.0332 -0.3781 -0.8038 -1.3990 -1.8422 -1.9003 -0.2504  0.1770
 238  1.385073  3.7196  2.3946  2.0165  0.5475  0.6024 -0.0561 -0.4705 -0.8988 -1.4988 -1.9456 -2.0043 -0.3419  0.0891
 239  1.385477  3.7182  2.3561  2.0496  0.4822  0.5290 -0.1356 -0.5526 -0.9835 -1.5877 -2.0380 -2.0973 -0.4234  0.0110
 240  1.385817  3.7170  2.3218  2.0791  0.4246  0.4640 -0.2062 -0.6256 -1.0588 -1.6668 -2.1202 -2.1801 -0.4958 -0.0584
 241  1.386180  3.7156  2.2837  2.1117  0.3610  0.3921 -0.2845 -0.7066 -1.1422 -1.7546 -2.2116 -2.2719 -0.5760 -0.1352
 242  1.386527  3.7142  2.2451  2.1447  0.2975  0.3197 -0.3635 -0.7884 -1.2267 -1.8437 -2.3042 -2.3651 -0.6572 -0.2128
 243  1.386847  3.7128  2.2078  2.1767  0.2365  0.2498 -0.4398 -0.8675 -1.3082 -1.9296 -2.3937 -2.4551 -0.7356 -0.2877
 244  1.387153  3.7114  2.1700  2.2090  0.1752  0.1795 -0.5170 -0.9475 -1.3909 -2.0166 -2.4844 -2.5463 -0.8148 -0.3634
 245  1.387435  3.7101  2.1335  2.2401  0.1166  0.1119 -0.5912 -1.0245 -1.4704 -2.1005 -2.5718 -2.6340 -0.8911 -0.4364
 246  1.387687  3.7088  2.0993  2.2696  0.0619  0.0484 -0.6612 -1.0972 -1.5455 -2.1796 -2.6540 -2.7168 -0.9631 -0.5048
 247  1.387950  3.7075  2.0619  2.3015  0.0031 -0.0201 -0.7372 -1.1762 -1.6272 -2.2656 -2.7433 -2.8068 -1.0413 -0.5793
 248  1.388184  3.7062  2.0269  2.3314 -0.0510 -0.0837 -0.8081 -1.2503 -1.7039 -2.3460 -2.8263 -2.8905 -1.1145 -0.6486
 249  1.388403  3.7048  1.9925  2.3608 -0.1035 -0.1460 -0.8780 -1.3233 -1.7795 -2.4253 -2.9081 -2.9730 -1.1867 -0.7170
 250  1.388619  3.7034  1.9566  2.3911 -0.1556 -0.2090 -0.9497 -1.3985 -1.8578 -2.5075 -2.9927 -3.0586 -1.2610 -0.7868
 251  1.388820  3.7020  1.9216  2.4206 -0.2052 -0.2697 -1.0191 -1.4715 -1.9338 -2.5874 -3.0751 -3.1420 -1.3331 -0.8544
 252  1.389006  3.7007  1.8878  2.4491 -0.2528 -0.3281 -1.0862 -1.5421 -2.0072 -2.6647 -3.1549 -3.2227 -1.4027 -0.9197
 253  1.389188  3.6993  1.8531  2.4783 -0.3009 -0.3877 -1.1547 -1.6142 -2.0822 -2.7439 -3.2368 -3.3055 -1.4739 -0.9863
 254  1.389352  3.6980  1.8207  2.5055 -0.3450 -0.4429 -1.2184 -1.6813 -2.1521 -2.8178 -3.3135 -3.3830 -1.5400 -1.0482
 255  1.389516  3.6967  1.7875  2.5334 -0.3899 -0.4992 -1.2835 -1.7497 -2.2234 -2.8935 -3.3923 -3.4624 -1.6077 -1.1117
 256  1.389668  3.6954  1.7562  2.5598 -0.4317 -0.5523 -1.3450 -1.8145 -2.2909 -2.9650 -3.4670 -3.5377 -1.6716 -1.1714
 257  1.389812  3.6943  1.7283  2.5833 -0.4686 -0.5993 -1.3996 -1.8720 -2.3508 -3.0287 -3.5335 -3.6047 -1.7284 -1.2245
 258  1.389951  3.6935  1.7074  2.6010 -0.4966 -0.6348 -1.4407 -1.9152 -2.3958 -3.0764 -3.5832 -3.6548 -1.7711 -1.2645
 259  1.390083  3.6936  1.7093  2.5996 -0.4955 -0.6328 -1.4379 -1.9121 -2.3925 -3.0726 -3.5792 -3.6506 -1.7680 -1.2618
 260  1.390231  3.6961  1.7660  2.5527 -0.4253 -0.5409 -1.3295 -1.7975 -2.2725 -2.9447 -3.4453 -3.5155 -1.6550 -1.1568
 261  1.390410  3.6966  1.7743  2.5466 -0.4192 -0.5308 -1.3161 -1.7827 -2.2566 -2.9271 -3.4266 -3.4965 -1.6405 -1.1440
 262  1.390595  3.6946  1.7271  2.5860 -0.4801 -0.6091 -1.4075 -1.8792 -2.3574 -3.0343 -3.5384 -3.6094 -1.7357 -1.2328
 263  1.390762  3.6929  1.6849  2.6214 -0.5348 -0.6795 -1.4898 -1.9659 -2.4479 -3.1304 -3.6390 -3.7107 -1.8213 -1.3126
 264  1.390916  3.6913  1.6447  2.6553 -0.5862 -0.7465 -1.5679 -2.0484 -2.5340 -3.2221 -3.7347 -3.8071 -1.9028 -1.3886
 265  1.391060  3.6898  1.6053  2.6884 -0.6357 -0.8116 -1.6443 -2.1290 -2.6182 -3.3117 -3.8283 -3.9015 -1.9824 -1.4625
 266  1.391195  3.6882  1.5668  2.7208 -0.6838 -0.8752 -1.7190 -2.2081 -2.7007 -3.3994 -3.9200 -3.9939 -2.0604 -1.5350
 267  1.391318  3.6868  1.5300  2.7518 -0.7285 -0.9354 -1.7900 -2.2833 -2.7794 -3.4831 -4.0075 -4.0820 -2.1345 -1.6037
 268  1.391434  3.6852  1.4936  2.7823 -0.7715 -0.9943 -1.8599 -2.3573 -2.8570 -3.5659 -4.0942 -4.1693 -2.2077 -1.6712
 269  1.391542  3.6837  1.4579  2.8119 -0.8101 -1.0496 -1.9270 -2.4290 -2.9323 -3.6466 -4.1789 -4.2546 -2.2783 -1.7359
 270  1.391643  3.6822  1.4229  2.8409 -0.8464 -1.1031 -1.9922 -2.4989 -3.0059 -3.7256 -4.2618 -4.3384 -2.3470 -1.7986
 271  1.391737  3.6808  1.3880  2.8698 -0.8816 -1.1558 -2.0571 -2.5685 -3.0794 -3.8044 -4.3447 -4.4219 -2.4156 -1.8608
 272  1.391825  3.6792  1.3532  2.8986 -0.9150 -1.2075 -2.1213 -2.6375 -3.1524 -3.8829 -4.4272 -4.5051 -2.4835 -1.9224
 273  1.391909  3.6778  1.3194  2.9267 -0.9461 -1.2570 -2.1835 -2.7047 -3.2234 -3.9593 -4.5073 -4.5860 -2.5496 -1.9818
 274  1.391986  3.6764  1.2876  2.9530 -0.9738 -1.3028 -2.2416 -2.7677 -3.2903 -4.0312 -4.5825 -4.6621 -2.6115 -2.0372
 275  1.392059  3.6750  1.2562  2.9788 -0.9998 -1.3470 -2.2985 -2.8296 -3.3559 -4.1018 -4.6562 -4.7368 -2.6722 -2.0914
 276  1.392128  3.6737  1.2258  3.0039 -1.0239 -1.3895 -2.3535 -2.8895 -3.4196 -4.1704 -4.7277 -4.8093 -2.7311 -2.1436
 277  1.392192  3.6724  1.1964  3.0282 -1.0464 -1.4302 -2.4067 -2.9474 -3.4813 -4.2367 -4.7968 -4.8793 -2.7881 -2.1939
 278  1.392230  3.6712  1.1680  3.0516 -1.0674 -1.4692 -2.4577 -3.0032 -3.5408 -4.3007 -4.8633 -4.9470 -2.8428 -2.2423
