#         t          x          y          z         vx         vy         vz
      0.000   -377.770    611.470   -284.600     73.030    -72.140     49.530
      0.014   -376.720    610.440   -283.880     73.880    -72.430     48.630
      0.029   -375.570    609.370   -283.220     73.040    -74.740     52.710
      0.043   -374.610    608.350   -282.480     73.250    -74.090     51.740
      0.057   -373.570    607.350   -281.830     75.490    -75.430     51.820
      0.071   -372.420    606.230   -281.090     74.910    -76.630     52.870
      0.086   -371.440    605.250   -280.450     74.880    -77.350     52.820
      0.100   -370.310    604.070   -279.640     72.110    -76.570     52.870
      0.114   -369.270    603.010   -278.940     73.500    -76.810     51.640
      0.129   -368.240    601.960   -278.250     73.260    -75.960     50.300
      0.143   -367.220    600.880   -277.490     73.470    -75.610     50.520
      0.157   -366.010    599.780   -276.880     75.510    -77.430     52.930
      0.171   -364.930    598.670   -276.160     74.630    -77.130     51.980
      0.186   -363.860    597.590   -275.460     73.740    -78.870     54.390
      0.200   -362.850    596.510   -274.700     75.400    -78.200     52.940
      0.214   -361.730    595.350   -273.910     73.050    -77.660     52.320
      0.229   -360.700    594.330   -273.320     75.540    -77.880     50.360
      0.243   -359.600    593.220   -272.620     74.470    -79.140     51.030
      0.257   -358.590    592.100   -271.870     73.520    -78.250     49.790
      0.271   -357.500    590.940   -271.110     72.960    -78.690     50.670
      0.286   -356.480    589.850   -270.410     71.380    -80.130     50.240
      0.300   -355.430    588.750   -269.800     72.100    -81.880     51.830
      0.314   -354.480    587.610   -269.010     69.670    -78.090     48.630
      0.329   -353.360    586.450   -268.340     72.140    -80.060     49.810
      0.343   -352.380    585.350   -267.660     71.130    -81.170     50.700
      0.357   -351.280    584.140   -266.960     71.880    -82.670     48.370
      0.371   -350.300    583.100   -266.400     70.800    -82.190     49.160
      0.386   -349.200    581.860   -265.690     71.090    -82.370     49.630
      0.400   -348.210    580.690   -264.980     69.300    -82.950     49.590
      0.414   -347.250    579.520   -264.260     67.490    -80.970     47.500
      0.429   -346.160    578.310   -263.620     68.750    -81.690     45.400
      0.443   -345.200    577.100   -262.900     68.650    -82.820     44.980
      0.457   -344.420    576.070   -262.400     67.870    -82.400     44.520
      0.471   -343.470    574.900   -261.780     69.390    -82.460     42.570
      0.486   -342.220    573.520   -260.930     69.050    -83.200     45.430
      0.500   -341.290    572.340   -260.260     67.090    -82.730     43.790
      0.514   -340.270    571.120   -259.600     67.630    -83.640     46.080
      0.529   -339.300    569.850   -258.840     67.180    -83.730     46.090
      0.543   -338.330    568.710   -258.300     66.970    -83.780     44.810
      0.557   -337.450    567.480   -257.540     67.380    -83.500     44.140
      0.571   -336.530    566.220   -256.780     65.060    -82.210     44.290
      0.586   -335.580    565.050   -256.170     66.260    -83.200     44.150
      0.600   -334.730    563.790   -255.390     65.220    -83.190     45.110
      0.614   -333.700    562.620   -254.880     64.730    -83.500     45.710
      0.629   -332.840    561.390   -254.140     63.630    -83.220     44.810
      0.643   -331.960    560.220   -253.510     63.830    -84.020     44.620
      0.657   -331.060    558.990   -252.840     61.440    -82.880     43.700
      0.671   -330.260    557.860   -252.240     61.650    -82.150     42.080
      0.686   -329.400    556.650   -251.570     61.100    -82.040     43.100
      0.700   -328.620    555.530   -251.000     59.470    -82.670     43.850
      0.714   -327.760    554.330   -250.350     57.480    -82.540     43.830
      0.729   -327.000    553.160   -249.680     55.610    -82.130     44.410
      0.743   -326.260    552.010   -249.040     55.600    -80.790     42.500
      0.757   -325.450    550.920   -248.550     54.930    -81.630     43.190
      0.771   -324.640    549.740   -247.920     54.560    -80.220     41.500
      0.786   -323.830    548.530   -247.260     52.420    -80.620     43.660
      0.800   -323.340    547.640   -246.860     51.670    -79.590     41.230
      0.814   -322.380    546.320   -246.130     48.520    -78.470     41.890
      0.829   -321.610    545.200   -245.590     48.040    -77.620     42.880
      0.843   -321.190    544.210   -245.000     47.650    -74.980     38.920
      0.857   -320.260    543.010   -244.390     46.880    -76.360     41.700
      0.871   -319.520    541.900   -243.800     45.360    -72.580     40.390
      0.886   -318.960    540.890   -243.220     45.090    -72.880     39.690
      0.900   -318.280    539.850   -242.680     47.420    -72.740     38.830
      0.914   -317.520    538.780   -242.150     46.590    -73.590     40.090
      0.929   -316.790    537.690   -241.540     45.490    -72.250     39.650
      0.943   -316.150    536.620   -240.890     45.980    -70.990     40.910
      0.957   -315.540    535.670   -240.350     46.270    -70.400     40.500
      0.971   -314.780    534.550   -239.680     45.450    -71.810     43.090
      0.986   -314.270    533.560   -238.970     45.350    -68.650     42.390
      1.000   -313.620    532.640   -238.460     45.980    -69.910     43.640
      1.014   -312.800    531.540   -237.800     43.310    -68.260     44.820
      1.029   -312.210    530.570   -237.130     42.840    -68.410     44.280
      1.043   -311.680    529.570   -236.390     41.690    -67.140     46.790
      1.057   -311.060    528.640   -235.750     41.250    -67.200     49.090
      1.071   -310.340    527.690   -235.120     42.260    -65.200     48.630
      1.086   -309.690    526.730   -234.430     43.460    -64.040     47.210
      1.100   -309.230    525.840   -233.690     43.810    -64.620     49.950
      1.114   -308.470    524.910   -233.070     46.330    -64.590     50.270
      1.129   -307.710    523.890   -232.290     45.410    -63.860     50.840
      1.143   -307.190    523.020   -231.550     45.350    -62.340     49.020
      1.157   -306.510    522.070   -230.810     43.740    -63.260     50.970
      1.171   -305.790    521.150   -230.140     47.300    -64.500     52.970
      1.186   -305.170    520.260   -229.370     46.700    -64.160     53.480
      1.200   -304.430    519.380   -228.710     48.030    -64.700     55.220
      1.214   -303.960    518.540   -227.880     48.460    -62.770     54.260
      1.229   -303.220    517.620   -227.110     48.270    -62.650     56.070
      1.243   -302.550    516.700   -226.260     47.170    -63.900     56.570
      1.257   -301.860    515.810   -225.480     47.580    -63.430     56.890
      1.271   -301.110    514.880   -224.680     45.940    -62.180     57.420
      1.286   -300.390    514.020   -223.910     47.620    -61.290     58.750
      1.300   -299.770    513.160   -223.070     47.940    -60.680     56.110
      1.314   -299.060    512.330   -222.320     50.900    -61.140     56.950
      1.329   -298.230    511.430   -221.520     49.880    -60.270     58.830
      1.343   -297.550    510.570   -220.660     52.050    -59.640     58.830
      1.357   -296.830    509.680   -219.790     52.390    -61.160     59.600
      1.371   -296.000    508.850   -219.070     52.380    -63.130     60.990
      1.386   -295.480    507.930   -217.970     52.120    -62.050     60.290
      1.400   -294.480    507.080   -217.360     56.580    -63.740     60.850
      1.414   -293.840    506.190   -216.370     54.110    -63.230     62.320
      1.429   -292.960    505.270   -215.520     54.790    -62.490     62.580
      1.443   -292.420    504.410   -214.480     55.630    -62.500     62.730
      1.457   -291.600    503.510   -213.590     56.790    -62.880     63.700
      1.471   -290.540    502.590   -212.840     57.900    -63.880     64.490
      1.486   -289.750    501.710   -211.920     57.660    -61.340     61.970
      1.500   -288.930    500.850   -211.060     59.110    -62.810     62.760
      1.514   -288.110    499.910   -210.100     58.070    -62.470     62.540
      1.529   -287.190    499.040   -209.300     58.570    -62.900     63.950
      1.543   -286.410    498.180   -208.390     60.180    -61.880     63.460
      1.557   -285.540    497.260   -207.460     61.600    -62.910     62.540
      1.571   -284.720    496.350   -206.500     60.440    -63.560     63.420
      1.586   -283.800    495.410   -205.570     62.230    -62.580     63.850
      1.600   -282.880    494.570   -204.770     61.810    -63.320     62.590
      1.614   -281.940    493.570   -203.760     61.720    -64.910     65.790
      1.629   -281.100    492.650   -202.790     62.150    -64.410     65.120
      1.643   -280.220    491.720   -201.830     63.590    -65.110     66.020
      1.657   -279.350    490.760   -200.800     64.040    -64.660     65.700
      1.671   -278.300    489.820   -199.950     66.900    -65.340     65.280
      1.686   -277.420    488.930   -199.010     66.700    -67.390     66.410
      1.700   -276.510    487.930   -197.960     67.210    -66.480     65.320
      1.714   -275.570    487.010   -197.070     69.970    -68.260     66.910
      1.729   -274.600    486.020   -196.050     69.970    -66.950     65.980
      1.743   -273.530    485.040   -195.090     71.400    -68.170     67.970
      1.757   -272.570    484.080   -194.110     71.480    -69.070     66.880
      1.771   -271.520    483.100   -193.190     73.500    -70.500     68.620
      1.786   -270.590    482.120   -192.130     73.800    -69.130     68.160
      1.800   -269.540    481.170   -191.200     75.760    -70.420     68.360
      1.814   -268.600    480.130   -190.070     74.430    -69.970     68.320
      1.829   -267.540    479.180   -189.180     74.730    -69.340     69.570
      1.843   -266.530    478.170   -188.130     75.120    -70.440     68.830
      1.857   -265.430    477.270   -187.320     76.790    -71.910     69.450
      1.871   -264.360    476.210   -186.250     77.510    -70.650     70.930
      1.886   -263.380    475.200   -185.150     77.260    -70.700     71.300
      1.900   -262.270    474.260   -184.260     78.130    -71.730     71.400
      1.914   -261.180    473.230   -183.210     76.640    -70.920     71.450
      1.929   -260.030    472.150   -182.150     77.980    -70.880     71.000
      1.943   -258.980    471.220   -181.270     79.870    -72.760     70.200
      1.957   -257.850    470.180   -180.250     78.060    -71.820     71.270
      1.971   -256.710    469.170   -179.290     79.210    -75.040     71.980
      1.986   -255.620    468.110   -178.240     79.980    -74.090     70.170
      2.000   -254.420    467.030   -177.260     79.310    -73.360     71.510
      2.014   -253.360    466.000   -176.210     79.560    -74.070     71.100
      2.029   -252.270    465.000   -175.270     80.570    -76.070     71.280
      2.043   -251.040    463.840   -174.200     80.790    -76.200     70.680
      2.057   -249.870    462.770   -173.220     81.250    -77.460     72.550
      2.071   -248.720    461.650   -172.150     81.620    -77.830     72.420
      2.086   -247.510    460.550   -171.150     83.510    -78.130     72.030
      2.100   -246.370    459.480   -170.140     84.260    -80.030     72.810
      2.114   -245.150    458.280   -169.020     82.520    -79.510     72.890
      2.129   -243.940    457.170   -168.010     84.460    -79.540     73.080
      2.143   -242.650    456.010   -167.020     84.150    -81.330     75.250
      2.157   -241.420    454.830   -165.940     84.240    -80.680     76.050
      2.171   -240.190    453.720   -164.950     85.930    -81.620     74.850
      2.186   -238.970    452.500   -163.800     86.060    -81.430     74.380
      2.200   -237.730    451.250   -162.640     85.340    -82.030     75.170
      2.214   -236.550    450.150   -161.670     85.620    -81.990     73.420
      2.229   -235.440    449.080   -160.670     86.250    -80.620     72.330
      2.243   -234.090    447.850   -159.630     87.750    -82.250     73.490
      2.257   -232.820    446.620   -158.520     88.550    -82.850     73.800
      2.271   -231.350    445.450   -157.560     89.940    -82.940     72.680
      2.286   -230.240    444.160   -156.330     88.850    -83.390     71.730
      2.300   -229.050    442.970   -155.230     88.220    -84.310     73.210
      2.314   -227.770    441.780   -154.240     91.270    -84.350     71.170
      2.329   -226.510    440.570   -153.160     92.550    -85.690     72.260
      2.343   -225.130    439.290   -152.110     93.190    -86.520     73.720
      2.357   -224.000    438.140   -151.060     92.430    -87.650     71.390
      2.371   -222.650    436.840   -149.990     91.700    -88.990     73.330
      2.386   -221.310    435.570   -148.970     90.660    -89.580     73.300
      2.400   -220.010    434.230   -147.840     89.610    -91.220     74.260
      2.414   -218.780    432.970   -146.780     87.980    -90.990     73.140
      2.429   -217.600    431.700   -145.700     89.700    -91.720     71.340
      2.443   -216.350    430.430   -144.700     88.570    -90.870     71.250
      2.457   -215.020    429.050   -143.570     86.520    -91.880     73.590
      2.471   -213.760    427.780   -142.590     87.560    -92.720     73.370
      2.486   -212.480    426.410   -141.480     90.170    -93.620     72.590
      2.500   -211.170    425.090   -140.460     91.220    -94.650     73.170
      2.514   -209.960    423.770   -139.410     89.960    -93.990     72.620
      2.529   -208.630    422.390   -138.360     91.380    -94.780     72.920
      2.543   -207.370    421.040   -137.270     90.430    -94.990     75.110
      2.557   -205.930    419.680   -136.320     94.110    -97.230     74.220
      2.571   -204.660    418.260   -135.170     92.860    -96.490     73.940
      2.586   -203.370    416.860   -134.080     91.710    -98.050     73.680
      2.600   -202.090    415.540   -133.100     91.830    -97.920     74.290
      2.614   -200.740    414.070   -131.960     92.130    -97.740     73.610
      2.629   -199.440    412.630   -130.830     91.450    -96.570     73.550
      2.643   -198.110    411.240   -129.780     91.240    -96.520     73.550
      2.657   -196.780    409.870   -128.760     92.810    -98.300     74.740
      2.671   -195.440    408.410   -127.620     92.690    -98.230     75.370
      2.686   -194.180    407.080   -126.600     92.370    -96.990     73.620
      2.700   -192.850    405.660   -125.510     93.960    -98.150     74.200
      2.714   -191.410    404.200   -124.480     92.860    -98.860     73.130
      2.729   -190.040    402.790   -123.440     93.870   -100.070     73.610
      2.743   -188.720    401.340   -122.320     95.500   -100.760     75.250
      2.757   -187.420    399.890   -121.190     93.870    -99.580     75.380
      2.771   -186.110    398.440   -120.080     94.940   -100.810     75.310
      2.786   -184.530    396.960   -119.110     94.000   -102.070     77.000
      2.800   -183.300    395.520   -117.950     94.950   -102.330     77.280
      2.814   -181.900    394.090   -116.940     96.030   -102.200     76.590
      2.829   -180.580    392.600   -115.780     96.300   -102.860     75.440
      2.843   -179.140    391.030   -114.620     94.150   -104.310     78.680
      2.857   -177.800    389.600   -113.570     96.490   -104.210     77.360
      2.871   -176.430    388.090   -112.420     94.720   -103.780     78.110
      2.886   -175.030    386.540   -111.260     95.380   -105.920     78.150
      2.900   -173.670    385.040   -110.150     96.590   -105.030     77.580
      2.914   -172.280    383.520   -109.030     96.010   -105.710     77.270
      2.929   -170.880    382.000   -107.940     95.870   -105.770     77.160
      2.943   -169.500    380.450   -106.800     97.000   -106.570     78.080
      2.957   -168.100    378.830   -105.580     97.410   -108.100     78.350
      2.971   -166.620    377.250   -104.470     95.910   -108.720     77.890
      2.986   -165.200    375.710   -103.410     95.970   -110.590     79.870
      3.000   -163.830    374.140   -102.280     96.870   -111.340     79.590
      3.014   -162.460    372.510   -101.070     96.420   -111.780     80.920
      3.029   -160.980    370.790    -99.840     96.970   -114.000     80.690
      3.043   -159.500    369.120    -98.670     96.550   -112.760     81.100
      3.057   -158.200    367.610    -97.570     99.870   -114.080     81.640
      3.071   -156.720    365.920    -96.370     97.670   -112.720     82.890
      3.086   -155.260    364.210    -95.130     99.860   -114.380     83.590
      3.100   -153.780    362.490    -93.870    101.960   -115.020     83.010
      3.114   -152.380    360.910    -92.770    101.810   -115.300     82.500
      3.129   -151.570    359.810    -91.750    105.080   -116.550     78.990
      3.143   -149.330    357.470    -90.380    101.460   -118.950     83.560
      3.157   -147.890    355.840    -89.300    103.330   -120.030     83.620
      3.171   -146.340    354.120    -88.150    104.640   -121.470     84.890
      3.186   -145.000    352.360    -86.790    102.390   -120.310     82.690
      3.200   -143.540    350.520    -85.440    101.580   -121.870     84.440
      3.214   -142.030    348.790    -84.310    102.800   -121.870     83.610
      3.229   -140.530    346.950    -83.040    102.200   -123.340     85.950
      3.243   -139.050    345.270    -81.930    102.940   -124.710     85.880
      3.257   -137.550    343.390    -80.620    102.520   -126.230     87.280
      3.271   -135.990    341.590    -79.460    104.760   -127.310     87.560
      3.286   -134.460    339.750    -78.220    107.240   -130.060     87.430
      3.300   -132.940    337.750    -76.810    106.580   -132.150     89.970
      3.314   -131.410    335.970    -75.670    107.350   -133.320     90.410
      3.329   -130.000    334.140    -74.420    108.370   -132.830     87.910
      3.343   -128.400    332.050    -72.980    109.490   -133.860     88.920
      3.357   -126.760    330.200    -71.870    111.280   -136.180     89.850
      3.371   -125.240    328.290    -70.590    112.610   -137.450     88.390
      3.386   -123.670    326.240    -69.220    112.070   -138.390     88.670
      3.400   -122.060    324.290    -68.010    113.960   -139.220     87.200
      3.414   -120.470    322.230    -66.670    113.640   -142.590     88.680
      3.429   -118.780    320.120    -65.390    113.350   -144.920     88.240
      3.443   -117.200    318.100    -64.150    115.360   -146.860     88.550
      3.457   -115.550    316.010    -62.920    117.180   -149.730     88.410
      3.471   -113.910    313.890    -61.680    117.320   -151.290     88.320
      3.486   -112.230    311.770    -60.550    117.230   -155.670     88.920
      3.500   -110.560    309.510    -59.230    119.240   -158.330     87.470
      3.514   -108.920    307.300    -58.030    117.310   -161.830     88.330
      3.529   -107.200    304.970    -56.780    117.380   -163.670     89.170
      3.543   -105.500    302.570    -55.430    117.850   -166.860     91.460
      3.557   -103.850    300.300    -54.250    119.220   -167.750     88.970
      3.571   -102.060    297.830    -52.990    116.900   -169.720     90.320
      3.586   -100.460    295.530    -51.830    118.640   -172.710     89.610
      3.600    -98.670    293.020    -50.560    119.210   -175.240     89.210
      3.614    -96.820    290.500    -49.440    118.950   -178.430     88.200
      3.629    -95.180    287.950    -48.140    122.100   -180.270     87.080
      3.643    -93.470    285.370    -46.920    122.840   -182.870     86.620
      3.657    -91.610    282.700    -45.750    122.770   -186.460     85.970
      3.671    -89.840    280.050    -44.600    123.950   -189.360     84.270
      3.686    -88.080    277.340    -43.440    123.560   -192.700     82.950
      3.700    -86.370    274.620    -42.300    125.150   -197.220     82.290
      3.714    -84.410    271.680    -41.130    124.340   -200.690     82.370
      3.729    -82.640    268.770    -39.970    126.020   -205.400     79.850
      3.743    -80.830    265.860    -38.920    126.180   -210.460     79.550
      3.757    -78.960    262.720    -37.730    124.280   -216.110     78.310
      3.771    -77.130    259.650    -36.720    125.290   -222.220     73.450
      3.786    -75.460    256.480    -35.630    125.800   -228.540     71.160
      3.800    -73.580    253.190    -34.660    125.120   -232.800     70.150
      3.814    -71.810    249.830    -33.660    126.090   -240.320     66.450
      3.829    -69.950    246.270    -32.640    125.660   -247.420     64.980
      3.843    -68.360    242.900    -31.840    126.700   -252.480     58.800
      3.857    -66.470    239.150    -30.990    122.890   -260.230     53.360
      3.871    -64.730    235.340    -30.200    122.040   -269.790     48.020
      3.886    -63.070    231.480    -29.550    117.040   -277.450     40.910
      3.900    -61.560    227.490    -28.940    112.210   -285.750     34.110
      3.914    -60.010    223.350    -28.450    104.040   -294.050     25.100
      3.929    -58.440    219.150    -28.240     96.060   -299.620     13.200
      3.943    -57.260    214.870    -28.070     87.660   -302.720     -2.720
      3.957    -56.180    210.530    -28.100     74.870   -302.830    -16.790
      3.971    -55.040    206.260    -28.460     63.410   -301.050    -30.770
      3.986    -54.150    202.010    -28.960     52.500   -294.730    -43.160
      4.000    -53.560    197.830    -29.500     42.440   -285.150    -53.010
      4.014    -53.140    193.930    -30.400     34.980   -277.160    -60.510
      4.029    -52.410    190.060    -31.920     29.520   -267.850    -65.110
      4.043    -52.050    186.390    -32.880     23.180   -255.080    -66.270
      4.057    -52.060    182.680    -33.020     16.330   -241.960    -68.790
      4.071    -51.650    179.630    -34.910     17.270   -232.240    -68.700
      4.086    -51.790    176.140    -35.020     12.480   -217.550    -68.380
      4.100    -51.240    173.560    -37.070     17.140   -212.260    -65.760
      4.114    -51.020    170.800    -38.190     17.650   -201.730    -65.400
      4.129    -50.880    168.030    -39.090     18.920   -194.080    -62.980
      4.143    -50.680    165.340    -39.970     21.050   -186.380    -59.210
      4.157    -50.430    162.760    -40.790     21.790   -178.920    -56.630
      4.171    -50.190    160.310    -41.570     22.560   -174.310    -51.570
      4.186    -50.610    156.950    -41.120     19.060   -165.540    -49.580
      4.200    -49.720    155.590    -42.980     23.270   -164.530    -45.350
      4.214    -49.460    153.340    -43.620     26.490   -159.820    -41.500
      4.229    -49.200    151.130    -44.180     25.190   -153.640    -37.020
      4.243    -48.950    149.030    -44.720     27.120   -149.120    -33.550
      4.257    -48.650    146.920    -45.190     25.420   -144.610    -32.620
      4.271    -48.350    144.910    -45.660     27.400   -141.460    -29.200
      4.286    -48.080    142.940    -46.060     27.790   -135.990    -25.940
      4.300    -47.750    141.010    -46.340     24.890   -132.960    -23.690
      4.314    -47.480    139.140    -46.600     26.090   -127.740    -22.840
      4.329    -47.180    137.370    -46.880     27.200   -124.520    -18.640
      4.343    -46.940    135.640    -47.070     26.800   -120.460    -16.440
      4.357    -46.690    133.950    -47.230     26.380   -115.340    -14.800
      4.371    -46.460    132.340    -47.390     26.090   -112.190    -14.700
      4.386    -46.240    130.770    -47.560     23.360   -109.340    -11.750
      4.400    -46.160    128.100    -46.970     18.970   -105.470     -9.090
      4.414    -45.780    127.770    -47.820     24.470   -103.020     -8.860
      4.429    -45.550    126.320    -47.890     22.380    -99.880     -4.530
      4.443    -45.400    124.950    -47.960     22.140    -95.310     -5.470
      4.457    -45.170    123.610    -48.060     22.990    -93.540     -4.800
      4.471    -44.920    122.320    -48.130     22.780    -89.670     -3.180
      4.486    -44.470    119.940    -47.430     19.960    -84.700     -1.410
      4.500    -44.430    119.920    -48.210     23.730    -83.100      0.250
      4.514    -43.880    117.530    -47.400     17.880    -80.130     -0.200
      4.529    -43.630    116.320    -47.310     15.220    -76.770      1.980
      4.543    -43.520    115.390    -47.370     17.490    -74.010      0.850
      4.557    -43.190    114.270    -47.300     16.690    -70.760      3.170
      4.571    -42.930    113.230    -47.190     15.490    -66.780      5.490
      4.586    -42.720    112.300    -47.120     15.690    -63.750      5.220
      4.600    -42.500    111.380    -47.010     15.730    -60.880      5.980
      4.614    -42.410    110.580    -46.940     14.690    -57.570      5.790
      4.629    -42.070    109.750    -46.840     16.680    -58.250     10.240
      4.643    -41.890    108.940    -46.720     15.150    -54.540      9.110
      4.657    -41.640    108.230    -46.630     14.810    -51.960     10.730
      4.671    -41.510    107.500    -46.490     14.610    -50.000     10.340
      4.686    -41.210    106.790    -46.320     13.630    -48.900     12.460
      4.700    -40.940    106.150    -46.230     15.210    -47.480     13.680
      4.714    -40.770    105.470    -45.960     14.990    -43.840     14.260
      4.729    -40.600    104.860    -45.800     14.690    -40.930     14.290
      4.743    -40.380    104.300    -45.620     14.830    -38.110     13.540
      4.757    -40.160    103.800    -45.390     13.220    -37.170     14.160
      4.771    -40.040    103.210    -45.180     13.780    -34.060     14.080
      4.786    -39.780    102.890    -45.080     13.010    -32.740     14.930
      4.800    -39.580    102.390    -44.810     15.080    -29.460     13.530
      4.814    -39.410    101.970    -44.590     15.200    -28.690     15.090
      4.829    -39.110    101.600    -44.420     15.050    -25.900     16.350
      4.843    -38.980    101.350    -44.190     15.500    -23.170     16.170
      4.857    -38.680    100.990    -43.940     16.400    -22.300     16.730
      4.871    -38.480    100.740    -43.750     16.480    -19.100     17.280
      4.886    -38.290    100.550    -43.580     17.950    -16.890     16.710
      4.900    -37.960    100.210    -43.230     15.780    -15.370     16.020
      4.914    -37.720    100.030    -43.030     15.560    -13.030     18.090
      4.929    -37.540     99.910    -42.790     17.050    -11.470     17.530
      4.943    -37.280     99.710    -42.570     17.700    -10.720     17.500
      4.957    -37.000     99.630    -42.290     17.630     -8.250     18.870
      4.971    -36.800     99.510    -42.020     18.030     -6.930     18.770
      4.986    -36.430     99.470    -41.800     18.230     -5.000     21.960
      5.000    -36.140     99.470    -41.600     19.410     -4.010     21.760
      5.014    -35.940     99.370    -41.270     19.360     -1.740     22.960
      5.029    -35.600     99.420    -41.020     19.280     -1.090     22.960
      5.043    -35.320     99.410    -40.710     19.630      1.590     24.880
      5.057    -34.980     99.380    -40.340     18.660      2.490     25.200
      5.071    -34.730     99.490    -40.000     20.120      4.980     24.410
      5.086    -34.460     99.600    -39.780     20.130      8.180     24.880
      5.100    -34.110     99.680    -39.340     21.990      7.750     26.190
      5.114    -33.720     99.810    -39.010     22.160     10.520     26.560
      5.129    -33.420     99.990    -38.670     22.630     12.200     28.280
      5.143    -33.120    100.170    -38.250     22.940     13.850     27.880
      5.157    -32.690    100.350    -37.870     24.720     14.490     30.700
      5.171    -32.260    100.590    -37.490     25.890     16.600     29.330
      5.186    -32.030    100.870    -37.090     25.350     17.180     30.930
      5.200    -31.590    101.080    -36.600     26.360     18.030     31.930
      5.214    -31.280    101.390    -36.210     27.120     19.600     33.610
      5.229    -30.910    101.660    -35.700     25.330     20.730     36.300
      5.243    -30.590    102.010    -35.240     27.070     22.940     36.230
      5.257    -30.270    102.290    -34.710     26.530     25.900     36.360
      5.271    -29.720    102.740    -34.290     26.800     25.860     38.050
      5.286    -29.410    103.100    -33.760     26.630     28.550     37.540
      5.300    -28.990    103.540    -33.220     29.000     31.210     37.890
      5.314    -28.500    103.990    -32.720     28.910     32.830     40.420
      5.329    -28.030    104.490    -32.210     30.200     33.720     40.170
      5.343    -27.640    104.970    -31.670     31.130     35.800     41.710
      5.357    -27.220    105.520    -31.110     30.350     37.080     42.070
      5.371    -26.770    106.050    -30.490     31.810     40.850     41.610
      5.386    -26.430    106.690    -29.970     33.410     42.690     42.050
      5.400    -25.830    107.290    -29.340     33.280     44.590     43.840
      5.414    -25.340    107.860    -28.690     34.330     44.660     46.280
      5.429    -24.990    108.520    -28.000     34.220     48.250     45.780
      5.443    -24.500    109.260    -27.400     35.060     47.420     47.010
      5.457    -23.910    109.910    -26.700     35.240     49.340     50.060
      5.471    -23.440    110.670    -25.990     35.410     52.030     48.920
      5.486    -22.960    111.460    -25.360     39.200     54.970     49.000
      5.500    -22.450    112.280    -24.630     37.590     55.690     52.100
      5.514    -21.950    113.090    -23.870     37.170     59.880     52.860
      5.529    -21.380    114.010    -23.150     40.240     62.510     54.710
      5.543    -20.900    114.910    -22.390     41.780     65.050     56.090
      5.557    -20.270    115.880    -21.600     41.910     67.050     58.260
      5.571    -19.750    116.900    -20.730     44.140     70.280     58.800
      5.586    -19.060    117.920    -19.920     44.210     73.920     60.590
      5.600    -18.590    119.040    -19.110     45.050     78.340     60.640
      5.614    -17.890    120.210    -18.280     46.260     79.160     65.080
      5.629    -17.240    121.300    -17.310     46.950     82.940     68.480
      5.643    -16.600    122.550    -16.350     49.120     87.250     68.410
      5.657    -16.000    123.850    -15.400     49.030     90.830     70.500
      5.671    -15.230    125.200    -14.420     49.900     94.520     73.150
      5.686    -14.580    126.690    -13.510     54.210    100.810     74.830
      5.700    -13.810    128.110    -12.400     54.760    105.490     78.220
      5.714    -13.010    129.650    -11.340     60.690    110.490     80.030
      5.729    -12.150    131.250    -10.150     63.270    117.100     82.860
      5.743    -11.150    132.890     -8.940     65.730    123.120     87.020
      5.757    -10.300    134.700     -7.710     70.790    130.920     90.020
      5.771     -9.270    136.640     -6.450     75.940    138.190     95.880
      5.786     -8.300    138.710     -5.090     80.920    147.050     98.870
      5.800     -6.990    140.750     -3.620     87.960    156.750    106.040
      5.814     -5.830    143.070     -2.150    102.020    169.890    113.350
      5.829     -4.350    145.520     -0.470    119.300    186.340    124.430
      5.843     -2.660    148.140      1.390    153.140    199.630    142.320
      5.857     -0.520    150.710      3.240    197.120    148.430    134.210
      5.871      2.070    152.610      4.870    184.610     95.780    111.710
      5.886      4.400    154.070      6.180    165.920     66.350     94.940
      5.900      6.570    155.220      7.360    145.120     48.770     80.740
      5.914      8.670    156.110      8.350    131.560     33.240     70.840
      5.929     10.500    156.780      9.180    119.870     20.560     64.170
      5.943     12.230    157.300      9.900    109.470      9.190     58.950
      5.957     13.770    157.660     10.570     97.530      1.740     56.500
      5.971     15.160    157.850     11.220     80.840     -2.550     49.580
      5.986     16.520    157.910     11.690     65.900     -5.300     45.290
      6.000     17.620    157.900     12.180     50.900     -6.590     39.230
      6.014     18.570    157.780     12.550     40.230     -7.550     35.070
      6.029     19.630    157.450     13.050     28.420     -9.730     29.850
      6.043     20.450    157.130     13.420     21.140    -13.750     26.540
      6.057     21.230    156.870     13.660     13.930    -18.480     23.440
      6.071     21.850    156.390     13.980      8.340    -21.280     22.190
      6.086     22.400    155.780     14.320      2.850    -26.600     17.490
      6.100     22.850    155.200     14.600     -2.140    -33.180     15.300
      6.114     23.390    154.540     14.870     -6.470    -38.850     13.460
      6.129     23.810    153.770     15.140    -11.510    -46.070     11.740
      6.143     23.810    152.800     15.350    -14.490    -50.910      8.270
      6.157     24.270    151.850     15.580    -19.790    -60.270      6.370
      6.171     24.170    150.810     15.690    -24.000    -68.870      2.320
      6.186     24.340    149.740     15.980    -31.740    -79.210     -1.040
      6.200     24.180    148.460     16.120    -41.140    -93.820     -9.470
      6.214     24.170    147.130     16.030    -52.240   -116.100    -21.140
      6.229     23.730    145.460     15.900    -72.870   -174.280    -44.810
      6.243     23.600    143.740     15.470    -10.980   -101.970    -41.380
      6.257     23.690    142.530     15.430     19.420    -48.020     -9.780
      6.271     24.200    141.760     15.540     43.900    -17.470     21.570
      6.286     24.740    141.270     15.970     56.090      0.600     50.130
      6.300     25.300    140.940     16.450     66.490     16.300     75.820
      6.314     25.990    140.820     16.980     51.100     22.330     73.890
      6.329     26.380    140.530     17.400     36.280    -13.440     26.140
      6.343     22.320    139.870     17.640     33.090     -7.470     24.960
      6.357     27.440    139.780     17.980     36.360     -8.430     50.780
      6.371     27.850    139.490     18.410     35.790    -13.120     52.870
      6.386     28.130    139.230     18.740     33.740    -13.030     57.810
      6.400     28.630    138.940     19.100     32.440    -16.700     54.060
      6.414     29.180    138.560     19.650     31.670    -20.530     51.130
      6.429     29.540    138.310     20.050     29.270    -28.010     41.010
      6.443     29.970    137.910     20.370     29.600    -34.380     35.440
      6.457     26.640    137.620     20.870     32.100    -36.240     23.340
      6.471     30.570    136.860     21.230     34.660    -36.250     36.370
      6.486     27.900    136.910     21.580     33.480    -36.170     28.820
      6.500     28.150    136.710     22.010     36.260    -34.370     30.420
      6.514     31.500    135.720     22.280     36.740    -33.380     43.180
      6.529     31.810    135.300     22.850     36.780    -30.590     46.720
      6.543     32.250    134.940     23.380     38.390    -27.430     50.910
      6.557     32.470    134.640     23.790     37.230    -27.140     48.430
      6.571     32.840    134.260     24.290     37.700    -25.690     49.210
      6.586     31.660    134.290     25.110     39.090    -24.190     45.070
      6.600     33.410    133.630     25.340     39.990    -23.180     50.920
      6.614     33.670    133.310     25.890     40.620    -24.630     48.210
      6.629     34.200    133.020     26.460     40.570    -26.040     45.510
      6.643     34.600    132.730     26.940     41.880    -26.810     43.330
      6.657     34.850    132.400     27.440     41.680    -26.180     44.580
      6.671     35.440    132.090     27.850     43.810    -25.730     45.850
      6.686     35.830    131.850     28.760     41.570    -26.520     41.830
      6.700     36.400    131.500     28.860     42.400    -26.460     40.850
      6.714     37.110    131.140     29.790     42.450    -26.790     42.120
      6.729     37.860    130.710     30.230     39.670    -29.230     40.520
      6.743     38.540    130.410     30.810     42.770    -29.760     41.350
      6.757     39.190    129.970     31.250     43.280    -29.880     41.510
      6.771     38.460    129.800     30.900     40.380    -32.640     31.000
      6.786     40.400    129.190     32.180     37.040    -34.540     31.060
      6.800     39.970    129.100     32.250     40.870    -32.860     34.860
      6.814     39.950    128.810     32.300     42.300    -33.580     29.710
      6.829     40.630    128.480     32.710     40.920    -33.460     28.270
      6.843     41.410    127.970     33.410     39.670    -33.660     28.220
      6.857     41.710    127.520     33.660     40.950    -32.650     27.050
      6.871     42.460    127.150     34.280     39.340    -33.550     29.880
      6.886     43.160    126.720     34.830     39.520    -34.770     28.710
      6.900     43.710    126.220     35.380     38.890    -32.670     31.970
      6.914     44.010    125.860     35.820     40.770    -32.000     32.060
      6.929     44.600    125.500     36.370     38.340    -33.920     27.060
      6.943     44.830    125.120     36.490     40.310    -33.840     24.850
      6.957     45.620    124.530     37.210     41.370    -32.190     29.400
      6.971     46.110    123.960     37.720     40.270    -34.280     28.370
      6.986     46.380    123.700     37.770     39.540    -34.940     24.580
      7.000     47.020    123.260     38.290     40.850    -33.960     27.000
      7.014     47.450    122.640     38.790     36.870    -34.490     22.400
      7.029     47.990    122.140     39.130     35.380    -33.510     19.730
      7.043     48.350    121.690     39.340     36.380    -34.210     19.550
      7.057     49.040    121.110     39.970     34.660    -34.080     18.460
      7.071     49.370    120.700     40.140     34.330    -34.880     14.830
      7.086     49.920    120.160     40.570     36.560    -33.360     13.530
      7.100     50.390    119.650     40.810     36.050    -33.430     14.630
      7.114     50.900    119.190     41.140     36.530    -31.670     14.710
      7.129     51.480    118.750     41.610     34.170    -31.380     12.150
      7.143     52.070    118.260     41.990     34.540    -30.680     15.070
      7.157     52.550    117.840     42.340     35.610    -27.220     17.170
      7.171     52.920    117.420     42.540     34.010    -28.660     14.200
      7.186     53.450    116.910     42.880     34.320    -28.800     12.460
      7.200     54.020    116.430     43.330     34.020    -29.100     17.150
      7.214     54.490    116.190     43.630     33.370    -27.950     14.370
      7.229     54.900    115.630     43.870     36.190    -25.720     15.150
      7.243     55.400    115.190     44.330     35.010    -26.070     16.590
      7.257     56.020    114.890     44.620     37.620    -25.810     18.080
      7.271     56.620    114.590     44.920     36.600    -27.460     16.050
      7.286     56.970    114.180     45.270     34.420    -29.550     14.630
      7.300     57.660    113.790     45.570     36.660    -27.270     17.280
      7.314     58.080    113.480     45.830     36.480    -25.570     18.620
      7.329     58.560    113.100     46.230     36.590    -25.670     17.280
      7.343     59.150    112.650     46.720     36.680    -23.250     21.390
      7.357     59.610    112.340     46.910     36.270    -25.130     18.950
      7.371     60.210    112.030     47.290     34.970    -23.050     19.720
      7.386     60.680    111.690     47.570     33.670    -21.650     19.760
      7.400     61.100    111.350     47.990     33.000    -20.690     21.500
      7.414     61.810    111.080     48.160     36.510    -24.900     19.220
      7.429     62.110    110.670     48.490     34.510    -22.420     19.510
      7.443     62.770    110.340     48.770     36.360    -24.400     20.480
      7.457     63.210    110.050     49.160     35.490    -24.170     19.990
      7.471     63.720    109.840     49.310     38.030    -23.890     19.610
      7.486     64.290    109.540     49.590     36.640    -24.940     18.990
      7.500     64.860    109.020     50.050     37.150    -22.660     22.680
      7.514     65.400    108.820     50.310     36.340    -22.880     22.810
      7.529     65.890    108.590     50.550     35.140    -22.850     22.930
      7.543     66.330    108.210     50.860     36.080    -22.220     23.730
      7.557     66.920    107.830     51.350     35.850    -21.300     22.320
      7.571     67.460    107.510     51.560     35.680    -22.650     24.820
      7.586     68.140    107.250     51.960     36.370    -19.350     24.760
      7.600     68.510    107.030     52.310     38.580    -16.860     25.110
      7.614     69.220    106.790     52.510     37.130    -19.350     23.990
      7.629     69.740    106.490     52.800     35.530    -20.850     22.130
      7.643     70.140    106.130     53.200     34.780    -21.150     20.910
      7.657     70.640    105.730     53.480     36.560    -20.360     22.030
      7.671     71.270    105.590     53.720     33.600    -23.670     23.510
      7.686     71.630    105.170     53.990     34.330    -21.410     22.030
      7.700     72.320    104.950     54.320     34.270    -21.310     21.220
      7.714     72.690    104.510     54.680     31.690    -19.780     21.570
      7.729     73.280    104.260     54.880     30.470    -18.600     19.330
      7.743     73.860    104.000     55.110     29.030    -18.360     21.590
      7.757     74.360    103.780     55.440     31.580    -17.930     20.560
      7.771     74.810    103.430     55.670     32.330    -19.070     21.580
      7.786     75.410    103.260     56.010     33.490    -16.180     20.100
      7.800     76.050    102.980     56.320     32.530    -15.270     22.530
      7.814     76.420    102.730     56.570     34.500    -17.360     20.570
      7.829     76.960    102.540     56.870     33.910    -17.230     22.180
      7.843     77.530    102.140     57.170     31.060    -20.060     17.800
      7.857     78.070    101.990     57.490     32.380    -18.750     19.960
      7.871     78.690    101.670     57.700     31.670    -22.120     19.170
      7.886     79.160    101.410     58.060     32.050    -20.780     17.680
      7.900     79.710    100.990     58.460     31.280    -19.240     19.160
      7.914     80.220    100.760     58.680     31.720    -17.830     18.820
      7.929     80.680    100.440     59.030     32.790    -20.700     16.590
      7.943     81.200    100.190     59.280     33.720    -19.680     16.700
      7.957     81.810    100.020     59.570     33.410    -20.300     18.490
      7.971     82.370     99.640     60.000     34.010    -20.920     19.190
      7.986     82.890     99.380     60.330     34.620    -19.710     20.290
      8.000     83.340     99.140     60.690     34.060    -18.070     21.120
      8.014     83.910     98.910     61.060     33.310    -18.140     21.880
      8.029     84.350     98.660     61.370     34.550    -19.880     19.610
      8.043     84.810     98.420     61.690     33.780    -18.300     20.970
      8.057     85.280     98.040     62.050     31.890    -18.040     22.110
      8.071     85.880     97.810     62.470     34.340    -18.670     22.320
      8.086     86.390     97.530     62.870     36.090    -18.490     25.820
      8.100     86.640     97.350     63.020     36.020    -17.160     23.400
      8.114     87.300     96.990     63.570     35.310    -15.970     25.670
      8.129     87.760     96.860     64.020     34.240    -15.760     25.790
      8.143     88.070     96.590     64.280     33.070    -16.570     24.520
      8.157     88.640     96.300     64.840     34.010    -13.570     25.790
      8.171     89.110     96.160     65.040     34.130    -14.910     24.280
      8.186     89.460     95.900     65.410     35.030    -13.900     27.130
      8.200     89.920     95.540     65.960     33.770    -14.720     28.850
      8.214     90.450     95.420     66.090     34.630    -15.840     25.970
      8.229     90.880     95.210     66.530     34.530    -17.530     27.980
      8.243     91.270     94.910     66.940     33.580    -18.980     25.770
      8.257     91.720     94.570     67.400     34.310    -18.200     26.820
      8.271     92.240     94.350     67.790     35.580    -19.640     29.060
      8.286     92.710     94.130     68.160     35.670    -20.840     31.120
      8.300     93.130     93.740     68.640     35.130    -19.040     31.030
      8.314     93.560     93.600     68.950     34.800    -21.080     33.290
      8.329     94.020     93.270     69.400     36.630    -18.550     34.640
      8.343     94.460     93.050     69.830     35.100    -19.500     32.640
      8.357     95.020     92.670     70.310     36.990    -20.310     35.550
      8.371     95.240     92.390     70.670     36.950    -19.330     35.150
      8.386     95.990     92.110     71.110     36.330    -22.110     33.920
      8.400     96.390     91.760     71.430     38.070    -23.450     33.620
      8.414     96.730     91.420     71.910     36.160    -24.270     31.940
      8.429     97.380     91.170     72.270     37.490    -24.060     32.400
      8.443     97.830     90.770     72.680     36.660    -25.820     33.960
      8.457     98.290     90.420     73.170     34.380    -25.290     31.090
      8.471     98.810     90.150     73.440     36.040    -24.580     32.350
      8.486     99.270     89.590     74.020     34.250    -27.030     31.060
      8.500     99.800     89.380     74.300     34.490    -28.390     32.640
      8.514    100.270     88.950     74.650     36.140    -27.840     30.310
      8.529    100.750     88.640     75.040     36.200    -27.980     31.320
      8.543    101.420     88.220     75.460     37.660    -29.230     31.690
      8.557    101.900     87.810     75.810     37.620    -30.180     30.760
      8.571    102.490     87.420     76.400     35.900    -28.440     29.940
      8.586    103.010     86.940     76.660     36.600    -28.820     27.470
      8.600    103.520     86.580     77.080     35.860    -31.630     28.880
      8.614    104.070     86.160     77.440     33.230    -31.340     26.410
      8.629    104.560     85.770     77.800     34.160    -31.700     24.470
      8.643    105.040     85.380     78.160     33.630    -33.610     23.440
      8.657    105.470     84.890     78.530     31.390    -32.030     24.620
      8.671    106.090     84.570     78.810     29.160    -32.120     25.040
      8.686    106.540     84.040     79.210     29.440    -33.030     25.150
      8.700    106.880     83.610     79.540     30.040    -30.470     23.130
      8.714    107.530     83.170     79.980     29.520    -31.370     25.150
      8.729    107.900     82.860     80.380     31.220    -28.980     24.600
      8.743    108.330     82.440     80.810     31.290    -28.930     25.560
      8.757    108.800     82.070     81.170     33.080    -28.440     24.580
      8.771    109.260     81.660     81.530     35.070    -28.870     24.300
      8.786    109.750     81.310     81.940     32.620    -28.080     23.340
      8.800    110.250     80.890     82.300     34.650    -27.350     21.960
      8.814    110.900     80.540     82.730     31.500    -26.410     22.150
      8.829    111.220     80.200     82.980     31.390    -28.560     21.310
      8.843    111.620     79.680     83.430     33.050    -28.950     20.620
      8.857    112.200     79.290     83.650     32.080    -29.250     20.820
      8.871    112.610     79.030     83.980     32.240    -28.710     20.350
      8.886    113.040     78.630     84.330     32.180    -27.650     20.480
      8.900    113.390     78.180     84.730     31.100    -26.570     17.650
      8.914    113.850     77.740     85.000     30.750    -27.110     20.390
      8.929    114.260     77.320     85.280     31.950    -27.370     21.860
      8.943    114.800     77.090     85.660     30.510    -27.530     18.920
      8.957    115.220     76.530     85.990     30.660    -26.990     18.210
      8.971    115.670     76.190     86.390     31.340    -25.060     21.390
      8.986    116.100     75.780     86.760     32.120    -25.950     20.670
      9.000    116.450     75.360     87.060     32.240    -26.130     19.710
      9.014    116.980     75.010     87.290     32.420    -27.710     19.950
      9.029    117.260     74.560     87.640     30.000    -25.510     20.790
      9.043    117.550     74.070     88.050     31.640    -24.750     19.740
      9.057    118.140     73.740     88.230     29.800    -25.700     19.990
      9.071    118.490     73.340     88.580     29.240    -24.530     21.670
      9.086    118.930     72.950     89.030     27.550    -23.460     21.310
      9.100    119.330     72.550     89.230     27.390    -23.920     19.010
      9.114    119.740     72.160     89.610     28.260    -23.780     20.890
      9.129    120.070     71.810     89.900     29.410    -25.820     19.330
      9.143    120.550     71.400     90.330     30.610    -25.160     21.160
      9.157    120.880     70.940     90.530     32.010    -24.420     22.900
      9.171    121.240     70.530     90.850     30.840    -24.780     21.060
      9.186    121.600     70.120     91.240     30.470    -25.100     20.100
      9.200    122.100     69.770     91.570     31.130    -24.130     19.330
      9.214    122.520     69.390     91.910     29.440    -25.180     18.720
      9.229    122.870     68.890     92.190     28.970    -25.930     18.420
      9.243    123.360     68.590     92.530     30.070    -25.100     18.750
      9.257    123.650     68.130     92.790     30.650    -25.570     16.430
      9.271    123.970     67.790     93.060     30.350    -24.390     18.450
      9.286    124.430     67.270     93.260     31.410    -26.390     19.600
      9.300    124.830     66.880     93.640     32.390    -25.190     19.650
      9.314    125.230     66.500     93.900     30.810    -23.960     21.890
      9.329    125.670     66.220     94.200     31.690    -22.810     21.430
      9.343    125.980     65.840     94.420     31.620    -23.980     22.680
      9.357    126.450     65.450     94.670     31.190    -26.460     21.870
      9.371    126.840     65.100     95.100     28.720    -24.470     20.390
      9.386    127.260     64.800     95.350     29.630    -20.830     21.520
      9.400    127.620     64.350     95.530     29.670    -23.960     21.730
      9.414    128.000     64.090     95.840     29.080    -22.740     20.630
      9.429    128.450     63.670     96.070     27.180    -25.430     21.670
      9.443    128.870     63.310     96.440     27.350    -24.050     20.890
      9.457    129.260     63.040     96.540     26.540    -22.270     22.070
      9.471    129.640     62.650     96.930     26.660    -21.290     21.110
      9.486    129.930     62.310     97.230     25.220    -20.930     21.170
      9.500    130.360     62.190     97.390     24.880    -20.840     19.920
      9.514    130.790     61.710     97.810     26.660    -18.250     23.130
      9.529    131.090     61.640     98.020     26.980    -16.310     26.000
      9.543    131.520     61.310     98.260     26.350    -15.580     21.730
      9.557    132.000     61.050     98.630     25.510    -16.220     22.750
      9.571    132.280     60.760     98.870     25.180    -14.680     22.310
      9.586    132.720     60.550     99.090     26.250    -14.400     21.550
      9.600    133.050     60.220     99.430     26.940    -14.390     23.400
      9.614    133.580     60.110     99.680     27.070    -12.680     22.890
      9.629    134.020     59.900    100.120     28.120    -11.260     23.880
      9.643    134.420     59.770    100.380     29.030    -13.310     23.100
      9.657    134.790     59.460    100.770     29.010    -12.330     23.190
      9.671    135.310     59.340    100.950     31.550    -12.610     24.120
      9.686    135.840     59.180    101.430     32.340    -13.630     25.350
      9.700    136.230     58.840    101.850     30.770    -14.560     23.710
      9.714    136.660     58.720    102.180     31.620    -13.280     23.710
      9.729    137.160     58.580    102.460     29.890    -16.050     24.750
      9.743    137.640     58.390    102.950     30.370    -14.310     24.730
      9.757    138.140     58.170    103.280     31.780    -13.660     25.270
      9.771    138.570     58.110    103.670     32.030    -15.290     25.070
      9.786    139.050     57.820    104.130     33.020    -14.510     25.270
      9.800    139.560     57.640    104.550     32.520    -14.450     25.770
      9.814    140.110     57.500    105.010     33.350    -16.080     24.390
      9.829    140.750     57.310    105.480     33.870    -15.380     27.580
      9.843    141.130     57.120    105.780     35.660    -17.830     26.530
      9.857    141.660     56.960    106.260     33.910    -18.730     25.560
      9.871    142.030     56.690    106.590     32.740    -17.260     26.620
      9.886    142.710     56.520    107.180     33.150    -19.430     27.220
      9.900    143.100     56.250    107.570     32.500    -20.050     28.780
      9.914    143.590     56.060    107.810     34.480    -20.270     30.830
      9.929    144.030     55.790    108.240     32.750    -20.220     30.210
      9.943    144.550     55.610    108.740     35.520    -20.490     30.410
      9.957    145.150     55.380    109.340     33.320    -21.200     29.410
      9.971    145.530     55.220    109.580     35.220    -22.900     28.660
      9.986    145.900     55.040    110.010     37.620    -21.920     29.420
     10.000    146.470     54.780    110.560     36.620    -20.500     31.490
     10.014    147.020     54.580    111.060     35.250    -21.060     30.670
     10.029    147.490     54.350    111.340     35.790    -20.550     31.570
     10.043    148.020     54.030    111.890     35.800    -19.080     34.000
     10.057    148.540     53.900    112.270     35.130    -20.930     32.050
     10.071    148.970     53.490    112.680     33.380    -19.290     31.890
     10.086    149.540     53.380    113.150     35.350    -19.000     31.280
     10.100    149.990     53.000    113.630     34.020    -18.030     33.280
     10.114    150.550     52.880    113.890     33.330    -19.290     32.930
     10.129    150.970     52.630    114.410     32.240    -19.660     32.730
     10.143    151.460     52.210    114.810     31.240    -18.140     33.270
     10.157    152.030     51.950    115.410     31.930    -18.380     33.470
     10.171    152.580     51.810    115.650     32.940    -19.690     33.160
     10.186    153.030     51.540    116.140     32.460    -17.390     30.090
     10.200    153.520     51.230    116.460     32.320    -18.110     31.590
     10.214    154.090     50.920    116.810     34.160    -19.140     30.510
     10.229    154.570     50.710    117.330     35.180    -20.510     31.680
     10.243    155.170     50.420    117.800     34.180    -19.480     29.870
     10.257    155.690     50.020    118.080     33.700    -18.830     29.930
     10.271    156.170     49.750    118.650     34.260    -17.830     30.700
     10.286    156.720     49.380    118.960     34.410    -19.580     29.340
     10.300    157.380     49.150    119.530     34.860    -18.520     29.830
     10.314    157.830     48.740    119.780     33.750    -19.260     27.620
     10.329    158.390     48.420    120.380     37.300    -19.210     29.400
     10.343    158.910     48.110    120.650     36.560    -20.080     27.700
     10.357    159.510     47.750    121.220     36.290    -19.910     28.170
     10.371    159.960     47.370    121.550     36.220    -21.810     29.810
     10.386    160.590     47.130    122.080     35.990    -22.300     27.850
     10.400    161.140     46.700    122.410     34.290    -21.550     29.470
     10.414    161.680     46.410    122.840     35.500    -25.080     28.610
     10.429    162.140     46.030    123.130     34.840    -24.990     27.970
     10.443    162.740     45.620    123.700     36.000    -24.040     28.410
     10.457    163.240     45.330    124.140     35.440    -24.660     26.710
     10.471    163.660     44.820    124.580     31.590    -26.160     25.650
     10.486    164.210     44.550    125.130     33.190    -27.100     24.220
     10.500    164.800     44.040    125.530     33.080    -31.670     25.700
     10.514    165.220     43.630    125.950     30.920    -30.990     24.450
     10.529    165.860     43.270    126.360     32.510    -31.740     24.230
     10.543    166.320     42.980    126.720     31.890    -30.810     22.940
     10.557    166.640     42.320    127.100     31.170    -30.820     23.540
     10.571    167.000     41.990    127.560     31.940    -31.030     19.600
     10.586    167.530     41.590    127.850     31.900    -32.330     19.410
     10.600    168.100     41.210    128.170     31.260    -32.360     18.070
     10.614    168.540     40.810    128.610     32.930    -29.840     17.900
     10.629    168.810     40.490    128.740     32.790    -29.610     19.230
     10.643    169.300     40.020    129.300     28.820    -29.800     19.380
     10.657    169.710     39.580    129.650     29.880    -29.950     19.690
     10.671    170.030     39.250    129.890     28.960    -28.860     19.140
     10.686    170.450     38.930    130.250     29.860    -26.840     18.220
     10.700    170.890     38.480    130.530     29.410    -27.250     16.780
     10.714    171.180     38.080    130.850     31.240    -25.910     17.230
     10.729    171.540     37.680    131.120     29.010    -26.050     18.300
     10.743    171.950     37.250    131.370     27.920    -25.240     17.830
     10.757    172.290     37.060    131.670     28.540    -24.360     17.780
     10.771    172.630     36.560    131.950     28.240    -25.080     17.510
     10.786    173.140     36.360    132.220     26.730    -22.140     19.970
     10.800    173.320     35.970    132.630     27.150    -23.200     19.230
     10.814    173.720     35.550    132.730     26.440    -22.990     18.150
     10.829    174.090     35.250    133.080     26.540    -22.830     19.600
     10.843    174.440     34.970    133.260     27.720    -23.220     20.340
     10.857    174.720     34.550    133.600     28.290    -18.640     19.090
     10.871    174.960     34.200    133.700     27.890    -18.570     19.290
     10.886    175.340     33.890    134.080     27.780    -19.120     19.050
     10.900    175.600     33.590    134.490     27.610    -17.090     20.140
     10.914    175.930     33.260    134.470     27.090    -18.030     20.920
     10.929    176.310     32.950    134.840     27.790    -16.860     21.510
     10.943    176.630     32.760    135.030     30.180    -15.900     23.920
     10.957    176.970     32.420    135.350     28.790    -13.760     24.360
     10.971    177.250     32.040    135.590     29.610    -15.320     24.490
     10.986    177.670     31.810    135.860     31.000    -15.830     24.820
     11.000    178.070     31.560    136.160     30.220    -15.450     24.790
     11.014    178.360     31.360    136.440     32.360    -14.350     25.290
     11.029    178.720     31.070    136.750     31.110    -13.100     24.510
     11.043    179.060     30.770    137.080     31.250    -15.070     24.770
     11.057    179.390     30.540    137.270     30.670    -17.670     24.730
     11.071    179.950     30.290    137.650     31.870    -16.820     26.640
     11.086    180.230     30.060    137.960     31.090    -17.880     26.210
     11.100    180.700     29.720    138.100     29.980    -20.210     27.820
     11.114    181.060     29.470    138.420     29.220    -19.600     28.730
     11.129    181.450     29.190    138.770     29.240    -20.340     28.810
     11.143    181.800     28.860    139.150     29.800    -20.120     27.700
     11.157    182.280     28.610    139.440     30.240    -18.610     28.850
     11.171    182.790     28.340    139.840     28.800    -20.230     29.540
     11.186    183.060     27.990    139.970     29.140    -19.280     28.060
     11.200    183.490     27.840    140.430     29.180    -18.760     28.480
     11.214    183.930     27.440    140.690     29.180    -18.620     29.480
     11.229    184.310     27.270    141.070     30.400    -19.310     29.190
     11.243    184.910     26.980    141.380     29.810    -17.570     29.510
     11.257    185.140     26.770    141.700     28.200    -17.220     29.790
     11.271    185.590     26.590    141.910     28.690    -17.830     27.760
     11.286    186.170     26.220    142.410     29.190    -17.690     27.190
     11.300    186.600     26.090    142.650     30.090    -18.600     27.850
     11.314    187.040     25.830    142.950     30.030    -19.230     29.260
     11.329    187.460     25.560    143.360     29.160    -22.080     26.820
     11.343    187.970     25.310    143.640     30.750    -21.890     27.990
     11.357    188.460     25.050    144.100     30.530    -20.360     27.870
     11.371    188.840     24.640    144.430     29.710    -23.270     27.490
     11.386    189.260     24.340    144.760     29.550    -22.860     26.790
     11.400    189.860     24.330    145.050     31.690    -20.910     27.560
     11.414    190.270     23.990    145.490     30.720    -22.920     27.270
