#         t          x          y          z         vx         vy         vz
      0.000   -476.220    491.440   -412.410     45.330    101.980    142.020
     71.429   -472.950    498.950   -402.040     48.240    106.430    147.110
    142.857   -469.310    506.760   -391.420     58.540    111.420    150.780
    214.286   -465.050    515.030   -380.300     63.150    116.570    159.980
    285.714   -460.200    523.510   -368.470     71.810    123.800    170.880
    357.143   -454.660    532.670   -355.780     81.390    129.040    183.430
    428.571   -448.100    541.960   -342.360     96.310    133.640    191.170
    500.000   -440.900    551.430   -328.530    108.410    135.030    202.870
    571.429   -432.470    561.120   -313.980    130.050    136.890    210.530
    642.857   -422.370    570.870   -298.350    153.810    133.870    222.670
    714.286   -410.450    580.340   -281.700    177.900    126.650    235.180
    785.714   -396.700    588.860   -264.640    205.430    113.670    242.970
    857.143   -380.910    596.260   -247.170    236.440     93.190    247.580
    928.571   -362.700    601.800   -229.410    263.460     59.800    245.410
   1000.000   -343.300    605.110   -212.110    280.170     32.020    237.290
   1071.430   -323.070    606.340   -195.610    287.860      1.990    220.240
   1142.860   -302.650    605.520   -180.450    286.570    -25.170    203.890
   1214.290   -282.300    602.790   -166.470    281.440    -53.330    186.600
   1285.710   -262.540    598.360   -153.560    271.240    -68.650    175.540
   1357.140   -243.400    592.970   -141.350    262.720    -81.430    164.150
   1428.570   -224.840    586.560   -130.160    256.690    -96.410    150.280
   1500.000   -206.970    579.300   -119.820    244.560   -107.600    139.310
   1571.430   -189.860    571.290   -110.350    237.020   -115.520    129.870
   1642.860   -173.300    562.820   -101.420    227.440   -122.790    119.670
   1714.290   -157.330    553.800    -93.080    217.690   -131.030    112.430
   1785.710   -142.170    544.240    -85.400    207.540   -135.560    104.800
   1857.140   -127.680    534.380    -78.190    199.090   -141.780     98.460
   1928.570   -113.680    524.060    -71.440    190.690   -147.650     90.260
   2000.000   -100.290    513.290    -65.170    182.510   -155.010     84.070
   2071.430    -87.640    502.080    -59.300    171.140   -157.580     79.950
   2142.860    -75.690    490.790    -53.860    168.150   -157.200     73.460
   2214.290    -63.990    479.380    -48.940    156.660   -161.270     68.140
   2285.710    -52.980    467.620    -44.130    149.970   -165.400     63.310
   2357.140    -42.380    455.610    -39.880    144.110   -170.010     58.470
   2428.570    -32.360    443.390    -35.730    134.610   -170.640     56.200
   2500.000    -23.060    431.080    -31.830    124.320   -176.330     51.560
   2571.430    -14.370    418.420    -28.180    116.460   -179.030     47.270
   2642.860     -6.250    405.460    -24.910    111.430   -185.650     44.290
   2714.290      1.360    392.090    -22.010    102.790   -186.960     38.350
   2785.710      8.540    378.660    -19.490     97.640   -189.990     33.240
   2857.140     15.210    364.890    -17.080     88.890   -195.970     29.900
   2928.570     21.000    350.720    -15.070     76.870   -200.400     24.600
   3000.000     26.230    336.340    -13.360     68.860   -203.270     21.760
   3071.430     30.760    321.640    -11.780     58.220   -207.920     18.730
   3142.860     34.520    306.550    -10.590     47.630   -213.860     15.540
   3214.290     37.490    291.150     -9.830     36.780   -218.240      8.780
   3285.710     39.500    275.330     -9.480     20.880   -223.210      3.250
   3357.140     40.360    259.280     -9.350      4.840   -228.190     -0.960
   3428.570     40.200    242.820     -9.530    -13.280   -231.920     -7.110
   3500.000     38.430    226.070    -10.270    -32.210   -238.680    -14.070
   3571.430     35.500    208.780    -11.490    -54.350   -244.940    -20.520
   3642.860     30.870    191.180    -13.290    -79.970   -246.200    -32.180
   3714.290     24.000    173.660    -16.030   -113.680   -243.070    -44.040
   3785.710     14.480    156.600    -19.650   -152.040   -232.360    -56.770
   3857.140      2.470    140.760    -24.240   -188.060   -210.420    -71.710
   3928.570    -12.020    126.700    -29.650   -219.980   -178.970    -81.140
   4000.000    -28.670    115.670    -35.700   -246.170   -128.950    -86.150
   4071.430    -47.000    108.420    -41.570   -260.070    -70.270    -78.510
   4142.860    -65.320    105.740    -46.970   -250.820     -1.980    -66.690
   4214.290    -82.230    108.140    -51.000   -219.330     69.450    -47.060
   4285.710    -96.030    115.230    -53.700   -166.160    123.710    -29.060
   4357.140   -105.590    125.360    -55.000   -104.650    154.610    -10.290
   4428.570   -111.040    137.010    -55.050    -46.870    169.030      6.860
   4500.000   -112.600    149.110    -54.130      1.300    169.700     16.360
   4571.430   -111.120    161.090    -52.680     39.510    165.450     25.650
   4642.860   -107.060    172.670    -50.710     71.770    160.410     30.740
   4714.290   -100.870    183.850    -48.230    100.630    153.760     39.510
   4785.710    -92.710    194.450    -45.020    125.210    145.920     49.600
   4857.140    -82.770    204.720    -41.130    148.560    137.680     59.530
   4928.570    -71.600    214.310    -36.330    167.310    129.800     71.980
   5000.000    -59.120    223.310    -30.800    183.190    123.040     85.690
   5071.430    -45.360    232.100    -23.940    206.210    120.580    106.480
   5142.860    -29.790    240.450    -15.100    230.550    113.370    144.480
   5214.290    -12.430    247.780     -2.560    255.410     86.430    213.280
   5285.710      5.480    250.930     15.440    232.280     -6.200    277.150
   5357.140     20.120    247.490     34.800    179.680    -81.360    260.140
   5428.570     31.450    240.380     52.010    142.110   -112.770    221.160
   5500.000     40.720    231.680     66.450    117.770   -131.770    184.220
   5571.430     48.170    221.840     78.350     94.280   -142.620    156.860
   5642.860     54.260    211.400     88.310     77.540   -149.660    128.600
   5714.290     59.280    200.350     96.690     62.870   -158.000    104.560
   5785.710     63.290    188.910    103.440     50.520   -162.110     81.850
   5857.140     66.430    177.140    108.440     33.820   -167.460     58.110
   5928.570     68.700    165.200    111.960     20.190   -167.590     36.580
   6000.000     69.910    153.200    113.750      6.920   -168.650     11.760
   6071.430     69.680    141.260    113.500     -3.990   -166.220    -11.150
   6142.860     68.900    129.600    111.830    -18.610   -160.970    -36.440
   6214.290     67.140    118.320    108.210    -31.990   -155.320    -65.920
   6285.710     64.380    107.730    102.340    -47.000   -142.260    -98.360
   6357.140     60.370     98.090     94.110    -63.950   -125.640   -129.630
   6428.570     55.290     89.920     83.650    -76.690   -102.650   -162.530
   6500.000     49.380     83.650     70.880    -89.350    -71.800   -197.690
   6571.430     42.400     80.130     55.730   -102.210    -25.930   -228.470
   6642.860     34.930     80.310     38.350   -107.510     34.590   -254.370
   6714.290     27.160     85.640     20.000    -99.800    115.470   -253.700
   6785.710     20.800     96.530      2.820    -75.980    186.310   -217.880
   6857.140     16.600    111.410    -10.350    -39.600    224.780   -151.780
   6928.570     15.000    127.730    -19.150     -8.120    231.370    -89.830
   7000.000     15.510    143.850    -23.440     19.790    216.550    -37.550
   7071.430     17.580    158.500    -24.610     39.350    195.230      4.150
   7142.860     21.040    171.630    -23.290     55.180    172.520     36.180
   7214.290     25.360    182.920    -19.810     66.210    145.860     62.150
   7285.710     30.440    192.390    -14.370     77.240    119.970     85.980
   7357.140     36.310    199.920     -7.570     85.840     91.230    104.280
   7428.570     42.790    205.430      0.440     93.250     64.460    121.330
   7500.000     49.630    208.980      9.610     99.230     32.720    134.490
   7571.430     56.840    210.230     19.540    103.340      2.690    144.630
   7642.860     64.210    209.300     30.190    103.230    -29.880    153.580
   7714.290     71.550    206.010     41.520    102.660    -64.650    161.590
   7785.710     78.930    200.180     53.200    104.930   -101.470    162.890
   7857.140     86.310    191.590     64.780    102.300   -140.140    161.730
   7928.570     93.590    179.890     76.160     96.010   -186.160    156.800
   8000.000    100.260    165.030     86.960     89.770   -231.280    142.980
   8071.430    106.060    146.550     96.330     72.860   -283.660    115.400
   8142.860    110.330    124.710    103.050     45.610   -328.100     67.990
   8214.290    112.360    100.320    105.400     10.080   -353.010     -5.300
   8285.710    111.460     75.550    101.970    -36.090   -327.950    -88.920
   8357.140    107.520     54.270     93.220    -72.350   -263.540   -149.310
   8428.570    101.790     38.170     81.370    -84.440   -187.380   -178.410
   8500.000     95.660     27.480     68.350    -86.700   -115.440   -181.270
   8571.430     89.530     21.590     55.620    -80.690    -51.920   -172.460
   8642.860     84.120     19.660     43.930    -74.500     -4.730   -153.280
   8714.290     79.270     20.870     33.940    -57.380     37.470   -126.280
   8785.710     75.720     24.800     26.080    -40.820     70.340    -96.870
   8857.140     73.560     30.740     20.200    -23.130     95.220    -65.140
   8928.570     72.750     38.320     16.800     -1.150    116.070    -29.990
   9000.000     73.180     47.170     15.730     16.790    131.780      3.560
   9071.430     75.130     56.930     17.270     37.540    140.550     40.930
   9142.860     78.630     67.180     21.680     61.270    143.800     83.840
   9214.290     83.790     77.370     29.290     85.330    140.510    127.820
   9285.710     91.020     87.010     40.110    116.260    128.080    175.520
   9357.140    100.630     95.160     54.610    149.480     97.490    229.620
   9428.570    112.550    100.220     72.820    179.840     37.900    281.280
   9500.000    126.630     99.850     94.140    208.750    -55.670    310.120
   9571.430    141.770     91.620    115.840    204.910   -173.210    287.180
   9642.860    155.280     76.140    133.660    166.220   -245.890    206.270
   9714.290    165.490     57.860    145.490    119.560   -259.320    125.370
   9785.710    172.300     39.870    151.950     75.860   -242.260     59.910
   9857.140    176.620     23.670    154.510     44.240   -211.870     11.670
   9928.570    178.620      9.740    153.940     14.090   -178.980    -25.460
  10000.000    178.950     -1.630    150.940     -7.680   -141.010    -58.210
  10071.400    177.700    -10.170    145.800    -30.150    -99.490    -84.800
  10142.900    174.820    -15.610    139.150    -47.350    -54.120   -103.660
  10214.300    170.910    -17.680    131.170    -62.370     -1.900   -119.520
  10285.700    165.890    -15.830    122.450    -74.710     53.800   -123.990
  10357.100    160.110     -9.750    113.520    -85.400    119.270   -124.260
  10428.600    154.070      1.480    105.240    -83.160    195.100   -103.630
  10500.000    148.780     18.230     99.550    -60.350    274.350    -50.730
  10571.400    146.400     39.960     99.140     -1.810    317.700     42.990
  10642.900    148.830     61.550    105.680     67.460    274.290    135.340
  10714.300    155.400     78.250    117.260    112.270    192.660    180.020
  10785.700    164.450     89.050    130.730    135.370    108.490    192.790
  10857.100    174.390     94.230    144.300    141.750     36.830    186.160
  10928.600    184.520     94.740    157.050    137.510    -22.460    169.990
  11000.000    194.160     91.000    168.340    131.820    -78.580    144.640
  11071.400    203.000     83.670    177.590    117.560   -124.560    113.740
  11142.900    210.650     73.210    184.360     96.540   -166.380     78.060
  11214.300    216.410     60.110    188.290     66.270   -198.590     34.010
  11285.700    219.900     45.090    188.990     31.220   -222.500    -14.520
  11357.100    220.670     28.680    185.630    -12.080   -234.280    -77.900
