#         t      x_hat      y_hat      z_hat      L_mag
      0.000     -0.006     -0.004     -1.000  4.721e+08
      0.014     -0.005     -0.004     -1.000  4.748e+08
      0.029     -0.005     -0.003     -1.000  4.756e+08
      0.043     -0.005     -0.002     -1.000  4.744e+08
      0.057     -0.005     -0.001     -1.000  4.733e+08
      0.071     -0.005     -0.001     -1.000  4.722e+08
      0.086     -0.005     -0.002     -1.000  4.716e+08
      0.100     -0.006     -0.002     -1.000  4.742e+08
      0.114     -0.005     -0.002     -1.000  4.739e+08
      0.129     -0.004     -0.002     -1.000  4.752e+08
      0.143     -0.003     -0.002     -1.000  4.717e+08
      0.157     -0.002     -0.003     -1.000  4.735e+08
      0.171     -0.002     -0.002     -1.000  4.725e+08
      0.186     -0.001     -0.002     -1.000  4.711e+08
      0.200      0.000     -0.002     -1.000  4.717e+08
      0.214      0.000     -0.003     -1.000  4.723e+08
      0.229      0.001     -0.003     -1.000  4.719e+08
      0.243      0.001     -0.003     -1.000  4.724e+08
      0.257      0.002     -0.003     -1.000  4.712e+08
      0.271      0.001     -0.003     -1.000  4.714e+08
      0.286      0.001     -0.003     -1.000  4.733e+08
      0.300      0.000     -0.003     -1.000  4.727e+08
      0.314     -0.000     -0.003     -1.000  4.715e+08
      0.329     -0.001     -0.003     -1.000  4.723e+08
      0.343     -0.001     -0.003     -1.000  4.712e+08
      0.357     -0.001     -0.004     -1.000  4.708e+08
      0.371     -0.001     -0.004     -1.000  4.725e+08
      0.386     -0.001     -0.004     -1.000  4.715e+08
      0.400     -0.002     -0.004     -1.000  4.734e+08
      0.414     -0.002     -0.005     -1.000  4.732e+08
      0.429     -0.002     -0.004     -1.000  4.715e+08
      0.443     -0.002     -0.004     -1.000  4.724e+08
      0.457     -0.002     -0.003     -1.000  4.719e+08
      0.471     -0.003     -0.003     -1.000  4.734e+08
      0.486     -0.003     -0.002     -1.000  4.722e+08
      0.500     -0.003     -0.002     -1.000  4.730e+08
      0.514     -0.003     -0.002     -1.000  4.721e+08
      0.529     -0.002     -0.002     -1.000  4.730e+08
      0.543     -0.002     -0.002     -1.000  4.710e+08
      0.557     -0.002     -0.002     -1.000  4.714e+08
      0.571     -0.002     -0.002     -1.000  4.718e+08
      0.586     -0.002     -0.002     -1.000  4.723e+08
      0.600     -0.002     -0.002     -1.000  4.719e+08
      0.614     -0.002     -0.002     -1.000  4.719e+08
      0.629     -0.002     -0.001     -1.000  4.724e+08
      0.643     -0.001     -0.001     -1.000  4.724e+08
      0.657     -0.001     -0.001     -1.000  4.702e+08
      0.671     -0.001     -0.001     -1.000  4.713e+08
      0.686     -0.001     -0.001     -1.000  4.730e+08
      0.700     -0.001     -0.001     -1.000  4.714e+08
      0.714     -0.002     -0.001     -1.000  4.720e+08
      0.729     -0.001     -0.002     -1.000  4.725e+08
      0.743     -0.002     -0.002     -1.000  4.714e+08
      0.757     -0.002     -0.001     -1.000  4.714e+08
      0.771     -0.001     -0.001     -1.000  4.708e+08
      0.786     -0.001     -0.000     -1.000  4.710e+08
      0.800     -0.001      0.001     -1.000  4.717e+08
      0.814     -0.001      0.001     -1.000  4.703e+08
      0.829      0.000      0.003     -1.000  4.712e+08
      0.843      0.001      0.003     -1.000  4.723e+08
      0.857      0.001      0.002     -1.000  4.724e+08
      0.871      0.001      0.003     -1.000  4.719e+08
      0.886      0.002      0.002     -1.000  4.704e+08
      0.900      0.002      0.002     -1.000  4.726e+08
      0.914      0.001      0.002     -1.000  4.723e+08
      0.929      0.001      0.002     -1.000  4.704e+08
      0.943      0.001      0.001     -1.000  4.716e+08
      0.957      0.002      0.001     -1.000  4.711e+08
      0.971      0.002      0.001     -1.000  4.725e+08
      0.986      0.003      0.001     -1.000  4.717e+08
      1.000      0.003      0.001     -1.000  4.700e+08
      1.014      0.003      0.001     -1.000  4.699e+08
      1.029      0.004      0.000     -1.000  4.719e+08
      1.043      0.004     -0.000     -1.000  4.711e+08
      1.057      0.003     -0.001     -1.000  4.701e+08
      1.071      0.003     -0.001     -1.000  4.717e+08
      1.086      0.003     -0.001     -1.000  4.706e+08
      1.100      0.003     -0.001     -1.000  4.701e+08
      1.114      0.003     -0.001     -1.000  4.704e+08
      1.129      0.004     -0.001     -1.000  4.712e+08
      1.143      0.004     -0.001     -1.000  4.717e+08
      1.157      0.004      0.000     -1.000  4.698e+08
      1.171      0.004      0.001     -1.000  4.715e+08
      1.186      0.004      0.000     -1.000  4.715e+08
      1.200      0.005      0.000     -1.000  4.709e+08
      1.214      0.005      0.000     -1.000  4.714e+08
      1.229      0.005     -0.000     -1.000  4.698e+08
      1.243      0.005     -0.000     -1.000  4.705e+08
      1.257      0.005     -0.001     -1.000  4.706e+08
      1.271      0.005     -0.002     -1.000  4.700e+08
      1.286      0.005     -0.002     -1.000  4.717e+08
      1.300      0.006     -0.002     -1.000  4.698e+08
      1.314      0.006     -0.003     -1.000  4.712e+08
      1.329      0.006     -0.003     -1.000  4.721e+08
      1.343      0.006     -0.003     -1.000  4.723e+08
      1.357      0.007     -0.002     -1.000  4.717e+08
      1.371      0.007     -0.002     -1.000  4.700e+08
      1.386      0.008     -0.003     -1.000  4.735e+08
      1.400      0.009     -0.003     -1.000  4.704e+08
      1.414      0.009     -0.002     -1.000  4.705e+08
      1.429      0.009     -0.002     -1.000  4.715e+08
      1.443      0.009     -0.002     -1.000  4.692e+08
      1.457      0.009     -0.002     -1.000  4.697e+08
      1.471      0.009     -0.003     -1.000  4.707e+08
      1.486      0.010     -0.003     -1.000  4.700e+08
      1.500      0.010     -0.002     -1.000  4.702e+08
      1.514      0.010     -0.002     -1.000  4.700e+08
      1.529      0.010     -0.002     -1.000  4.697e+08
      1.543      0.010     -0.003     -1.000  4.700e+08
      1.557      0.010     -0.003     -1.000  4.705e+08
      1.571      0.011     -0.003     -1.000  4.702e+08
      1.586      0.011     -0.003     -1.000  4.691e+08
      1.600      0.012     -0.003     -1.000  4.701e+08
      1.614      0.012     -0.004     -1.000  4.713e+08
      1.629      0.013     -0.003     -1.000  4.686e+08
      1.643      0.014     -0.003     -1.000  4.690e+08
      1.657      0.014     -0.003     -1.000  4.693e+08
      1.671      0.014     -0.003     -1.000  4.712e+08
      1.686      0.014     -0.003     -1.000  4.701e+08
      1.700      0.014     -0.003     -1.000  4.690e+08
      1.714      0.013     -0.003     -1.000  4.703e+08
      1.729      0.014     -0.003     -1.000  4.700e+08
      1.743      0.013     -0.003     -1.000  4.686e+08
      1.757      0.013     -0.004     -1.000  4.695e+08
      1.771      0.013     -0.005     -1.000  4.702e+08
      1.786      0.013     -0.005     -1.000  4.692e+08
      1.800      0.012     -0.005     -1.000  4.706e+08
      1.814      0.013     -0.005     -1.000  4.704e+08
      1.829      0.012     -0.006     -1.000  4.700e+08
      1.843      0.012     -0.005     -1.000  4.701e+08
      1.857      0.010     -0.005     -1.000  4.691e+08
      1.871      0.010     -0.004     -1.000  4.690e+08
      1.886      0.010     -0.004     -1.000  4.708e+08
      1.900      0.009     -0.004     -1.000  4.708e+08
      1.914      0.009     -0.004     -1.000  4.720e+08
      1.929      0.010     -0.004     -1.000  4.697e+08
      1.943      0.009     -0.004     -1.000  4.701e+08
      1.957      0.009     -0.003     -1.000  4.706e+08
      1.971      0.009     -0.004     -1.000  4.708e+08
      1.986      0.009     -0.003     -1.000  4.691e+08
      2.000      0.008     -0.003     -1.000  4.697e+08
      2.014      0.008     -0.002     -1.000  4.721e+08
      2.029      0.007     -0.002     -1.000  4.710e+08
      2.043      0.008     -0.002     -1.000  4.702e+08
      2.057      0.008     -0.001     -1.000  4.703e+08
      2.071      0.008     -0.001     -1.000  4.703e+08
      2.086      0.008     -0.000     -1.000  4.712e+08
      2.100      0.008      0.000     -1.000  4.691e+08
      2.114      0.008      0.000     -1.000  4.711e+08
      2.129      0.009      0.001     -1.000  4.715e+08
      2.143      0.008      0.001     -1.000  4.703e+08
      2.157      0.008      0.000     -1.000  4.708e+08
      2.171      0.008      0.000     -1.000  4.691e+08
      2.186      0.008      0.000     -1.000  4.706e+08
      2.200      0.007      0.001     -1.000  4.696e+08
      2.214      0.008      0.001     -1.000  4.685e+08
      2.229      0.007      0.002     -1.000  4.705e+08
      2.243      0.007      0.002     -1.000  4.700e+08
      2.257      0.008      0.002     -1.000  4.702e+08
      2.271      0.008      0.002     -1.000  4.691e+08
      2.286      0.008      0.001     -1.000  4.695e+08
      2.300      0.008      0.000     -1.000  4.710e+08
      2.314      0.009      0.000     -1.000  4.703e+08
      2.329      0.009     -0.000     -1.000  4.699e+08
      2.343      0.008     -0.001     -1.000  4.699e+08
      2.357      0.008     -0.001     -1.000  4.696e+08
      2.371      0.007     -0.000     -1.000  4.710e+08
      2.386      0.008     -0.000     -1.000  4.690e+08
      2.400      0.008     -0.002     -1.000  4.700e+08
      2.414      0.009     -0.001     -1.000  4.699e+08
      2.429      0.009     -0.001     -1.000  4.691e+08
      2.443      0.010     -0.002     -1.000  4.699e+08
      2.457      0.009     -0.002     -1.000  4.697e+08
      2.471      0.009     -0.002     -1.000  4.689e+08
      2.486      0.009     -0.002     -1.000  4.689e+08
      2.500      0.008     -0.002     -1.000  4.695e+08
      2.514      0.008     -0.002     -1.000  4.697e+08
      2.529      0.008     -0.002     -1.000  4.705e+08
      2.543      0.009     -0.003     -1.000  4.686e+08
      2.557      0.009     -0.003     -1.000  4.673e+08
      2.571      0.009     -0.003     -1.000  4.697e+08
      2.586      0.008     -0.003     -1.000  4.695e+08
      2.600      0.008     -0.002     -1.000  4.692e+08
      2.614      0.008     -0.003     -1.000  4.685e+08
      2.629      0.008     -0.002     -1.000  4.693e+08
      2.643      0.008     -0.001     -1.000  4.708e+08
      2.657      0.009     -0.001     -1.000  4.695e+08
      2.671      0.009     -0.001     -1.000  4.688e+08
      2.686      0.009     -0.001     -1.000  4.690e+08
      2.700      0.009     -0.001     -1.000  4.682e+08
      2.714      0.009     -0.001     -1.000  4.687e+08
      2.729      0.010     -0.001     -1.000  4.705e+08
      2.743      0.010     -0.001     -1.000  4.677e+08
      2.757      0.009     -0.001     -1.000  4.695e+08
      2.771      0.009     -0.001     -1.000  4.695e+08
      2.786      0.009     -0.001     -1.000  4.695e+08
      2.800      0.008     -0.001     -1.000  4.699e+08
      2.814      0.008     -0.001     -1.000  4.674e+08
      2.829      0.007     -0.002     -1.000  4.699e+08
      2.843      0.007     -0.002     -1.000  4.683e+08
      2.857      0.007     -0.003     -1.000  4.669e+08
      2.871      0.008     -0.002     -1.000  4.675e+08
      2.886      0.008     -0.002     -1.000  4.684e+08
      2.900      0.008     -0.002     -1.000  4.685e+08
      2.914      0.007     -0.003     -1.000  4.687e+08
      2.929      0.008     -0.003     -1.000  4.693e+08
      2.943      0.007     -0.002     -1.000  4.682e+08
      2.957      0.008     -0.002     -1.000  4.682e+08
      2.971      0.007     -0.002     -1.000  4.672e+08
      2.986      0.007     -0.003     -1.000  4.680e+08
      3.000      0.006     -0.003     -1.000  4.675e+08
      3.014      0.006     -0.002     -1.000  4.669e+08
      3.029      0.006     -0.002     -1.000  4.671e+08
      3.043      0.006     -0.002     -1.000  4.647e+08
      3.057      0.006     -0.002     -1.000  4.669e+08
      3.071      0.004     -0.002     -1.000  4.675e+08
      3.086      0.005     -0.003     -1.000  4.677e+08
      3.100      0.005     -0.003     -1.000  4.677e+08
      3.114      0.005     -0.003     -1.000  4.670e+08
      3.129      0.004     -0.003     -1.000  4.680e+08
      3.143      0.005     -0.004     -1.000  4.663e+08
      3.157      0.004     -0.004     -1.000  4.665e+08
      3.171      0.004     -0.005     -1.000  4.667e+08
      3.186      0.004     -0.005     -1.000  4.667e+08
      3.200      0.003     -0.006     -1.000  4.673e+08
      3.214      0.003     -0.007     -1.000  4.666e+08
      3.229      0.002     -0.008     -1.000  4.674e+08
      3.243      0.001     -0.009     -1.000  4.657e+08
      3.257      0.001     -0.009     -1.000  4.649e+08
      3.271      0.002     -0.009     -1.000  4.679e+08
      3.286      0.003     -0.009     -1.000  4.664e+08
      3.300      0.003     -0.008     -1.000  4.659e+08
      3.314      0.002     -0.009     -1.000  4.673e+08
      3.329      0.002     -0.008     -1.000  4.659e+08
      3.343      0.003     -0.008     -1.000  4.666e+08
      3.357      0.003     -0.008     -1.000  4.659e+08
      3.371      0.003     -0.008     -1.000  4.668e+08
      3.386      0.001     -0.008     -1.000  4.671e+08
      3.400      0.003     -0.008     -1.000  4.656e+08
      3.414      0.002     -0.008     -1.000  4.668e+08
      3.429      0.002     -0.009     -1.000  4.671e+08
      3.443      0.001     -0.009     -1.000  4.660e+08
      3.457      0.001     -0.009     -1.000  4.666e+08
      3.471     -0.000     -0.010     -1.000  4.666e+08
      3.486     -0.001     -0.010     -1.000  4.673e+08
      3.500     -0.001     -0.011     -1.000  4.655e+08
      3.514     -0.002     -0.011     -1.000  4.661e+08
      3.529     -0.002     -0.012     -1.000  4.656e+08
      3.543     -0.002     -0.012     -1.000  4.649e+08
      3.557     -0.001     -0.012     -1.000  4.656e+08
      3.571     -0.002     -0.012     -1.000  4.662e+08
      3.586     -0.002     -0.013     -1.000  4.660e+08
      3.600     -0.001     -0.014     -1.000  4.660e+08
      3.614     -0.002     -0.015     -1.000  4.671e+08
      3.629     -0.001     -0.015     -1.000  4.653e+08
      3.643     -0.001     -0.016     -1.000  4.672e+08
      3.657     -0.000     -0.017     -1.000  4.652e+08
      3.671      0.001     -0.018     -1.000  4.656e+08
      3.686      0.001     -0.019     -1.000  4.658e+08
      3.700      0.001     -0.019     -1.000  4.646e+08
      3.714      0.002     -0.021     -1.000  4.651e+08
      3.729      0.002     -0.022     -1.000  4.660e+08
      3.743      0.004     -0.023     -1.000  4.651e+08
      3.757      0.005     -0.023     -1.000  4.651e+08
      3.771      0.006     -0.024     -1.000  4.658e+08
      3.786      0.008     -0.025     -1.000  4.643e+08
      3.800      0.010     -0.026     -1.000  4.648e+08
      3.814      0.013     -0.028     -1.000  4.645e+08
      3.829      0.016     -0.029     -0.999  4.647e+08
      3.843      0.020     -0.030     -0.999  4.644e+08
      3.857      0.026     -0.033     -0.999  4.623e+08
      3.871      0.033     -0.036     -0.999  4.636e+08
      3.886      0.042     -0.041     -0.998  4.632e+08
      3.900      0.052     -0.048     -0.997  4.636e+08
      3.914      0.064     -0.058     -0.996  4.636e+08
      3.929      0.075     -0.073     -0.994  4.616e+08
      3.943      0.085     -0.093     -0.992  4.619e+08
      3.957      0.091     -0.116     -0.989  4.630e+08
      3.971      0.092     -0.139     -0.986  4.673e+08
      3.986      0.089     -0.162     -0.983  4.699e+08
      4.000      0.085     -0.177     -0.980  4.762e+08
      4.014      0.081     -0.187     -0.979  4.790e+08
      4.029      0.079     -0.191     -0.978  4.827e+08
      4.043      0.080     -0.195     -0.978  4.859e+08
      4.057      0.080     -0.197     -0.977  4.900e+08
      4.071      0.083     -0.195     -0.977  4.925e+08
      4.086      0.085     -0.195     -0.977  4.944e+08
      4.100      0.087     -0.194     -0.977  4.924e+08
      4.114      0.090     -0.192     -0.977  4.907e+08
      4.129      0.094     -0.191     -0.977  4.899e+08
      4.143      0.097     -0.190     -0.977  4.858e+08
      4.157      0.101     -0.190     -0.977  4.825e+08
      4.171      0.105     -0.190     -0.976  4.792e+08
      4.186      0.110     -0.191     -0.975  4.771e+08
      4.200      0.113     -0.192     -0.975  4.734e+08
      4.214      0.117     -0.194     -0.974  4.680e+08
      4.229      0.121     -0.197     -0.973  4.667e+08
      4.243      0.124     -0.199     -0.972  4.645e+08
      4.257      0.126     -0.200     -0.972  4.615e+08
      4.271      0.130     -0.202     -0.971  4.588e+08
      4.286      0.133     -0.204     -0.970  4.584e+08
      4.300      0.137     -0.206     -0.969  4.560e+08
      4.314      0.139     -0.208     -0.968  4.549e+08
      4.329      0.141     -0.211     -0.967  4.533e+08
      4.343      0.142     -0.212     -0.967  4.512e+08
      4.357      0.146     -0.214     -0.966  4.499e+08
      4.371      0.148     -0.216     -0.965  4.481e+08
      4.386      0.149     -0.217     -0.965  4.486e+08
      4.400      0.152     -0.218     -0.964  4.477e+08
      4.414      0.154     -0.220     -0.963  4.462e+08
      4.429      0.153     -0.220     -0.963  4.449e+08
      4.443      0.157     -0.222     -0.962  4.446e+08
      4.457      0.159     -0.224     -0.962  4.451e+08
      4.471      0.159     -0.224     -0.961  4.423e+08
      4.486      0.161     -0.226     -0.961  4.430e+08
      4.500      0.161     -0.227     -0.960  4.427e+08
      4.514      0.162     -0.228     -0.960  4.406e+08
      4.529      0.163     -0.228     -0.960  4.422e+08
      4.543      0.165     -0.229     -0.959  4.412e+08
      4.557      0.166     -0.231     -0.959  4.413e+08
      4.571      0.167     -0.232     -0.958  4.423e+08
      4.586      0.166     -0.232     -0.958  4.394e+08
      4.600      0.167     -0.233     -0.958  4.399e+08
      4.614      0.168     -0.234     -0.958  4.396e+08
      4.629      0.168     -0.235     -0.957  4.398e+08
      4.643      0.168     -0.236     -0.957  4.383e+08
      4.657      0.168     -0.236     -0.957  4.391e+08
      4.671      0.170     -0.236     -0.957  4.398e+08
      4.686      0.172     -0.237     -0.956  4.397e+08
      4.700      0.171     -0.238     -0.956  4.393e+08
      4.714      0.172     -0.239     -0.956  4.377e+08
      4.729      0.172     -0.239     -0.956  4.391e+08
      4.743      0.173     -0.239     -0.955  4.380e+08
      4.757      0.173     -0.240     -0.955  4.378e+08
      4.771      0.174     -0.239     -0.955  4.388e+08
      4.786      0.174     -0.240     -0.955  4.399e+08
      4.800      0.174     -0.241     -0.955  4.397e+08
      4.814      0.175     -0.242     -0.954  4.395e+08
      4.829      0.175     -0.241     -0.955  4.375e+08
      4.843      0.177     -0.242     -0.954  4.384e+08
      4.857      0.178     -0.240     -0.954  4.394e+08
      4.871      0.177     -0.242     -0.954  4.390e+08
      4.886      0.179     -0.242     -0.954  4.377e+08
      4.900      0.179     -0.241     -0.954  4.390e+08
      4.914      0.179     -0.243     -0.953  4.367e+08
      4.929      0.182     -0.242     -0.953  4.386e+08
      4.943      0.181     -0.242     -0.953  4.376e+08
      4.957      0.183     -0.243     -0.953  4.375e+08
      4.971      0.186     -0.244     -0.952  4.394e+08
      4.986      0.186     -0.245     -0.952  4.377e+08
      5.000      0.187     -0.245     -0.951  4.393e+08
      5.014      0.187     -0.246     -0.951  4.392e+08
      5.029      0.187     -0.246     -0.951  4.377e+08
      5.043      0.190     -0.247     -0.950  4.400e+08
      5.057      0.189     -0.249     -0.950  4.368e+08
      5.071      0.190     -0.250     -0.949  4.393e+08
      5.086      0.190     -0.250     -0.949  4.385e+08
      5.100      0.190     -0.251     -0.949  4.384e+08
      5.114      0.191     -0.252     -0.949  4.393e+08
      5.129      0.191     -0.253     -0.948  4.385e+08
      5.143      0.192     -0.254     -0.948  4.387e+08
      5.157      0.192     -0.256     -0.947  4.382e+08
      5.171      0.193     -0.260     -0.946  4.392e+08
      5.186      0.191     -0.262     -0.946  4.375e+08
      5.200      0.189     -0.265     -0.946  4.376e+08
      5.214      0.184     -0.268     -0.946  4.377e+08
      5.229      0.181     -0.271     -0.945  4.373e+08
      5.243      0.176     -0.273     -0.946  4.400e+08
      5.257      0.172     -0.275     -0.946  4.382e+08
      5.271      0.168     -0.275     -0.946  4.398e+08
      5.286      0.166     -0.275     -0.947  4.393e+08
      5.300      0.169     -0.278     -0.946  4.412e+08
      5.314      0.176     -0.281     -0.943  4.419e+08
      5.329      0.177     -0.285     -0.942  4.407e+08
      5.343      0.180     -0.288     -0.940  4.409e+08
      5.357      0.183     -0.292     -0.939  4.399e+08
      5.371      0.187     -0.293     -0.938  4.414e+08
      5.386      0.191     -0.297     -0.936  4.414e+08
      5.400      0.193     -0.298     -0.935  4.411e+08
      5.414      0.196     -0.302     -0.933  4.421e+08
      5.429      0.198     -0.304     -0.932  4.413e+08
      5.443      0.200     -0.306     -0.931  4.421e+08
      5.457      0.205     -0.309     -0.929  4.405e+08
      5.471      0.207     -0.310     -0.928  4.409e+08
      5.486      0.210     -0.312     -0.927  4.417e+08
      5.500      0.211     -0.314     -0.926  4.410e+08
      5.514      0.213     -0.316     -0.924  4.402e+08
      5.529      0.217     -0.319     -0.923  4.399e+08
      5.543      0.220     -0.320     -0.922  4.408e+08
      5.557      0.226     -0.322     -0.919  4.412e+08
      5.571      0.228     -0.326     -0.918  4.413e+08
      5.586      0.232     -0.329     -0.915  4.396e+08
      5.600      0.237     -0.333     -0.913  4.410e+08
      5.614      0.242     -0.335     -0.911  4.404e+08
      5.629      0.246     -0.339     -0.908  4.415e+08
      5.643      0.254     -0.343     -0.905  4.401e+08
      5.657      0.259     -0.346     -0.902  4.403e+08
      5.671      0.266     -0.351     -0.898  4.399e+08
      5.686      0.272     -0.356     -0.894  4.389e+08
      5.700      0.283     -0.363     -0.888  4.397e+08
      5.714      0.291     -0.372     -0.882  4.368e+08
      5.729      0.303     -0.385     -0.872  4.342e+08
      5.743      0.314     -0.398     -0.862  4.324e+08
      5.757      0.328     -0.415     -0.848  4.291e+08
      5.771      0.344     -0.437     -0.831  4.265e+08
      5.786      0.356     -0.458     -0.814  4.208e+08
      5.800      0.371     -0.482     -0.794  4.186e+08
      5.814      0.387     -0.515     -0.765  4.175e+08
      5.829      0.404     -0.562     -0.722  4.138e+08
      5.843      0.402     -0.597     -0.694  4.094e+08
      5.857      0.421     -0.543     -0.727  4.157e+08
      5.871      0.448     -0.506     -0.737  4.323e+08
      5.886      0.458     -0.496     -0.738  4.396e+08
      5.900      0.460     -0.499     -0.734  4.409e+08
      5.914      0.462     -0.501     -0.731  4.415e+08
      5.929      0.464     -0.507     -0.727  4.340e+08
      5.943      0.464     -0.504     -0.728  4.324e+08
      5.957      0.460     -0.503     -0.732  4.281e+08
      5.971      0.458     -0.498     -0.736  4.226e+08
      5.986      0.452     -0.480     -0.752  4.197e+08
      6.000      0.443     -0.459     -0.770  4.134e+08
      6.014      0.435     -0.446     -0.782  4.099e+08
      6.029      0.424     -0.419     -0.803  4.068e+08
      6.043      0.417     -0.403     -0.815  4.040e+08
      6.057      0.409     -0.381     -0.829  4.015e+08
      6.071      0.405     -0.372     -0.835  3.995e+08
      6.086      0.395     -0.368     -0.842  3.886e+08
      6.100      0.388     -0.370     -0.844  3.798e+08
      6.114      0.389     -0.374     -0.842  3.694e+08
      6.129      0.380     -0.385     -0.841  3.533e+08
      6.143      0.371     -0.407     -0.834  3.371e+08
      6.157      0.371     -0.428     -0.824  3.254e+08
      6.171      0.370     -0.470     -0.801  3.062e+08
      6.186      0.372     -0.506     -0.779  2.934e+08
      6.200      0.370     -0.581     -0.725  2.718e+08
      6.214      0.343     -0.748     -0.568  2.396e+08
      6.229      0.145     -0.988      0.048  2.385e+08
      6.243      0.340     -0.862     -0.376  3.590e+08
      6.257      0.407     -0.662     -0.629  4.029e+08
      6.271      0.428     -0.526     -0.734  4.306e+08
      6.286      0.432     -0.434     -0.790  4.434e+08
      6.300      0.432     -0.205     -0.878  5.206e+08
      6.314      0.422     -0.340     -0.840  4.770e+08
      6.329      0.407     -0.544     -0.734  4.528e+08
      6.343      0.409     -0.498     -0.765  4.500e+08
      6.357      0.411     -0.465     -0.784  4.443e+08
      6.371      0.412     -0.444     -0.796  4.446e+08
      6.386      0.413     -0.430     -0.803  4.412e+08
      6.400      0.412     -0.440     -0.798  4.321e+08
      6.414      0.413     -0.445     -0.795  4.294e+08
      6.429      0.418     -0.467     -0.779  4.257e+08
      6.443      0.430     -0.435     -0.791  4.053e+08
      6.457      0.440     -0.453     -0.775  4.017e+08
      6.471      0.419     -0.486     -0.767  4.131e+08
      6.486      0.423     -0.485     -0.765  4.140e+08
      6.500      0.434     -0.437     -0.788  3.961e+08
      6.514      0.417     -0.473     -0.776  4.081e+08
      6.529      0.425     -0.425     -0.799  3.939e+08
      6.543      0.416     -0.421     -0.806  3.939e+08
      6.557      0.412     -0.435     -0.801  3.927e+08
      6.571      0.414     -0.449     -0.792  3.958e+08
      6.586      0.409     -0.451     -0.793  3.960e+08
      6.600      0.406     -0.445     -0.798  3.913e+08
      6.614      0.421     -0.458     -0.783  3.938e+08
      6.629      0.424     -0.463     -0.778  3.924e+08
      6.643      0.425     -0.470     -0.773  3.920e+08
      6.657      0.426     -0.467     -0.775  3.912e+08
      6.671      0.419     -0.464     -0.781  3.879e+08
      6.686      0.425     -0.471     -0.773  3.924e+08
      6.700      0.424     -0.471     -0.774  3.921e+08
      6.714      0.420     -0.469     -0.777  3.875e+08
      6.729      0.421     -0.468     -0.777  3.892e+08
      6.743      0.413     -0.471     -0.780  3.832e+08
      6.757      0.410     -0.472     -0.780  3.803e+08
      6.771      0.419     -0.466     -0.779  3.886e+08
      6.786      0.418     -0.470     -0.778  3.844e+08
      6.800      0.403     -0.467     -0.787  3.782e+08
      6.814      0.405     -0.469     -0.785  3.778e+08
      6.829      0.404     -0.467     -0.787  3.804e+08
      6.843      0.403     -0.465     -0.788  3.812e+08
      6.857      0.402     -0.466     -0.789  3.788e+08
      6.871      0.393     -0.465     -0.793  3.744e+08
      6.886      0.399     -0.462     -0.792  3.770e+08
      6.900      0.391     -0.464     -0.795  3.781e+08
      6.914      0.387     -0.469     -0.794  3.739e+08
      6.929      0.392     -0.467     -0.792  3.752e+08
      6.943      0.396     -0.458     -0.796  3.789e+08
      6.957      0.389     -0.468     -0.794  3.724e+08
      6.971      0.389     -0.464     -0.796  3.755e+08
      6.986      0.396     -0.460     -0.795  3.779e+08
      7.000      0.392     -0.465     -0.794  3.747e+08
      7.014      0.399     -0.460     -0.793  3.734e+08
      7.029      0.393     -0.464     -0.794  3.752e+08
      7.043      0.397     -0.464     -0.792  3.727e+08
      7.057      0.398     -0.463     -0.792  3.783e+08
      7.071      0.399     -0.457     -0.795  3.764e+08
      7.086      0.398     -0.459     -0.794  3.796e+08
      7.100      0.399     -0.467     -0.789  3.767e+08
      7.114      0.396     -0.468     -0.790  3.793e+08
      7.129      0.397     -0.464     -0.792  3.771e+08
      7.143      0.399     -0.469     -0.788  3.772e+08
      7.157      0.400     -0.471     -0.786  3.763e+08
      7.171      0.405     -0.470     -0.784  3.788e+08
      7.186      0.401     -0.472     -0.785  3.753e+08
      7.200      0.404     -0.471     -0.784  3.804e+08
      7.214      0.406     -0.466     -0.787  3.782e+08
      7.229      0.408     -0.467     -0.785  3.786e+08
      7.243      0.411     -0.470     -0.781  3.786e+08
      7.257      0.414     -0.473     -0.778  3.798e+08
      7.271      0.415     -0.468     -0.780  3.752e+08
      7.286      0.419     -0.465     -0.780  3.762e+08
      7.300      0.421     -0.472     -0.774  3.780e+08
      7.314      0.423     -0.470     -0.775  3.768e+08
      7.329      0.429     -0.469     -0.772  3.794e+08
      7.343      0.428     -0.466     -0.775  3.793e+08
      7.357      0.433     -0.469     -0.770  3.799e+08
      7.371      0.435     -0.462     -0.773  3.794e+08
      7.386      0.439     -0.461     -0.771  3.799e+08
      7.400      0.441     -0.460     -0.771  3.792e+08
      7.414      0.448     -0.466     -0.763  3.809e+08
      7.429      0.445     -0.459     -0.769  3.801e+08
      7.443      0.449     -0.465     -0.763  3.787e+08
      7.457      0.448     -0.464     -0.764  3.780e+08
      7.471      0.454     -0.463     -0.761  3.784e+08
      7.486      0.454     -0.464     -0.761  3.795e+08
      7.500      0.456     -0.471     -0.755  3.800e+08
      7.514      0.455     -0.474     -0.754  3.808e+08
      7.529      0.458     -0.474     -0.752  3.820e+08
      7.543      0.460     -0.478     -0.749  3.785e+08
      7.557      0.463     -0.477     -0.747  3.835e+08
      7.571      0.463     -0.481     -0.744  3.797e+08
      7.586      0.463     -0.480     -0.745  3.818e+08
      7.600      0.464     -0.481     -0.744  3.808e+08
      7.614      0.469     -0.483     -0.739  3.809e+08
      7.629      0.472     -0.479     -0.740  3.793e+08
      7.643      0.474     -0.481     -0.737  3.823e+08
      7.657      0.476     -0.484     -0.735  3.832e+08
      7.671      0.478     -0.482     -0.734  3.804e+08
      7.686      0.476     -0.484     -0.734  3.798e+08
      7.700      0.479     -0.486     -0.731  3.834e+08
      7.714      0.479     -0.487     -0.730  3.802e+08
      7.729      0.481     -0.489     -0.728  3.798e+08
      7.743      0.484     -0.490     -0.725  3.815e+08
      7.757      0.482     -0.492     -0.725  3.808e+08
      7.771      0.486     -0.491     -0.723  3.846e+08
      7.786      0.485     -0.496     -0.720  3.803e+08
      7.800      0.486     -0.499     -0.718  3.794e+08
      7.814      0.486     -0.499     -0.718  3.819e+08
      7.829      0.490     -0.498     -0.716  3.821e+08
      7.843      0.492     -0.498     -0.714  3.811e+08
      7.857      0.493     -0.501     -0.712  3.799e+08
      7.871      0.498     -0.505     -0.706  3.809e+08
      7.886      0.497     -0.497     -0.711  3.821e+08
      7.900      0.498     -0.500     -0.708  3.835e+08
      7.914      0.500     -0.497     -0.709  3.817e+08
      7.929      0.501     -0.500     -0.706  3.811e+08
      7.943      0.504     -0.501     -0.703  3.805e+08
      7.957      0.505     -0.502     -0.703  3.829e+08
      7.971      0.507     -0.502     -0.701  3.813e+08
      7.986      0.508     -0.503     -0.699  3.803e+08
      8.000      0.510     -0.503     -0.698  3.796e+08
      8.014      0.515     -0.502     -0.695  3.798e+08
      8.029      0.514     -0.506     -0.692  3.785e+08
      8.043      0.517     -0.507     -0.690  3.789e+08
      8.057      0.518     -0.509     -0.688  3.769e+08
      8.071      0.523     -0.509     -0.684  3.823e+08
      8.086      0.524     -0.511     -0.681  3.787e+08
      8.100      0.524     -0.514     -0.680  3.788e+08
      8.114      0.527     -0.513     -0.678  3.773e+08
      8.129      0.529     -0.513     -0.677  3.751e+08
      8.143      0.527     -0.512     -0.678  3.745e+08
      8.157      0.532     -0.512     -0.675  3.757e+08
      8.171      0.532     -0.516     -0.671  3.747e+08
      8.186      0.536     -0.515     -0.669  3.756e+08
      8.200      0.537     -0.515     -0.668  3.775e+08
      8.214      0.537     -0.512     -0.670  3.783e+08
      8.229      0.542     -0.511     -0.667  3.757e+08
      8.243      0.541     -0.512     -0.667  3.760e+08
      8.257      0.546     -0.511     -0.665  3.762e+08
      8.271      0.547     -0.509     -0.665  3.732e+08
      8.286      0.549     -0.511     -0.662  3.727e+08
      8.300      0.553     -0.504     -0.664  3.741e+08
      8.314      0.554     -0.505     -0.662  3.729e+08
      8.329      0.559     -0.500     -0.661  3.715e+08
      8.343      0.562     -0.501     -0.658  3.730e+08
      8.357      0.564     -0.500     -0.657  3.711e+08
      8.371      0.565     -0.500     -0.657  3.710e+08
      8.386      0.568     -0.497     -0.656  3.687e+08
      8.400      0.572     -0.496     -0.653  3.684e+08
      8.414      0.570     -0.495     -0.655  3.670e+08
      8.429      0.574     -0.490     -0.656  3.655e+08
      8.443      0.578     -0.492     -0.651  3.667e+08
      8.457      0.580     -0.493     -0.649  3.674e+08
      8.471      0.581     -0.490     -0.649  3.687e+08
      8.486      0.583     -0.492     -0.647  3.680e+08
      8.500      0.582     -0.493     -0.646  3.698e+08
      8.514      0.584     -0.494     -0.644  3.668e+08
      8.529      0.584     -0.492     -0.646  3.630e+08
      8.543      0.585     -0.495     -0.642  3.642e+08
      8.557      0.586     -0.492     -0.644  3.615e+08
      8.571      0.590     -0.490     -0.642  3.633e+08
      8.586      0.591     -0.493     -0.638  3.648e+08
      8.600      0.591     -0.491     -0.640  3.601e+08
      8.614      0.594     -0.491     -0.637  3.629e+08
      8.629      0.595     -0.491     -0.636  3.617e+08
      8.643      0.596     -0.489     -0.637  3.620e+08
      8.657      0.595     -0.492     -0.635  3.597e+08
      8.671      0.598     -0.490     -0.634  3.612e+08
      8.686      0.600     -0.490     -0.632  3.623e+08
      8.700      0.598     -0.493     -0.632  3.610e+08
      8.714      0.600     -0.490     -0.633  3.610e+08
      8.729      0.602     -0.491     -0.630  3.617e+08
      8.743      0.602     -0.487     -0.632  3.610e+08
      8.757      0.604     -0.490     -0.629  3.593e+08
      8.771      0.602     -0.493     -0.628  3.591e+08
      8.786      0.600     -0.491     -0.631  3.571e+08
      8.800      0.604     -0.493     -0.626  3.589e+08
      8.814      0.606     -0.486     -0.630  3.608e+08
      8.829      0.604     -0.492     -0.627  3.604e+08
      8.843      0.605     -0.493     -0.626  3.575e+08
      8.857      0.606     -0.489     -0.627  3.597e+08
      8.871      0.608     -0.494     -0.621  3.559e+08
      8.886      0.608     -0.492     -0.624  3.573e+08
      8.900      0.607     -0.494     -0.623  3.575e+08
      8.914      0.607     -0.492     -0.624  3.549e+08
      8.929      0.606     -0.491     -0.625  3.567e+08
      8.943      0.608     -0.492     -0.624  3.561e+08
      8.957      0.608     -0.490     -0.624  3.562e+08
      8.971      0.612     -0.489     -0.621  3.570e+08
      8.986      0.610     -0.491     -0.622  3.584e+08
      9.000      0.613     -0.486     -0.623  3.546e+08
      9.014      0.611     -0.490     -0.621  3.559e+08
      9.029      0.615     -0.486     -0.621  3.583e+08
      9.043      0.615     -0.484     -0.623  3.562e+08
      9.057      0.617     -0.482     -0.622  3.567e+08
      9.071      0.618     -0.481     -0.622  3.581e+08
      9.086      0.617     -0.481     -0.623  3.559e+08
      9.100      0.618     -0.481     -0.622  3.573e+08
      9.114      0.620     -0.480     -0.621  3.553e+08
      9.129      0.620     -0.481     -0.620  3.543e+08
      9.143      0.625     -0.476     -0.619  3.577e+08
      9.157      0.624     -0.480     -0.617  3.539e+08
      9.171      0.625     -0.475     -0.619  3.577e+08
      9.186      0.626     -0.477     -0.617  3.556e+08
      9.200      0.628     -0.471     -0.620  3.577e+08
      9.214      0.630     -0.472     -0.617  3.568e+08
      9.229      0.630     -0.468     -0.620  3.561e+08
      9.243      0.633     -0.467     -0.617  3.551e+08
      9.257      0.633     -0.467     -0.617  3.595e+08
      9.271      0.633     -0.469     -0.616  3.577e+08
      9.286      0.636     -0.468     -0.614  3.602e+08
      9.300      0.636     -0.463     -0.617  3.544e+08
      9.314      0.639     -0.463     -0.615  3.533e+08
      9.329      0.640     -0.464     -0.613  3.571e+08
      9.343      0.641     -0.463     -0.613  3.579e+08
      9.357      0.642     -0.459     -0.615  3.546e+08
      9.371      0.643     -0.459     -0.613  3.596e+08
      9.386      0.646     -0.458     -0.611  3.570e+08
      9.400      0.649     -0.454     -0.611  3.534e+08
      9.414      0.648     -0.453     -0.612  3.536e+08
      9.429      0.653     -0.452     -0.608  3.610e+08
      9.443      0.652     -0.455     -0.606  3.544e+08
      9.457      0.654     -0.449     -0.610  3.540e+08
      9.471      0.657     -0.450     -0.605  3.577e+08
      9.486      0.659     -0.448     -0.604  3.581e+08
      9.500      0.660     -0.447     -0.604  3.536e+08
      9.514      0.663     -0.447     -0.601  3.569e+08
      9.529      0.663     -0.444     -0.602  3.565e+08
      9.543      0.664     -0.442     -0.603  3.570e+08
      9.557      0.664     -0.448     -0.599  3.503e+08
      9.571      0.668     -0.444     -0.597  3.538e+08
      9.586      0.669     -0.447     -0.594  3.538e+08
      9.600      0.669     -0.446     -0.594  3.550e+08
      9.614      0.671     -0.449     -0.591  3.514e+08
      9.629      0.670     -0.448     -0.592  3.511e+08
      9.643      0.673     -0.445     -0.591  3.537e+08
      9.657      0.673     -0.446     -0.590  3.521e+08
      9.671      0.673     -0.446     -0.590  3.493e+08
      9.686      0.675     -0.445     -0.588  3.508e+08
      9.700      0.677     -0.440     -0.590  3.496e+08
      9.714      0.680     -0.447     -0.582  3.522e+08
      9.729      0.679     -0.447     -0.583  3.503e+08
      9.743      0.680     -0.446     -0.582  3.490e+08
      9.757      0.681     -0.444     -0.582  3.487e+08
      9.771      0.685     -0.442     -0.579  3.520e+08
      9.786      0.686     -0.442     -0.578  3.493e+08
      9.800      0.687     -0.444     -0.575  3.555e+08
      9.814      0.688     -0.437     -0.579  3.509e+08
      9.829      0.689     -0.441     -0.576  3.478e+08
      9.843      0.689     -0.442     -0.574  3.510e+08
      9.857      0.692     -0.440     -0.572  3.489e+08
      9.871      0.692     -0.440     -0.572  3.475e+08
      9.886      0.694     -0.440     -0.570  3.508e+08
      9.900      0.695     -0.438     -0.570  3.481e+08
      9.914      0.698     -0.434     -0.569  3.527e+08
      9.929      0.700     -0.432     -0.569  3.505e+08
      9.943      0.700     -0.434     -0.567  3.492e+08
      9.957      0.700     -0.436     -0.566  3.480e+08
      9.971      0.701     -0.435     -0.564  3.446e+08
      9.986      0.705     -0.428     -0.565  3.496e+08
     10.000      0.705     -0.433     -0.562  3.494e+08
     10.014      0.706     -0.431     -0.561  3.473e+08
     10.029      0.704     -0.428     -0.567  3.472e+08
     10.043      0.711     -0.430     -0.557  3.488e+08
     10.057      0.711     -0.426     -0.560  3.490e+08
     10.071      0.710     -0.429     -0.558  3.495e+08
     10.086      0.715     -0.423     -0.557  3.472e+08
     10.100      0.716     -0.426     -0.553  3.507e+08
     10.114      0.715     -0.425     -0.555  3.507e+08
     10.129      0.717     -0.424     -0.553  3.493e+08
     10.143      0.720     -0.421     -0.551  3.463e+08
     10.157      0.721     -0.417     -0.554  3.479e+08
     10.171      0.719     -0.419     -0.555  3.490e+08
     10.186      0.724     -0.419     -0.548  3.501e+08
     10.200      0.723     -0.418     -0.550  3.494e+08
     10.214      0.728     -0.416     -0.545  3.504e+08
     10.229      0.728     -0.413     -0.547  3.461e+08
     10.243      0.729     -0.417     -0.543  3.476e+08
     10.257      0.731     -0.412     -0.545  3.476e+08
     10.271      0.733     -0.413     -0.541  3.480e+08
     10.286      0.732     -0.412     -0.542  3.464e+08
     10.300      0.734     -0.411     -0.541  3.456e+08
     10.314      0.735     -0.411     -0.540  3.481e+08
     10.329      0.738     -0.409     -0.536  3.467e+08
     10.343      0.738     -0.405     -0.539  3.479e+08
     10.357      0.743     -0.406     -0.533  3.481e+08
     10.371      0.743     -0.408     -0.531  3.459e+08
     10.386      0.745     -0.405     -0.530  3.457e+08
     10.400      0.746     -0.405     -0.530  3.459e+08
     10.414      0.748     -0.401     -0.529  3.472e+08
     10.429      0.749     -0.400     -0.528  3.449e+08
     10.443      0.752     -0.398     -0.526  3.467e+08
     10.457      0.751     -0.400     -0.525  3.463e+08
     10.471      0.754     -0.395     -0.525  3.493e+08
     10.486      0.753     -0.399     -0.523  3.469e+08
     10.500      0.753     -0.399     -0.523  3.474e+08
     10.514      0.756     -0.396     -0.521  3.456e+08
     10.529      0.756     -0.394     -0.522  3.464e+08
     10.543      0.758     -0.392     -0.522  3.463e+08
     10.557      0.758     -0.387     -0.524  3.492e+08
     10.571      0.760     -0.387     -0.523  3.442e+08
     10.586      0.762     -0.384     -0.521  3.459e+08
     10.600      0.763     -0.383     -0.521  3.445e+08
     10.614      0.767     -0.375     -0.521  3.465e+08
     10.629      0.764     -0.377     -0.524  3.478e+08
     10.643      0.767     -0.373     -0.522  3.480e+08
     10.657      0.770     -0.369     -0.521  3.501e+08
     10.671      0.772     -0.367     -0.520  3.449e+08
     10.686      0.771     -0.367     -0.520  3.459e+08
     10.700      0.773     -0.365     -0.519  3.473e+08
     10.714      0.773     -0.364     -0.519  3.447e+08
     10.729      0.775     -0.363     -0.517  3.406e+08
     10.743      0.776     -0.360     -0.517  3.417e+08
     10.757      0.776     -0.357     -0.520  3.452e+08
     10.771      0.777     -0.360     -0.516  3.408e+08
     10.786      0.779     -0.358     -0.515  3.426e+08
     10.800      0.778     -0.360     -0.514  3.430e+08
     10.814      0.781     -0.354     -0.514  3.414e+08
     10.829      0.782     -0.355     -0.512  3.392e+08
     10.843      0.782     -0.359     -0.510  3.396e+08
     10.857      0.781     -0.354     -0.514  3.373e+08
     10.871      0.783     -0.352     -0.513  3.373e+08
     10.886      0.784     -0.353     -0.511  3.386e+08
     10.900      0.787     -0.353     -0.506  3.388e+08
     10.914      0.786     -0.354     -0.507  3.342e+08
     10.929      0.788     -0.347     -0.508  3.369e+08
     10.943      0.788     -0.349     -0.507  3.346e+08
     10.957      0.790     -0.343     -0.508  3.346e+08
     10.971      0.789     -0.341     -0.511  3.331e+08
     10.986      0.792     -0.340     -0.506  3.354e+08
     11.000      0.793     -0.338     -0.506  3.348e+08
     11.014      0.793     -0.341     -0.505  3.324e+08
     11.029      0.795     -0.337     -0.505  3.333e+08
     11.043      0.793     -0.332     -0.511  3.319e+08
     11.057      0.795     -0.331     -0.509  3.304e+08
     11.071      0.799     -0.328     -0.505  3.332e+08
     11.086      0.797     -0.331     -0.505  3.319e+08
     11.100      0.798     -0.327     -0.506  3.292e+08
     11.114      0.801     -0.324     -0.503  3.319e+08
     11.129      0.800     -0.320     -0.507  3.329e+08
     11.143      0.802     -0.320     -0.505  3.325e+08
     11.157      0.805     -0.315     -0.503  3.296e+08
     11.171      0.806     -0.315     -0.502  3.290e+08
     11.186      0.805     -0.320     -0.499  3.295e+08
     11.200      0.806     -0.310     -0.504  3.292e+08
     11.214      0.808     -0.313     -0.500  3.345e+08
     11.229      0.809     -0.309     -0.500  3.316e+08
     11.243      0.808     -0.309     -0.502  3.268e+08
     11.257      0.809     -0.310     -0.499  3.300e+08
     11.271      0.813     -0.307     -0.495  3.291e+08
     11.286      0.813     -0.303     -0.497  3.317e+08
     11.300      0.814     -0.306     -0.494  3.304e+08
     11.314      0.814     -0.304     -0.495  3.281e+08
     11.329      0.816     -0.304     -0.491  3.301e+08
     11.343      0.818     -0.296     -0.494  3.284e+08
     11.357      0.817     -0.297     -0.494  3.276e+08
     11.371      0.820     -0.299     -0.489  3.282e+08
     11.386      0.820     -0.294     -0.490  3.283e+08
     11.400      0.821     -0.288     -0.493  3.262e+08
     11.414      0.823     -0.289     -0.489  3.292e+08
     11.429      0.822     -0.283     -0.494  3.274e+08
     11.443      0.825     -0.287     -0.487  3.306e+08
