#         t      x_hat      y_hat      z_hat      L_mag
      0.000     -0.414     -0.767     -0.489  1.344e+09
      0.014     -0.415     -0.767     -0.489  1.342e+09
      0.029     -0.414     -0.767     -0.489  1.346e+09
      0.043     -0.414     -0.767     -0.489  1.339e+09
      0.057     -0.414     -0.767     -0.490  1.342e+09
      0.071     -0.414     -0.767     -0.490  1.338e+09
      0.086     -0.414     -0.767     -0.491  1.339e+09
      0.100     -0.414     -0.767     -0.491  1.342e+09
      0.114     -0.414     -0.767     -0.491  1.337e+09
      0.129     -0.414     -0.767     -0.491  1.334e+09
      0.143     -0.414     -0.767     -0.491  1.338e+09
      0.157     -0.414     -0.767     -0.491  1.339e+09
      0.171     -0.414     -0.766     -0.491  1.340e+09
      0.186     -0.414     -0.766     -0.491  1.338e+09
      0.200     -0.415     -0.766     -0.491  1.336e+09
      0.214     -0.415     -0.766     -0.492  1.339e+09
      0.229     -0.415     -0.765     -0.492  1.338e+09
      0.243     -0.414     -0.765     -0.493  1.336e+09
      0.257     -0.414     -0.765     -0.493  1.333e+09
      0.271     -0.414     -0.765     -0.493  1.340e+09
      0.286     -0.414     -0.765     -0.494  1.339e+09
      0.300     -0.414     -0.764     -0.494  1.337e+09
      0.314     -0.414     -0.764     -0.494  1.341e+09
      0.329     -0.415     -0.764     -0.494  1.339e+09
      0.343     -0.414     -0.764     -0.495  1.337e+09
      0.357     -0.414     -0.764     -0.495  1.336e+09
      0.371     -0.414     -0.764     -0.495  1.338e+09
      0.386     -0.415     -0.763     -0.495  1.333e+09
      0.400     -0.415     -0.763     -0.495  1.333e+09
      0.414     -0.416     -0.763     -0.495  1.334e+09
      0.429     -0.416     -0.763     -0.495  1.335e+09
      0.443     -0.417     -0.763     -0.495  1.338e+09
      0.457     -0.416     -0.763     -0.494  1.339e+09
      0.471     -0.417     -0.763     -0.494  1.337e+09
      0.486     -0.417     -0.763     -0.494  1.338e+09
      0.500     -0.417     -0.763     -0.493  1.335e+09
      0.514     -0.417     -0.763     -0.494  1.337e+09
      0.529     -0.417     -0.763     -0.493  1.335e+09
      0.543     -0.417     -0.763     -0.494  1.335e+09
      0.557     -0.418     -0.763     -0.493  1.335e+09
      0.571     -0.417     -0.763     -0.493  1.333e+09
      0.586     -0.418     -0.764     -0.493  1.337e+09
      0.600     -0.417     -0.764     -0.492  1.332e+09
      0.614     -0.418     -0.764     -0.492  1.332e+09
      0.629     -0.418     -0.764     -0.492  1.334e+09
      0.643     -0.418     -0.764     -0.491  1.333e+09
      0.657     -0.418     -0.765     -0.490  1.334e+09
      0.671     -0.418     -0.765     -0.490  1.336e+09
      0.686     -0.418     -0.765     -0.489  1.333e+09
      0.700     -0.418     -0.766     -0.489  1.332e+09
      0.714     -0.418     -0.766     -0.489  1.330e+09
      0.729     -0.417     -0.766     -0.489  1.330e+09
      0.743     -0.417     -0.766     -0.489  1.334e+09
      0.757     -0.417     -0.766     -0.490  1.333e+09
      0.771     -0.417     -0.766     -0.490  1.334e+09
      0.786     -0.417     -0.766     -0.490  1.332e+09
      0.800     -0.417     -0.765     -0.490  1.332e+09
      0.814     -0.417     -0.765     -0.491  1.330e+09
      0.829     -0.417     -0.765     -0.491  1.329e+09
      0.843     -0.416     -0.765     -0.492  1.333e+09
      0.857     -0.416     -0.764     -0.492  1.334e+09
      0.871     -0.416     -0.764     -0.493  1.333e+09
      0.886     -0.415     -0.764     -0.494  1.329e+09
      0.900     -0.415     -0.764     -0.494  1.330e+09
      0.914     -0.415     -0.763     -0.496  1.329e+09
      0.929     -0.414     -0.763     -0.497  1.326e+09
      0.943     -0.413     -0.763     -0.498  1.330e+09
      0.957     -0.412     -0.762     -0.499  1.329e+09
      0.971     -0.412     -0.762     -0.500  1.329e+09
      0.986     -0.412     -0.761     -0.501  1.329e+09
      1.000     -0.412     -0.760     -0.502  1.329e+09
      1.014     -0.412     -0.760     -0.503  1.329e+09
      1.029     -0.412     -0.760     -0.504  1.329e+09
      1.043     -0.411     -0.759     -0.504  1.325e+09
      1.057     -0.411     -0.759     -0.505  1.328e+09
      1.071     -0.411     -0.758     -0.506  1.327e+09
      1.086     -0.411     -0.758     -0.507  1.328e+09
      1.100     -0.410     -0.758     -0.507  1.325e+09
      1.114     -0.410     -0.757     -0.509  1.326e+09
      1.129     -0.410     -0.757     -0.509  1.325e+09
      1.143     -0.410     -0.757     -0.509  1.325e+09
      1.157     -0.410     -0.756     -0.510  1.324e+09
      1.171     -0.409     -0.756     -0.510  1.325e+09
      1.186     -0.409     -0.756     -0.511  1.325e+09
      1.200     -0.410     -0.756     -0.511  1.326e+09
      1.214     -0.409     -0.755     -0.512  1.326e+09
      1.229     -0.410     -0.755     -0.512  1.325e+09
      1.243     -0.409     -0.755     -0.512  1.325e+09
      1.257     -0.410     -0.755     -0.512  1.326e+09
      1.271     -0.410     -0.754     -0.513  1.327e+09
      1.286     -0.409     -0.754     -0.513  1.325e+09
      1.300     -0.409     -0.754     -0.514  1.327e+09
      1.314     -0.409     -0.754     -0.514  1.323e+09
      1.329     -0.410     -0.753     -0.515  1.322e+09
      1.343     -0.409     -0.753     -0.515  1.326e+09
      1.357     -0.410     -0.753     -0.515  1.326e+09
      1.371     -0.410     -0.753     -0.515  1.321e+09
      1.386     -0.410     -0.753     -0.515  1.325e+09
      1.400     -0.410     -0.753     -0.515  1.324e+09
      1.414     -0.410     -0.753     -0.515  1.323e+09
      1.429     -0.410     -0.753     -0.515  1.323e+09
      1.443     -0.411     -0.753     -0.515  1.323e+09
      1.457     -0.410     -0.753     -0.515  1.322e+09
      1.471     -0.410     -0.753     -0.515  1.325e+09
      1.486     -0.410     -0.752     -0.515  1.324e+09
      1.500     -0.410     -0.753     -0.515  1.322e+09
      1.514     -0.411     -0.752     -0.515  1.322e+09
      1.529     -0.411     -0.752     -0.515  1.324e+09
      1.543     -0.411     -0.752     -0.516  1.324e+09
      1.557     -0.410     -0.752     -0.515  1.322e+09
      1.571     -0.410     -0.752     -0.516  1.323e+09
      1.586     -0.410     -0.752     -0.516  1.324e+09
      1.600     -0.410     -0.752     -0.516  1.323e+09
      1.614     -0.410     -0.752     -0.516  1.322e+09
      1.629     -0.410     -0.752     -0.515  1.322e+09
      1.643     -0.410     -0.752     -0.516  1.324e+09
      1.657     -0.411     -0.751     -0.516  1.323e+09
      1.671     -0.411     -0.751     -0.516  1.322e+09
      1.686     -0.411     -0.751     -0.516  1.320e+09
      1.700     -0.411     -0.751     -0.516  1.326e+09
      1.714     -0.412     -0.751     -0.516  1.324e+09
      1.729     -0.411     -0.752     -0.516  1.322e+09
      1.743     -0.411     -0.751     -0.516  1.322e+09
      1.757     -0.412     -0.751     -0.516  1.323e+09
      1.771     -0.411     -0.752     -0.516  1.324e+09
      1.786     -0.411     -0.752     -0.516  1.322e+09
      1.800     -0.411     -0.752     -0.515  1.323e+09
      1.814     -0.411     -0.752     -0.515  1.319e+09
      1.829     -0.412     -0.752     -0.515  1.324e+09
      1.843     -0.412     -0.752     -0.515  1.322e+09
      1.857     -0.413     -0.752     -0.515  1.322e+09
      1.871     -0.413     -0.751     -0.515  1.321e+09
      1.886     -0.413     -0.751     -0.515  1.320e+09
      1.900     -0.413     -0.751     -0.515  1.321e+09
      1.914     -0.413     -0.751     -0.515  1.321e+09
      1.929     -0.414     -0.751     -0.515  1.321e+09
      1.943     -0.414     -0.750     -0.515  1.323e+09
      1.957     -0.414     -0.751     -0.515  1.319e+09
      1.971     -0.414     -0.750     -0.516  1.321e+09
      1.986     -0.413     -0.751     -0.516  1.319e+09
      2.000     -0.414     -0.751     -0.515  1.321e+09
      2.014     -0.414     -0.750     -0.515  1.322e+09
      2.029     -0.414     -0.750     -0.515  1.320e+09
      2.043     -0.415     -0.750     -0.515  1.321e+09
      2.057     -0.415     -0.750     -0.515  1.322e+09
      2.071     -0.415     -0.750     -0.515  1.321e+09
      2.086     -0.415     -0.750     -0.515  1.322e+09
      2.100     -0.415     -0.750     -0.515  1.319e+09
      2.114     -0.415     -0.750     -0.515  1.321e+09
      2.129     -0.415     -0.750     -0.514  1.319e+09
      2.143     -0.415     -0.750     -0.515  1.319e+09
      2.157     -0.415     -0.751     -0.515  1.320e+09
      2.171     -0.414     -0.751     -0.514  1.319e+09
      2.186     -0.414     -0.751     -0.515  1.320e+09
      2.200     -0.414     -0.751     -0.514  1.315e+09
      2.214     -0.414     -0.751     -0.514  1.320e+09
      2.229     -0.415     -0.751     -0.514  1.321e+09
      2.243     -0.414     -0.751     -0.514  1.316e+09
      2.257     -0.414     -0.752     -0.513  1.319e+09
      2.271     -0.414     -0.751     -0.513  1.318e+09
      2.286     -0.414     -0.752     -0.513  1.318e+09
      2.300     -0.414     -0.751     -0.514  1.318e+09
      2.314     -0.415     -0.751     -0.514  1.319e+09
      2.329     -0.414     -0.751     -0.514  1.319e+09
      2.343     -0.414     -0.751     -0.514  1.315e+09
      2.357     -0.414     -0.751     -0.514  1.315e+09
      2.371     -0.414     -0.751     -0.514  1.314e+09
      2.386     -0.415     -0.751     -0.514  1.316e+09
      2.400     -0.414     -0.751     -0.515  1.315e+09
      2.414     -0.414     -0.751     -0.515  1.317e+09
      2.429     -0.414     -0.751     -0.515  1.312e+09
      2.443     -0.414     -0.750     -0.515  1.317e+09
      2.457     -0.414     -0.750     -0.515  1.313e+09
      2.471     -0.414     -0.750     -0.516  1.316e+09
      2.486     -0.415     -0.750     -0.516  1.315e+09
      2.500     -0.415     -0.750     -0.515  1.312e+09
      2.514     -0.415     -0.750     -0.515  1.317e+09
      2.529     -0.415     -0.750     -0.516  1.314e+09
      2.543     -0.415     -0.750     -0.515  1.315e+09
      2.557     -0.415     -0.749     -0.516  1.316e+09
      2.571     -0.415     -0.750     -0.515  1.315e+09
      2.586     -0.416     -0.749     -0.515  1.314e+09
      2.600     -0.416     -0.749     -0.515  1.314e+09
      2.614     -0.416     -0.749     -0.515  1.313e+09
      2.629     -0.416     -0.749     -0.516  1.316e+09
      2.643     -0.416     -0.749     -0.516  1.313e+09
      2.657     -0.416     -0.749     -0.516  1.311e+09
      2.671     -0.415     -0.749     -0.516  1.311e+09
      2.686     -0.416     -0.749     -0.516  1.311e+09
      2.700     -0.416     -0.749     -0.516  1.310e+09
      2.714     -0.416     -0.749     -0.516  1.310e+09
      2.729     -0.416     -0.749     -0.516  1.312e+09
      2.743     -0.417     -0.749     -0.516  1.309e+09
      2.757     -0.416     -0.749     -0.516  1.315e+09
      2.771     -0.416     -0.749     -0.516  1.312e+09
      2.786     -0.416     -0.748     -0.516  1.313e+09
      2.800     -0.416     -0.748     -0.517  1.312e+09
      2.814     -0.416     -0.748     -0.517  1.311e+09
      2.829     -0.416     -0.748     -0.517  1.314e+09
      2.843     -0.416     -0.748     -0.517  1.311e+09
      2.857     -0.416     -0.748     -0.518  1.314e+09
      2.871     -0.416     -0.748     -0.518  1.311e+09
      2.886     -0.416     -0.748     -0.518  1.308e+09
      2.900     -0.416     -0.748     -0.518  1.312e+09
      2.914     -0.416     -0.748     -0.518  1.313e+09
      2.929     -0.415     -0.748     -0.518  1.311e+09
      2.943     -0.415     -0.748     -0.518  1.311e+09
      2.957     -0.415     -0.748     -0.518  1.307e+09
      2.971     -0.415     -0.748     -0.518  1.310e+09
      2.986     -0.415     -0.748     -0.517  1.311e+09
      3.000     -0.416     -0.748     -0.517  1.309e+09
      3.014     -0.415     -0.749     -0.517  1.308e+09
      3.029     -0.416     -0.749     -0.517  1.308e+09
      3.043     -0.415     -0.748     -0.517  1.305e+09
      3.057     -0.415     -0.749     -0.517  1.308e+09
      3.071     -0.415     -0.749     -0.517  1.310e+09
      3.086     -0.414     -0.749     -0.517  1.308e+09
      3.100     -0.414     -0.749     -0.518  1.311e+09
      3.114     -0.414     -0.749     -0.518  1.307e+09
      3.129     -0.414     -0.749     -0.518  1.309e+09
      3.143     -0.414     -0.749     -0.518  1.308e+09
      3.157     -0.414     -0.748     -0.518  1.305e+09
      3.171     -0.414     -0.748     -0.519  1.308e+09
      3.186     -0.413     -0.748     -0.519  1.307e+09
      3.200     -0.413     -0.748     -0.519  1.308e+09
      3.214     -0.413     -0.748     -0.520  1.306e+09
      3.229     -0.413     -0.748     -0.520  1.308e+09
      3.243     -0.413     -0.748     -0.520  1.308e+09
      3.257     -0.412     -0.748     -0.521  1.305e+09
      3.271     -0.411     -0.748     -0.521  1.304e+09
      3.286     -0.411     -0.748     -0.521  1.305e+09
      3.300     -0.410     -0.748     -0.522  1.304e+09
      3.314     -0.410     -0.748     -0.522  1.305e+09
      3.329     -0.410     -0.748     -0.523  1.303e+09
      3.343     -0.409     -0.748     -0.523  1.304e+09
      3.357     -0.409     -0.747     -0.524  1.307e+09
      3.371     -0.408     -0.747     -0.524  1.306e+09
      3.386     -0.407     -0.748     -0.524  1.303e+09
      3.400     -0.407     -0.747     -0.525  1.305e+09
      3.414     -0.406     -0.747     -0.526  1.301e+09
      3.429     -0.406     -0.747     -0.526  1.301e+09
      3.443     -0.405     -0.747     -0.526  1.304e+09
      3.457     -0.405     -0.748     -0.527  1.302e+09
      3.471     -0.404     -0.747     -0.527  1.305e+09
      3.486     -0.404     -0.748     -0.527  1.302e+09
      3.500     -0.404     -0.747     -0.528  1.304e+09
      3.514     -0.403     -0.747     -0.528  1.302e+09
      3.529     -0.402     -0.747     -0.529  1.303e+09
      3.543     -0.401     -0.747     -0.530  1.300e+09
      3.557     -0.400     -0.747     -0.531  1.302e+09
      3.571     -0.399     -0.747     -0.532  1.299e+09
      3.586     -0.398     -0.747     -0.533  1.304e+09
      3.600     -0.397     -0.747     -0.533  1.302e+09
      3.614     -0.396     -0.746     -0.535  1.303e+09
      3.629     -0.395     -0.746     -0.536  1.299e+09
      3.643     -0.394     -0.745     -0.538  1.301e+09
      3.657     -0.393     -0.745     -0.539  1.301e+09
      3.671     -0.391     -0.745     -0.540  1.296e+09
      3.686     -0.391     -0.745     -0.541  1.299e+09
      3.700     -0.389     -0.744     -0.543  1.296e+09
      3.714     -0.388     -0.744     -0.544  1.299e+09
      3.729     -0.385     -0.744     -0.546  1.298e+09
      3.743     -0.383     -0.744     -0.548  1.296e+09
      3.757     -0.380     -0.743     -0.551  1.296e+09
      3.771     -0.376     -0.743     -0.553  1.299e+09
      3.786     -0.373     -0.743     -0.556  1.298e+09
      3.800     -0.371     -0.742     -0.559  1.297e+09
      3.814     -0.368     -0.741     -0.562  1.298e+09
      3.829     -0.365     -0.740     -0.565  1.296e+09
      3.843     -0.361     -0.739     -0.569  1.300e+09
      3.857     -0.359     -0.737     -0.572  1.296e+09
      3.871     -0.356     -0.737     -0.575  1.296e+09
      3.886     -0.353     -0.736     -0.578  1.296e+09
      3.900     -0.352     -0.735     -0.579  1.294e+09
      3.914     -0.353     -0.735     -0.579  1.295e+09
      3.929     -0.356     -0.735     -0.577  1.295e+09
      3.943     -0.363     -0.735     -0.572  1.291e+09
      3.957     -0.373     -0.736     -0.565  1.291e+09
      3.971     -0.384     -0.736     -0.557  1.287e+09
      3.986     -0.393     -0.737     -0.551  1.286e+09
      4.000     -0.396     -0.737     -0.548  1.283e+09
      4.014     -0.394     -0.736     -0.550  1.276e+09
      4.029     -0.389     -0.736     -0.554  1.267e+09
      4.043     -0.383     -0.735     -0.560  1.262e+09
      4.057     -0.375     -0.735     -0.565  1.258e+09
      4.071     -0.368     -0.735     -0.570  1.255e+09
      4.086     -0.361     -0.735     -0.574  1.249e+09
      4.100     -0.354     -0.735     -0.578  1.242e+09
      4.114     -0.348     -0.736     -0.581  1.241e+09
      4.129     -0.341     -0.736     -0.584  1.236e+09
      4.143     -0.332     -0.739     -0.586  1.242e+09
      4.157     -0.327     -0.740     -0.588  1.236e+09
      4.171     -0.322     -0.741     -0.590  1.231e+09
      4.186     -0.317     -0.741     -0.592  1.229e+09
      4.200     -0.313     -0.742     -0.593  1.226e+09
      4.214     -0.308     -0.743     -0.593  1.225e+09
      4.229     -0.304     -0.745     -0.594  1.226e+09
      4.243     -0.301     -0.746     -0.594  1.221e+09
      4.257     -0.299     -0.748     -0.593  1.220e+09
      4.271     -0.296     -0.749     -0.593  1.219e+09
      4.286     -0.292     -0.750     -0.593  1.222e+09
      4.300     -0.289     -0.752     -0.593  1.219e+09
      4.314     -0.287     -0.753     -0.592  1.220e+09
      4.329     -0.284     -0.754     -0.592  1.218e+09
      4.343     -0.281     -0.755     -0.592  1.223e+09
      4.357     -0.280     -0.757     -0.591  1.222e+09
      4.371     -0.277     -0.757     -0.591  1.224e+09
      4.386     -0.276     -0.758     -0.591  1.227e+09
      4.400     -0.275     -0.758     -0.591  1.226e+09
      4.414     -0.273     -0.759     -0.592  1.227e+09
      4.429     -0.271     -0.759     -0.592  1.225e+09
      4.443     -0.270     -0.759     -0.592  1.227e+09
      4.457     -0.269     -0.759     -0.593  1.226e+09
      4.471     -0.267     -0.758     -0.595  1.232e+09
      4.486     -0.265     -0.759     -0.595  1.233e+09
      4.500     -0.265     -0.758     -0.596  1.232e+09
      4.514     -0.264     -0.758     -0.597  1.232e+09
      4.529     -0.262     -0.758     -0.597  1.231e+09
      4.543     -0.261     -0.757     -0.598  1.233e+09
      4.557     -0.260     -0.757     -0.600  1.234e+09
      4.571     -0.257     -0.757     -0.601  1.233e+09
      4.586     -0.256     -0.757     -0.601  1.225e+09
      4.600     -0.254     -0.757     -0.602  1.227e+09
      4.614     -0.252     -0.756     -0.603  1.224e+09
      4.629     -0.251     -0.756     -0.605  1.226e+09
      4.643     -0.250     -0.756     -0.606  1.225e+09
      4.657     -0.248     -0.756     -0.606  1.225e+09
      4.671     -0.247     -0.755     -0.607  1.227e+09
      4.686     -0.245     -0.755     -0.608  1.225e+09
      4.700     -0.243     -0.754     -0.610  1.224e+09
      4.714     -0.241     -0.754     -0.611  1.225e+09
      4.729     -0.240     -0.754     -0.611  1.225e+09
      4.743     -0.238     -0.754     -0.612  1.226e+09
      4.757     -0.237     -0.754     -0.613  1.226e+09
      4.771     -0.236     -0.754     -0.613  1.225e+09
      4.786     -0.234     -0.754     -0.614  1.224e+09
      4.800     -0.232     -0.754     -0.614  1.227e+09
      4.814     -0.231     -0.754     -0.615  1.226e+09
      4.829     -0.229     -0.754     -0.615  1.223e+09
      4.843     -0.228     -0.754     -0.616  1.225e+09
      4.857     -0.226     -0.754     -0.617  1.225e+09
      4.871     -0.225     -0.753     -0.619  1.224e+09
      4.886     -0.225     -0.753     -0.619  1.223e+09
      4.900     -0.223     -0.752     -0.620  1.225e+09
      4.914     -0.222     -0.752     -0.620  1.224e+09
      4.929     -0.221     -0.752     -0.621  1.225e+09
      4.943     -0.219     -0.753     -0.621  1.227e+09
      4.957     -0.218     -0.752     -0.622  1.224e+09
      4.971     -0.217     -0.752     -0.622  1.226e+09
      4.986     -0.216     -0.752     -0.623  1.228e+09
      5.000     -0.215     -0.752     -0.623  1.227e+09
      5.014     -0.214     -0.752     -0.624  1.227e+09
      5.029     -0.212     -0.751     -0.625  1.229e+09
      5.043     -0.211     -0.752     -0.625  1.227e+09
      5.057     -0.211     -0.751     -0.625  1.229e+09
      5.071     -0.209     -0.751     -0.626  1.227e+09
      5.086     -0.208     -0.751     -0.627  1.225e+09
      5.100     -0.207     -0.750     -0.628  1.228e+09
      5.114     -0.205     -0.751     -0.628  1.227e+09
      5.129     -0.206     -0.751     -0.628  1.226e+09
      5.143     -0.205     -0.751     -0.628  1.227e+09
      5.157     -0.203     -0.751     -0.629  1.228e+09
      5.171     -0.203     -0.751     -0.628  1.224e+09
      5.186     -0.202     -0.751     -0.629  1.223e+09
      5.200     -0.200     -0.751     -0.629  1.226e+09
      5.214     -0.200     -0.751     -0.629  1.225e+09
      5.229     -0.199     -0.751     -0.629  1.225e+09
      5.243     -0.199     -0.751     -0.629  1.224e+09
      5.257     -0.197     -0.751     -0.630  1.222e+09
      5.271     -0.197     -0.751     -0.630  1.226e+09
      5.286     -0.196     -0.751     -0.630  1.223e+09
      5.300     -0.195     -0.751     -0.631  1.225e+09
      5.314     -0.193     -0.751     -0.631  1.224e+09
      5.329     -0.193     -0.752     -0.631  1.225e+09
      5.343     -0.192     -0.752     -0.631  1.221e+09
      5.357     -0.191     -0.752     -0.631  1.223e+09
      5.371     -0.189     -0.752     -0.632  1.224e+09
      5.386     -0.189     -0.752     -0.631  1.221e+09
      5.400     -0.187     -0.752     -0.632  1.221e+09
      5.414     -0.186     -0.753     -0.631  1.222e+09
      5.429     -0.184     -0.753     -0.632  1.222e+09
      5.443     -0.183     -0.753     -0.632  1.224e+09
      5.457     -0.182     -0.753     -0.632  1.222e+09
      5.471     -0.180     -0.754     -0.632  1.223e+09
      5.486     -0.179     -0.754     -0.632  1.224e+09
      5.500     -0.177     -0.754     -0.632  1.223e+09
      5.514     -0.176     -0.755     -0.632  1.224e+09
      5.529     -0.174     -0.755     -0.632  1.222e+09
      5.543     -0.174     -0.756     -0.632  1.222e+09
      5.557     -0.171     -0.756     -0.631  1.222e+09
      5.571     -0.169     -0.757     -0.631  1.219e+09
      5.586     -0.168     -0.758     -0.631  1.219e+09
      5.600     -0.165     -0.759     -0.630  1.219e+09
      5.614     -0.162     -0.759     -0.630  1.222e+09
      5.629     -0.160     -0.761     -0.629  1.217e+09
      5.643     -0.156     -0.762     -0.628  1.221e+09
      5.657     -0.153     -0.764     -0.627  1.218e+09
      5.671     -0.150     -0.765     -0.626  1.219e+09
      5.686     -0.146     -0.767     -0.625  1.220e+09
      5.700     -0.143     -0.769     -0.623  1.221e+09
      5.714     -0.139     -0.771     -0.621  1.216e+09
      5.729     -0.135     -0.774     -0.618  1.216e+09
      5.743     -0.130     -0.778     -0.615  1.216e+09
      5.757     -0.125     -0.782     -0.611  1.218e+09
      5.771     -0.119     -0.787     -0.605  1.220e+09
      5.786     -0.114     -0.793     -0.599  1.221e+09
      5.800     -0.107     -0.802     -0.588  1.220e+09
      5.814     -0.100     -0.812     -0.575  1.222e+09
      5.829     -0.092     -0.827     -0.554  1.225e+09
      5.843     -0.083     -0.846     -0.527  1.235e+09
      5.857     -0.073     -0.824     -0.562  1.253e+09
      5.871     -0.058     -0.799     -0.598  1.258e+09
      5.886     -0.043     -0.789     -0.613  1.265e+09
      5.900     -0.033     -0.783     -0.621  1.268e+09
      5.914     -0.022     -0.783     -0.622  1.271e+09
      5.929     -0.015     -0.782     -0.623  1.273e+09
      5.943     -0.007     -0.785     -0.620  1.284e+09
      5.957      0.002     -0.787     -0.617  1.286e+09
      5.971      0.008     -0.791     -0.612  1.290e+09
      5.986      0.013     -0.794     -0.608  1.295e+09
      6.000      0.021     -0.799     -0.601  1.298e+09
      6.014      0.024     -0.805     -0.593  1.302e+09
      6.029      0.029     -0.810     -0.586  1.300e+09
      6.043      0.033     -0.816     -0.577  1.303e+09
      6.057      0.034     -0.823     -0.567  1.305e+09
      6.071      0.034     -0.828     -0.560  1.303e+09
      6.086      0.034     -0.835     -0.550  1.298e+09
      6.100      0.035     -0.840     -0.542  1.295e+09
      6.114      0.035     -0.846     -0.532  1.292e+09
      6.129      0.034     -0.853     -0.521  1.282e+09
      6.143      0.032     -0.860     -0.510  1.281e+09
      6.157      0.030     -0.867     -0.497  1.277e+09
      6.171      0.029     -0.875     -0.483  1.268e+09
      6.186      0.029     -0.885     -0.465  1.270e+09
      6.200      0.027     -0.897     -0.442  1.264e+09
      6.214      0.026     -0.914     -0.406  1.267e+09
      6.229      0.015     -0.953     -0.304  1.261e+09
      6.243      0.032     -0.927     -0.373  1.321e+09
      6.257      0.026     -0.893     -0.450  1.310e+09
      6.271      0.021     -0.866     -0.499  1.288e+09
      6.286      0.016     -0.846     -0.532  1.270e+09
      6.300      0.013     -0.826     -0.563  1.254e+09
      6.314      0.011     -0.824     -0.567  1.271e+09
      6.329      0.004     -0.858     -0.514  1.301e+09
      6.343      0.004     -0.850     -0.526  1.290e+09
      6.357      0.001     -0.846     -0.533  1.282e+09
      6.371      0.001     -0.845     -0.535  1.275e+09
      6.386     -0.003     -0.844     -0.537  1.264e+09
      6.400     -0.002     -0.846     -0.532  1.266e+09
      6.414     -0.007     -0.848     -0.529  1.265e+09
      6.429     -0.006     -0.855     -0.519  1.263e+09
      6.443     -0.003     -0.859     -0.512  1.270e+09
      6.457     -0.007     -0.861     -0.509  1.264e+09
      6.471     -0.007     -0.860     -0.511  1.263e+09
      6.486     -0.008     -0.860     -0.511  1.261e+09
      6.500     -0.010     -0.861     -0.509  1.255e+09
      6.514     -0.007     -0.859     -0.512  1.255e+09
      6.529     -0.011     -0.858     -0.513  1.247e+09
      6.543     -0.008     -0.858     -0.514  1.248e+09
      6.557     -0.011     -0.858     -0.513  1.246e+09
      6.571     -0.011     -0.859     -0.512  1.250e+09
      6.586     -0.012     -0.859     -0.512  1.246e+09
      6.600     -0.012     -0.859     -0.511  1.249e+09
      6.614     -0.012     -0.858     -0.513  1.242e+09
      6.629     -0.013     -0.860     -0.510  1.242e+09
      6.643     -0.015     -0.860     -0.510  1.238e+09
      6.657     -0.015     -0.860     -0.511  1.237e+09
      6.671     -0.012     -0.861     -0.509  1.242e+09
      6.686     -0.015     -0.862     -0.507  1.233e+09
      6.700     -0.015     -0.863     -0.505  1.236e+09
      6.714     -0.015     -0.864     -0.504  1.231e+09
      6.729     -0.017     -0.864     -0.504  1.231e+09
      6.743     -0.015     -0.865     -0.501  1.229e+09
      6.757     -0.016     -0.866     -0.500  1.229e+09
      6.771     -0.018     -0.867     -0.499  1.228e+09
      6.786     -0.020     -0.867     -0.498  1.223e+09
      6.800     -0.023     -0.868     -0.496  1.225e+09
      6.814     -0.025     -0.869     -0.494  1.222e+09
      6.829     -0.028     -0.870     -0.492  1.222e+09
      6.843     -0.027     -0.871     -0.491  1.219e+09
      6.857     -0.030     -0.872     -0.489  1.220e+09
      6.871     -0.032     -0.873     -0.487  1.223e+09
      6.886     -0.034     -0.873     -0.487  1.215e+09
      6.900     -0.038     -0.875     -0.483  1.216e+09
      6.914     -0.039     -0.876     -0.480  1.214e+09
      6.929     -0.039     -0.875     -0.482  1.214e+09
      6.943     -0.043     -0.875     -0.483  1.213e+09
      6.957     -0.044     -0.877     -0.479  1.214e+09
      6.971     -0.045     -0.877     -0.479  1.212e+09
      6.986     -0.049     -0.876     -0.479  1.209e+09
      7.000     -0.049     -0.877     -0.477  1.206e+09
      7.014     -0.050     -0.878     -0.477  1.203e+09
      7.029     -0.049     -0.877     -0.479  1.205e+09
      7.043     -0.049     -0.879     -0.474  1.199e+09
      7.057     -0.053     -0.878     -0.475  1.199e+09
      7.071     -0.051     -0.878     -0.476  1.197e+09
      7.086     -0.053     -0.879     -0.473  1.196e+09
      7.100     -0.053     -0.880     -0.471  1.195e+09
      7.114     -0.054     -0.881     -0.470  1.195e+09
      7.129     -0.054     -0.882     -0.469  1.190e+09
      7.143     -0.056     -0.883     -0.466  1.190e+09
      7.157     -0.054     -0.883     -0.467  1.191e+09
      7.171     -0.056     -0.884     -0.465  1.187e+09
      7.186     -0.052     -0.885     -0.463  1.187e+09
      7.200     -0.055     -0.886     -0.461  1.183e+09
      7.214     -0.058     -0.886     -0.459  1.181e+09
      7.229     -0.057     -0.888     -0.457  1.182e+09
      7.243     -0.058     -0.888     -0.456  1.180e+09
      7.257     -0.052     -0.889     -0.455  1.178e+09
      7.271     -0.057     -0.890     -0.453  1.178e+09
      7.286     -0.056     -0.890     -0.452  1.179e+09
      7.300     -0.056     -0.890     -0.452  1.178e+09
      7.314     -0.053     -0.892     -0.449  1.176e+09
      7.329     -0.055     -0.894     -0.445  1.172e+09
      7.343     -0.058     -0.894     -0.443  1.171e+09
      7.357     -0.057     -0.896     -0.441  1.168e+09
      7.371     -0.056     -0.895     -0.442  1.167e+09
      7.386     -0.057     -0.896     -0.440  1.164e+09
      7.400     -0.054     -0.897     -0.439  1.166e+09
      7.414     -0.057     -0.898     -0.437  1.161e+09
      7.429     -0.057     -0.899     -0.433  1.159e+09
      7.443     -0.055     -0.900     -0.433  1.160e+09
      7.457     -0.057     -0.900     -0.431  1.159e+09
      7.471     -0.056     -0.901     -0.431  1.155e+09
      7.486     -0.055     -0.902     -0.429  1.156e+09
      7.500     -0.059     -0.902     -0.428  1.150e+09
      7.514     -0.058     -0.903     -0.425  1.150e+09
      7.529     -0.056     -0.905     -0.421  1.148e+09
      7.543     -0.056     -0.905     -0.421  1.148e+09
      7.557     -0.059     -0.906     -0.418  1.143e+09
      7.571     -0.057     -0.907     -0.417  1.145e+09
      7.586     -0.055     -0.906     -0.419  1.142e+09
      7.600     -0.057     -0.908     -0.415  1.141e+09
      7.614     -0.057     -0.908     -0.414  1.137e+09
      7.629     -0.056     -0.909     -0.412  1.138e+09
      7.643     -0.054     -0.910     -0.411  1.139e+09
      7.657     -0.056     -0.911     -0.408  1.138e+09
      7.671     -0.055     -0.910     -0.411  1.132e+09
      7.686     -0.056     -0.912     -0.406  1.133e+09
      7.700     -0.054     -0.912     -0.406  1.137e+09
      7.714     -0.055     -0.913     -0.404  1.132e+09
      7.729     -0.059     -0.914     -0.400  1.127e+09
      7.743     -0.056     -0.914     -0.401  1.129e+09
      7.757     -0.056     -0.915     -0.400  1.129e+09
      7.771     -0.058     -0.915     -0.398  1.121e+09
      7.786     -0.059     -0.916     -0.396  1.124e+09
      7.800     -0.060     -0.916     -0.396  1.118e+09
      7.814     -0.061     -0.917     -0.395  1.121e+09
      7.829     -0.061     -0.918     -0.391  1.116e+09
      7.843     -0.059     -0.918     -0.392  1.119e+09
      7.857     -0.063     -0.919     -0.389  1.114e+09
      7.871     -0.062     -0.920     -0.386  1.113e+09
      7.886     -0.065     -0.920     -0.387  1.110e+09
      7.900     -0.063     -0.920     -0.386  1.110e+09
      7.914     -0.062     -0.921     -0.384  1.112e+09
      7.929     -0.063     -0.922     -0.382  1.112e+09
      7.943     -0.062     -0.922     -0.382  1.113e+09
      7.957     -0.065     -0.923     -0.380  1.101e+09
      7.971     -0.064     -0.923     -0.379  1.105e+09
      7.986     -0.064     -0.924     -0.378  1.102e+09
      8.000     -0.066     -0.924     -0.378  1.104e+09
      8.014     -0.065     -0.924     -0.376  1.103e+09
      8.029     -0.069     -0.925     -0.374  1.101e+09
      8.043     -0.067     -0.925     -0.375  1.101e+09
      8.057     -0.069     -0.926     -0.370  1.101e+09
      8.071     -0.066     -0.926     -0.372  1.100e+09
      8.086     -0.068     -0.927     -0.369  1.099e+09
      8.100     -0.070     -0.927     -0.368  1.099e+09
      8.114     -0.071     -0.928     -0.366  1.093e+09
      8.129     -0.075     -0.928     -0.364  1.091e+09
      8.143     -0.072     -0.929     -0.363  1.093e+09
      8.157     -0.074     -0.930     -0.359  1.096e+09
      8.171     -0.074     -0.930     -0.359  1.096e+09
      8.186     -0.076     -0.931     -0.358  1.094e+09
      8.200     -0.076     -0.932     -0.354  1.095e+09
      8.214     -0.081     -0.933     -0.352  1.093e+09
      8.229     -0.078     -0.933     -0.351  1.091e+09
      8.243     -0.085     -0.934     -0.348  1.087e+09
      8.257     -0.082     -0.933     -0.349  1.087e+09
      8.271     -0.078     -0.933     -0.352  1.089e+09
      8.286     -0.081     -0.934     -0.347  1.088e+09
      8.300     -0.080     -0.935     -0.345  1.085e+09
      8.314     -0.078     -0.936     -0.344  1.083e+09
      8.329     -0.082     -0.936     -0.343  1.078e+09
      8.343     -0.081     -0.936     -0.342  1.079e+09
      8.357     -0.080     -0.936     -0.344  1.080e+09
      8.371     -0.081     -0.936     -0.343  1.075e+09
      8.386     -0.080     -0.937     -0.340  1.077e+09
      8.400     -0.082     -0.938     -0.338  1.074e+09
      8.414     -0.080     -0.938     -0.337  1.075e+09
      8.429     -0.082     -0.938     -0.335  1.068e+09
      8.443     -0.083     -0.939     -0.333  1.072e+09
      8.457     -0.081     -0.940     -0.332  1.066e+09
      8.471     -0.082     -0.941     -0.328  1.071e+09
      8.486     -0.082     -0.940     -0.330  1.068e+09
      8.500     -0.082     -0.941     -0.327  1.071e+09
      8.514     -0.082     -0.941     -0.327  1.066e+09
      8.529     -0.086     -0.941     -0.328  1.061e+09
      8.543     -0.083     -0.942     -0.324  1.064e+09
      8.557     -0.086     -0.943     -0.322  1.063e+09
      8.571     -0.087     -0.943     -0.322  1.062e+09
      8.586     -0.089     -0.943     -0.322  1.060e+09
      8.600     -0.087     -0.944     -0.320  1.060e+09
      8.614     -0.089     -0.945     -0.316  1.058e+09
      8.629     -0.094     -0.945     -0.314  1.053e+09
      8.643     -0.089     -0.944     -0.317  1.061e+09
      8.657     -0.093     -0.945     -0.314  1.055e+09
      8.671     -0.093     -0.945     -0.313  1.054e+09
      8.686     -0.094     -0.946     -0.309  1.052e+09
      8.700     -0.095     -0.947     -0.308  1.049e+09
      8.714     -0.098     -0.946     -0.309  1.048e+09
      8.729     -0.096     -0.947     -0.307  1.052e+09
      8.743     -0.098     -0.947     -0.306  1.050e+09
      8.757     -0.100     -0.947     -0.305  1.048e+09
      8.771     -0.102     -0.947     -0.305  1.043e+09
      8.786     -0.101     -0.947     -0.306  1.045e+09
      8.800     -0.102     -0.947     -0.303  1.041e+09
      8.814     -0.105     -0.948     -0.300  1.038e+09
      8.829     -0.103     -0.948     -0.301  1.038e+09
      8.843     -0.107     -0.948     -0.301  1.034e+09
      8.857     -0.110     -0.948     -0.297  1.036e+09
      8.871     -0.111     -0.948     -0.300  1.029e+09
      8.886     -0.110     -0.949     -0.297  1.036e+09
      8.900     -0.113     -0.948     -0.298  1.028e+09
      8.914     -0.109     -0.949     -0.296  1.034e+09
      8.929     -0.111     -0.948     -0.297  1.031e+09
      8.943     -0.114     -0.948     -0.296  1.027e+09
      8.957     -0.114     -0.948     -0.296  1.022e+09
      8.971     -0.117     -0.949     -0.294  1.023e+09
      8.986     -0.118     -0.949     -0.293  1.021e+09
      9.000     -0.117     -0.949     -0.292  1.019e+09
      9.014     -0.123     -0.949     -0.291  1.015e+09
      9.029     -0.120     -0.949     -0.291  1.018e+09
      9.043     -0.122     -0.949     -0.291  1.015e+09
      9.057     -0.123     -0.949     -0.290  1.013e+09
      9.071     -0.122     -0.949     -0.290  1.011e+09
      9.086     -0.125     -0.949     -0.289  1.008e+09
      9.100     -0.126     -0.949     -0.288  1.007e+09
      9.114     -0.124     -0.950     -0.287  1.007e+09
      9.129     -0.127     -0.949     -0.289  1.001e+09
      9.143     -0.126     -0.949     -0.288  1.004e+09
      9.157     -0.130     -0.949     -0.286  9.979e+08
      9.171     -0.130     -0.950     -0.285  9.996e+08
      9.186     -0.125     -0.950     -0.287  1.001e+09
      9.200     -0.130     -0.950     -0.285  9.961e+08
      9.214     -0.132     -0.949     -0.287  9.903e+08
      9.229     -0.131     -0.949     -0.287  9.961e+08
      9.243     -0.129     -0.949     -0.286  9.895e+08
      9.257     -0.131     -0.949     -0.287  9.922e+08
      9.271     -0.135     -0.949     -0.284  9.909e+08
      9.286     -0.132     -0.950     -0.282  9.907e+08
      9.300     -0.133     -0.950     -0.284  9.895e+08
      9.314     -0.137     -0.949     -0.285  9.874e+08
      9.329     -0.135     -0.950     -0.281  9.861e+08
      9.343     -0.134     -0.950     -0.283  9.810e+08
      9.357     -0.137     -0.950     -0.281  9.830e+08
      9.371     -0.135     -0.950     -0.283  9.811e+08
      9.386     -0.142     -0.948     -0.283  9.750e+08
      9.400     -0.137     -0.950     -0.281  9.748e+08
      9.414     -0.138     -0.950     -0.280  9.734e+08
      9.429     -0.144     -0.949     -0.282  9.718e+08
      9.443     -0.140     -0.949     -0.284  9.688e+08
      9.457     -0.142     -0.949     -0.280  9.664e+08
      9.471     -0.146     -0.947     -0.285  9.631e+08
      9.486     -0.142     -0.949     -0.283  9.594e+08
      9.500     -0.142     -0.949     -0.283  9.628e+08
      9.514     -0.149     -0.947     -0.283  9.528e+08
      9.529     -0.146     -0.948     -0.281  9.562e+08
      9.543     -0.148     -0.947     -0.285  9.507e+08
      9.557     -0.146     -0.948     -0.282  9.494e+08
      9.571     -0.151     -0.948     -0.279  9.462e+08
      9.586     -0.149     -0.947     -0.283  9.496e+08
      9.600     -0.154     -0.947     -0.282  9.402e+08
      9.614     -0.153     -0.947     -0.282  9.466e+08
      9.629     -0.152     -0.948     -0.280  9.390e+08
      9.643     -0.154     -0.947     -0.281  9.404e+08
      9.657     -0.156     -0.947     -0.281  9.356e+08
      9.671     -0.159     -0.948     -0.277  9.367e+08
      9.686     -0.158     -0.948     -0.277  9.324e+08
      9.700     -0.158     -0.947     -0.278  9.311e+08
      9.714     -0.152     -0.948     -0.281  9.297e+08
      9.729     -0.163     -0.946     -0.279  9.251e+08
      9.743     -0.160     -0.946     -0.280  9.249e+08
      9.757     -0.155     -0.947     -0.282  9.237e+08
      9.771     -0.162     -0.946     -0.279  9.193e+08
      9.786     -0.157     -0.947     -0.281  9.187e+08
      9.800     -0.164     -0.946     -0.280  9.141e+08
      9.814     -0.159     -0.946     -0.284  9.138e+08
      9.829     -0.164     -0.946     -0.280  9.147e+08
      9.843     -0.166     -0.945     -0.283  9.043e+08
      9.857     -0.168     -0.944     -0.283  9.076e+08
      9.871     -0.165     -0.944     -0.286  9.037e+08
      9.886     -0.163     -0.944     -0.286  8.999e+08
      9.900     -0.165     -0.944     -0.284  8.993e+08
      9.914     -0.165     -0.944     -0.287  8.987e+08
      9.929     -0.166     -0.942     -0.291  8.912e+08
      9.943     -0.167     -0.942     -0.291  8.927e+08
      9.957     -0.171     -0.942     -0.290  8.879e+08
      9.971     -0.166     -0.942     -0.291  8.852e+08
      9.986     -0.168     -0.941     -0.294  8.837e+08
     10.000     -0.170     -0.941     -0.293  8.826e+08
     10.014     -0.169     -0.941     -0.294  8.786e+08
     10.029     -0.172     -0.940     -0.294  8.766e+08
     10.043     -0.176     -0.938     -0.298  8.726e+08
     10.057     -0.172     -0.940     -0.295  8.754e+08
     10.071     -0.174     -0.939     -0.296  8.691e+08
     10.086     -0.173     -0.939     -0.297  8.666e+08
     10.100     -0.174     -0.938     -0.299  8.671e+08
     10.114     -0.178     -0.937     -0.301  8.631e+08
     10.129     -0.173     -0.936     -0.305  8.609e+08
     10.143     -0.180     -0.936     -0.302  8.595e+08
     10.157     -0.179     -0.936     -0.304  8.551e+08
     10.171     -0.176     -0.936     -0.305  8.550e+08
     10.186     -0.180     -0.935     -0.307  8.492e+08
     10.200     -0.183     -0.934     -0.306  8.494e+08
     10.214     -0.183     -0.933     -0.310  8.439e+08
     10.229     -0.180     -0.934     -0.310  8.430e+08
     10.243     -0.173     -0.934     -0.312  8.432e+08
     10.257     -0.182     -0.931     -0.315  8.397e+08
     10.271     -0.183     -0.930     -0.318  8.370e+08
     10.286     -0.182     -0.931     -0.315  8.334e+08
     10.300     -0.179     -0.931     -0.317  8.336e+08
     10.314     -0.180     -0.932     -0.316  8.332e+08
     10.329     -0.183     -0.930     -0.319  8.287e+08
     10.343     -0.185     -0.929     -0.321  8.235e+08
     10.357     -0.184     -0.930     -0.319  8.245e+08
     10.371     -0.186     -0.927     -0.326  8.207e+08
     10.386     -0.184     -0.928     -0.324  8.192e+08
     10.400     -0.187     -0.927     -0.325  8.195e+08
     10.414     -0.185     -0.927     -0.325  8.166e+08
     10.429     -0.185     -0.926     -0.328  8.137e+08
     10.443     -0.186     -0.926     -0.329  8.128e+08
     10.457     -0.186     -0.927     -0.327  8.112e+08
     10.471     -0.183     -0.927     -0.328  8.090e+08
     10.486     -0.189     -0.925     -0.328  8.079e+08
     10.500     -0.188     -0.925     -0.330  8.097e+08
     10.514     -0.182     -0.926     -0.332  8.093e+08
     10.529     -0.188     -0.924     -0.333  8.009e+08
     10.543     -0.189     -0.922     -0.337  8.007e+08
     10.557     -0.187     -0.923     -0.336  7.993e+08
     10.571     -0.189     -0.923     -0.335  7.995e+08
     10.586     -0.182     -0.924     -0.336  7.992e+08
     10.600     -0.183     -0.924     -0.337  7.977e+08
     10.614     -0.183     -0.922     -0.340  7.947e+08
     10.629     -0.184     -0.922     -0.342  7.950e+08
     10.643     -0.181     -0.922     -0.342  7.932e+08
     10.657     -0.183     -0.921     -0.344  7.905e+08
     10.671     -0.181     -0.922     -0.343  7.913e+08
     10.686     -0.180     -0.922     -0.342  7.916e+08
     10.700     -0.182     -0.921     -0.344  7.913e+08
     10.714     -0.178     -0.922     -0.344  7.904e+08
     10.729     -0.178     -0.921     -0.346  7.856e+08
     10.743     -0.180     -0.921     -0.346  7.845e+08
     10.757     -0.190     -0.919     -0.346  7.808e+08
     10.771     -0.181     -0.920     -0.349  7.796e+08
     10.786     -0.177     -0.920     -0.348  7.814e+08
     10.800     -0.184     -0.919     -0.350  7.766e+08
     10.814     -0.183     -0.918     -0.352  7.765e+08
     10.829     -0.182     -0.918     -0.352  7.720e+08
     10.843     -0.185     -0.917     -0.353  7.720e+08
     10.857     -0.188     -0.917     -0.352  7.694e+08
     10.871     -0.186     -0.916     -0.355  7.691e+08
     10.886     -0.184     -0.917     -0.354  7.683e+08
     10.900     -0.181     -0.916     -0.357  7.664e+08
     10.914     -0.184     -0.915     -0.358  7.617e+08
     10.929     -0.192     -0.914     -0.358  7.576e+08
     10.943     -0.184     -0.914     -0.360  7.630e+08
     10.957     -0.187     -0.914     -0.361  7.579e+08
     10.971     -0.190     -0.914     -0.360  7.568e+08
     10.986     -0.187     -0.912     -0.366  7.530e+08
     11.000     -0.187     -0.912     -0.365  7.569e+08
     11.014     -0.189     -0.912     -0.364  7.565e+08
     11.029     -0.188     -0.911     -0.367  7.503e+08
     11.043     -0.188     -0.910     -0.369  7.484e+08
     11.057     -0.193     -0.909     -0.369  7.468e+08
     11.071     -0.189     -0.909     -0.372  7.456e+08
     11.086     -0.195     -0.907     -0.373  7.418e+08
     11.100     -0.194     -0.907     -0.373  7.430e+08
     11.114     -0.191     -0.907     -0.375  7.408e+08
     11.129     -0.187     -0.907     -0.379  7.387e+08
     11.143     -0.189     -0.907     -0.376  7.374e+08
     11.157     -0.189     -0.906     -0.377  7.375e+08
     11.171     -0.191     -0.907     -0.375  7.344e+08
     11.186     -0.198     -0.904     -0.380  7.309e+08
     11.200     -0.201     -0.903     -0.380  7.313e+08
     11.214     -0.200     -0.902     -0.382  7.313e+08
     11.229     -0.201     -0.900     -0.386  7.243e+08
     11.243     -0.204     -0.901     -0.384  7.242e+08
     11.257     -0.200     -0.901     -0.385  7.247e+08
     11.271     -0.203     -0.900     -0.385  7.181e+08
     11.286     -0.205     -0.898     -0.388  7.188e+08
     11.300     -0.197     -0.900     -0.389  7.185e+08
     11.314     -0.205     -0.896     -0.395  7.134e+08
     11.329     -0.208     -0.896     -0.393  7.142e+08
     11.343     -0.205     -0.896     -0.393  7.108e+08
     11.357     -0.205     -0.895     -0.396  7.073e+08
     11.371     -0.203     -0.895     -0.397  7.071e+08
     11.386     -0.205     -0.893     -0.400  7.035e+08
     11.400     -0.207     -0.892     -0.402  6.988e+08
     11.414     -0.201     -0.893     -0.404  6.985e+08
     11.429     -0.204     -0.890     -0.407  6.982e+08
     11.443     -0.207     -0.888     -0.410  6.919e+08
