#         t      x_hat      y_hat      z_hat      L_mag
      0.000      0.218      0.891     -0.399  1.273e+07
      0.014      0.215      0.891     -0.400  1.278e+07
      0.029      0.213      0.892     -0.399  1.280e+07
      0.043      0.211      0.893     -0.398  1.270e+07
      0.057      0.209      0.894     -0.397  1.284e+07
      0.071      0.207      0.895     -0.395  1.288e+07
      0.086      0.204      0.896     -0.394  1.283e+07
      0.100      0.201      0.896     -0.396  1.276e+07
      0.114      0.199      0.896     -0.396  1.280e+07
      0.129      0.199      0.896     -0.396  1.280e+07
      0.143      0.199      0.896     -0.396  1.277e+07
      0.157      0.200      0.896     -0.396  1.279e+07
      0.171      0.200      0.897     -0.393  1.263e+07
      0.186      0.199      0.897     -0.395  1.275e+07
      0.200      0.197      0.898     -0.394  1.284e+07
      0.214      0.195      0.899     -0.392  1.279e+07
      0.229      0.194      0.900     -0.391  1.280e+07
      0.243      0.193      0.901     -0.390  1.274e+07
      0.257      0.193      0.901     -0.388  1.262e+07
      0.271      0.194      0.901     -0.388  1.273e+07
      0.286      0.195      0.901     -0.387  1.272e+07
      0.300      0.196      0.902     -0.384  1.288e+07
      0.314      0.198      0.901     -0.385  1.277e+07
      0.329      0.200      0.901     -0.386  1.275e+07
      0.343      0.202      0.900     -0.387  1.274e+07
      0.357      0.203      0.899     -0.388  1.273e+07
      0.371      0.204      0.899     -0.387  1.272e+07
      0.386      0.205      0.899     -0.387  1.283e+07
      0.400      0.207      0.899     -0.387  1.272e+07
      0.414      0.207      0.899     -0.385  1.278e+07
      0.429      0.208      0.899     -0.384  1.272e+07
      0.443      0.207      0.900     -0.384  1.274e+07
      0.457      0.205      0.901     -0.384  1.275e+07
      0.471      0.202      0.902     -0.382  1.267e+07
      0.486      0.199      0.903     -0.380  1.282e+07
      0.500      0.199      0.903     -0.380  1.279e+07
      0.514      0.201      0.904     -0.379  1.277e+07
      0.529      0.200      0.903     -0.380  1.256e+07
      0.543      0.202      0.903     -0.380  1.255e+07
      0.557      0.205      0.902     -0.380  1.268e+07
      0.571      0.209      0.902     -0.377  1.264e+07
      0.586      0.207      0.904     -0.375  1.262e+07
      0.600      0.207      0.903     -0.377  1.267e+07
      0.614      0.206      0.903     -0.376  1.274e+07
      0.629      0.202      0.905     -0.375  1.271e+07
      0.643      0.203      0.904     -0.375  1.264e+07
      0.657      0.203      0.905     -0.374  1.278e+07
      0.671      0.202      0.905     -0.374  1.272e+07
      0.686      0.203      0.905     -0.374  1.267e+07
      0.700      0.205      0.905     -0.373  1.267e+07
      0.714      0.206      0.904     -0.375  1.278e+07
      0.729      0.206      0.903     -0.378  1.271e+07
      0.743      0.205      0.902     -0.380  1.274e+07
      0.757      0.205      0.903     -0.378  1.281e+07
      0.771      0.205      0.902     -0.380  1.278e+07
      0.786      0.204      0.901     -0.382  1.278e+07
      0.800      0.205      0.901     -0.383  1.267e+07
      0.814      0.204      0.900     -0.386  1.270e+07
      0.829      0.202      0.899     -0.388  1.266e+07
      0.843      0.200      0.899     -0.390  1.262e+07
      0.857      0.198      0.899     -0.390  1.267e+07
      0.871      0.195      0.898     -0.394  1.264e+07
      0.886      0.192      0.899     -0.395  1.255e+07
      0.900      0.190      0.898     -0.396  1.246e+07
      0.914      0.187      0.899     -0.397  1.263e+07
      0.929      0.183      0.898     -0.399  1.244e+07
      0.943      0.179      0.900     -0.398  1.248e+07
      0.957      0.174      0.900     -0.400  1.256e+07
      0.971      0.169      0.900     -0.401  1.242e+07
      0.986      0.167      0.899     -0.405  1.252e+07
      1.000      0.163      0.899     -0.406  1.254e+07
      1.014      0.160      0.899     -0.407  1.230e+07
      1.029      0.154      0.900     -0.407  1.235e+07
      1.043      0.154      0.900     -0.409  1.232e+07
      1.057      0.151      0.900     -0.410  1.253e+07
      1.071      0.147      0.901     -0.408  1.241e+07
      1.086      0.142      0.902     -0.407  1.241e+07
      1.100      0.140      0.903     -0.405  1.235e+07
      1.114      0.135      0.904     -0.406  1.233e+07
      1.129      0.131      0.906     -0.403  1.232e+07
      1.143      0.129      0.907     -0.401  1.225e+07
      1.157      0.124      0.908     -0.400  1.226e+07
      1.171      0.123      0.909     -0.398  1.232e+07
      1.186      0.121      0.909     -0.398  1.235e+07
      1.200      0.121      0.910     -0.396  1.226e+07
      1.214      0.121      0.911     -0.395  1.228e+07
      1.229      0.121      0.912     -0.393  1.223e+07
      1.243      0.120      0.912     -0.392  1.231e+07
      1.257      0.121      0.913     -0.389  1.227e+07
      1.271      0.119      0.913     -0.390  1.226e+07
      1.286      0.120      0.914     -0.388  1.231e+07
      1.300      0.122      0.914     -0.387  1.223e+07
      1.314      0.121      0.914     -0.387  1.213e+07
      1.329      0.121      0.915     -0.385  1.228e+07
      1.343      0.117      0.915     -0.385  1.231e+07
      1.357      0.118      0.916     -0.383  1.235e+07
      1.371      0.117      0.918     -0.380  1.235e+07
      1.386      0.116      0.918     -0.378  1.213e+07
      1.400      0.116      0.918     -0.378  1.215e+07
      1.414      0.115      0.919     -0.378  1.203e+07
      1.429      0.114      0.920     -0.376  1.219e+07
      1.443      0.115      0.919     -0.376  1.221e+07
      1.457      0.117      0.920     -0.375  1.216e+07
      1.471      0.112      0.919     -0.378  1.217e+07
      1.486      0.113      0.920     -0.376  1.218e+07
      1.500      0.112      0.920     -0.375  1.223e+07
      1.514      0.116      0.920     -0.373  1.214e+07
      1.529      0.115      0.920     -0.374  1.217e+07
      1.543      0.118      0.920     -0.374  1.209e+07
      1.557      0.118      0.919     -0.375  1.214e+07
      1.571      0.117      0.920     -0.374  1.211e+07
      1.586      0.115      0.921     -0.373  1.219e+07
      1.600      0.113      0.921     -0.373  1.209e+07
      1.614      0.114      0.920     -0.375  1.210e+07
      1.629      0.114      0.920     -0.376  1.201e+07
      1.643      0.111      0.921     -0.373  1.214e+07
      1.657      0.111      0.920     -0.375  1.215e+07
      1.671      0.111      0.921     -0.374  1.212e+07
      1.686      0.109      0.920     -0.377  1.215e+07
      1.700      0.110      0.919     -0.378  1.212e+07
      1.714      0.110      0.919     -0.379  1.204e+07
      1.729      0.112      0.919     -0.378  1.203e+07
      1.743      0.111      0.917     -0.382  1.217e+07
      1.757      0.115      0.918     -0.380  1.209e+07
      1.771      0.118      0.919     -0.376  1.216e+07
      1.786      0.118      0.919     -0.375  1.206e+07
      1.800      0.123      0.920     -0.372  1.212e+07
      1.814      0.126      0.920     -0.372  1.216e+07
      1.829      0.128      0.919     -0.372  1.206e+07
      1.843      0.127      0.920     -0.370  1.207e+07
      1.857      0.128      0.920     -0.370  1.208e+07
      1.871      0.133      0.921     -0.365  1.215e+07
      1.886      0.130      0.921     -0.366  1.215e+07
      1.900      0.130      0.921     -0.367  1.210e+07
      1.914      0.131      0.921     -0.367  1.214e+07
      1.929      0.132      0.920     -0.369  1.216e+07
      1.943      0.134      0.919     -0.370  1.206e+07
      1.957      0.134      0.920     -0.368  1.203e+07
      1.971      0.137      0.919     -0.371  1.205e+07
      1.986      0.137      0.918     -0.372  1.207e+07
      2.000      0.137      0.917     -0.375  1.210e+07
      2.014      0.136      0.918     -0.373  1.201e+07
      2.029      0.135      0.917     -0.374  1.204e+07
      2.043      0.135      0.917     -0.375  1.212e+07
      2.057      0.136      0.917     -0.374  1.207e+07
      2.071      0.137      0.916     -0.377  1.213e+07
      2.086      0.135      0.916     -0.377  1.208e+07
      2.100      0.136      0.916     -0.378  1.211e+07
      2.114      0.134      0.915     -0.381  1.206e+07
      2.129      0.133      0.917     -0.377  1.203e+07
      2.143      0.132      0.916     -0.379  1.209e+07
      2.157      0.130      0.916     -0.381  1.210e+07
      2.171      0.128      0.917     -0.379  1.210e+07
      2.186      0.129      0.916     -0.380  1.205e+07
      2.200      0.128      0.915     -0.382  1.210e+07
      2.214      0.129      0.916     -0.381  1.207e+07
      2.229      0.132      0.916     -0.378  1.207e+07
      2.243      0.130      0.916     -0.380  1.207e+07
      2.257      0.131      0.915     -0.382  1.217e+07
      2.271      0.127      0.915     -0.382  1.205e+07
      2.286      0.129      0.915     -0.382  1.223e+07
      2.300      0.126      0.916     -0.381  1.207e+07
      2.314      0.128      0.916     -0.381  1.210e+07
      2.329      0.125      0.917     -0.379  1.220e+07
      2.343      0.124      0.918     -0.378  1.197e+07
      2.357      0.126      0.915     -0.383  1.215e+07
      2.371      0.124      0.916     -0.381  1.200e+07
      2.386      0.124      0.915     -0.385  1.196e+07
      2.400      0.121      0.916     -0.382  1.206e+07
      2.414      0.122      0.915     -0.385  1.211e+07
      2.429      0.118      0.917     -0.380  1.203e+07
      2.443      0.118      0.915     -0.385  1.208e+07
      2.457      0.113      0.919     -0.379  1.205e+07
      2.471      0.119      0.915     -0.386  1.202e+07
      2.486      0.115      0.918     -0.379  1.200e+07
      2.500      0.118      0.917     -0.382  1.209e+07
      2.514      0.120      0.916     -0.382  1.207e+07
      2.529      0.120      0.916     -0.383  1.205e+07
      2.543      0.118      0.916     -0.384  1.206e+07
      2.557      0.119      0.916     -0.382  1.201e+07
      2.571      0.120      0.916     -0.384  1.204e+07
      2.586      0.124      0.914     -0.385  1.213e+07
      2.600      0.122      0.916     -0.381  1.215e+07
      2.614      0.132      0.911     -0.391  1.212e+07
      2.629      0.132      0.911     -0.390  1.224e+07
      2.643      0.128      0.913     -0.387  1.199e+07
      2.657      0.127      0.913     -0.388  1.203e+07
      2.671      0.124      0.916     -0.381  1.205e+07
      2.686      0.119      0.916     -0.383  1.195e+07
      2.700      0.119      0.916     -0.383  1.202e+07
      2.714      0.119      0.914     -0.388  1.213e+07
      2.729      0.125      0.907     -0.403  1.227e+07
      2.743      0.112      0.916     -0.386  1.203e+07
      2.757      0.115      0.914     -0.389  1.207e+07
      2.771      0.111      0.917     -0.384  1.204e+07
      2.786      0.113      0.917     -0.382  1.198e+07
      2.800      0.115      0.916     -0.384  1.215e+07
      2.814      0.116      0.914     -0.388  1.201e+07
      2.829      0.114      0.917     -0.383  1.200e+07
      2.843      0.120      0.913     -0.389  1.202e+07
      2.857      0.116      0.915     -0.385  1.203e+07
      2.871      0.117      0.913     -0.390  1.201e+07
      2.886      0.113      0.915     -0.388  1.199e+07
      2.900      0.114      0.915     -0.388  1.197e+07
      2.914      0.112      0.915     -0.388  1.202e+07
      2.929      0.116      0.913     -0.391  1.208e+07
      2.943      0.111      0.915     -0.389  1.198e+07
      2.957      0.109      0.914     -0.391  1.204e+07
      2.971      0.107      0.914     -0.392  1.196e+07
      2.986      0.108      0.916     -0.386  1.202e+07
      3.000      0.109      0.913     -0.392  1.206e+07
      3.014      0.107      0.916     -0.388  1.195e+07
      3.029      0.113      0.910     -0.398  1.225e+07
      3.043      0.109      0.913     -0.394  1.202e+07
      3.057      0.107      0.913     -0.393  1.196e+07
      3.071      0.107      0.914     -0.392  1.198e+07
      3.086      0.107      0.914     -0.391  1.188e+07
      3.100      0.106      0.915     -0.390  1.193e+07
      3.114      0.106      0.914     -0.391  1.190e+07
      3.129      0.107      0.913     -0.393  1.191e+07
      3.143      0.104      0.913     -0.394  1.194e+07
      3.157      0.112      0.909     -0.401  1.205e+07
      3.171      0.103      0.912     -0.397  1.197e+07
      3.186      0.104      0.912     -0.396  1.200e+07
      3.200      0.101      0.912     -0.398  1.203e+07
      3.214      0.104      0.911     -0.399  1.201e+07
      3.229      0.103      0.913     -0.395  1.201e+07
      3.243      0.103      0.911     -0.399  1.194e+07
      3.257      0.099      0.911     -0.401  1.189e+07
      3.271      0.103      0.908     -0.407  1.211e+07
      3.286      0.096      0.911     -0.401  1.195e+07
      3.300      0.095      0.909     -0.405  1.189e+07
      3.314      0.093      0.910     -0.405  1.192e+07
      3.329      0.088      0.910     -0.405  1.196e+07
      3.343      0.087      0.912     -0.401  1.206e+07
      3.357      0.087      0.910     -0.406  1.201e+07
      3.371      0.083      0.912     -0.403  1.182e+07
      3.386      0.081      0.912     -0.402  1.195e+07
      3.400      0.081      0.911     -0.404  1.204e+07
      3.414      0.078      0.912     -0.404  1.196e+07
      3.429      0.079      0.911     -0.404  1.196e+07
      3.443      0.075      0.912     -0.404  1.185e+07
      3.457      0.078      0.912     -0.404  1.198e+07
      3.471      0.074      0.913     -0.402  1.188e+07
      3.486      0.071      0.912     -0.403  1.186e+07
      3.500      0.074      0.912     -0.403  1.205e+07
      3.514      0.069      0.912     -0.404  1.203e+07
      3.529      0.070      0.912     -0.404  1.198e+07
      3.543      0.068      0.912     -0.404  1.195e+07
      3.557      0.069      0.911     -0.407  1.196e+07
      3.571      0.072      0.910     -0.408  1.210e+07
      3.586      0.073      0.910     -0.407  1.212e+07
      3.600      0.065      0.912     -0.405  1.185e+07
      3.614      0.069      0.910     -0.408  1.191e+07
      3.629      0.061      0.913     -0.404  1.193e+07
      3.643      0.065      0.912     -0.405  1.199e+07
      3.657      0.065      0.914     -0.401  1.192e+07
      3.671      0.068      0.913     -0.403  1.199e+07
      3.686      0.070      0.913     -0.402  1.198e+07
      3.700      0.070      0.912     -0.404  1.188e+07
      3.714      0.072      0.910     -0.409  1.201e+07
      3.729      0.070      0.911     -0.406  1.197e+07
      3.743      0.069      0.911     -0.407  1.198e+07
      3.757      0.068      0.909     -0.410  1.194e+07
      3.771      0.068      0.907     -0.416  1.191e+07
      3.786      0.068      0.906     -0.417  1.200e+07
      3.800      0.064      0.905     -0.420  1.193e+07
      3.814      0.066      0.902     -0.427  1.170e+07
      3.829      0.062      0.902     -0.427  1.186e+07
      3.843      0.062      0.900     -0.431  1.184e+07
      3.857      0.064      0.897     -0.438  1.180e+07
      3.871      0.062      0.894     -0.444  1.191e+07
      3.886      0.062      0.892     -0.447  1.195e+07
      3.900      0.065      0.888     -0.455  1.199e+07
      3.914      0.060      0.887     -0.458  1.192e+07
      3.929      0.064      0.881     -0.468  1.191e+07
      3.943      0.057      0.879     -0.472  1.189e+07
      3.957      0.060      0.875     -0.480  1.199e+07
      3.971      0.056      0.874     -0.483  1.179e+07
      3.986      0.051      0.872     -0.487  1.182e+07
      4.000      0.045      0.870     -0.492  1.186e+07
      4.014      0.040      0.868     -0.495  1.189e+07
      4.029      0.036      0.865     -0.501  1.198e+07
      4.043      0.033      0.860     -0.510  1.207e+07
      4.057      0.024      0.859     -0.511  1.189e+07
      4.071      0.012      0.860     -0.510  1.196e+07
      4.086      0.009      0.856     -0.517  1.180e+07
      4.100     -0.003      0.857     -0.516  1.192e+07
      4.114     -0.015      0.857     -0.515  1.181e+07
      4.129     -0.027      0.857     -0.514  1.181e+07
      4.143     -0.035      0.858     -0.512  1.181e+07
      4.157     -0.049      0.861     -0.506  1.181e+07
      4.171     -0.059      0.864     -0.500  1.182e+07
      4.186     -0.073      0.866     -0.495  1.186e+07
      4.200     -0.079      0.869     -0.489  1.179e+07
      4.214     -0.086      0.871     -0.483  1.187e+07
      4.229     -0.093      0.874     -0.477  1.178e+07
      4.243     -0.104      0.878     -0.467  1.175e+07
      4.257     -0.105      0.879     -0.465  1.183e+07
      4.271     -0.110      0.883     -0.457  1.174e+07
      4.286     -0.114      0.885     -0.451  1.172e+07
      4.300     -0.114      0.885     -0.451  1.176e+07
      4.314     -0.112      0.887     -0.447  1.158e+07
      4.329     -0.112      0.885     -0.452  1.141e+07
      4.343     -0.117      0.885     -0.451  1.136e+07
      4.357     -0.113      0.882     -0.457  1.120e+07
      4.371     -0.111      0.877     -0.468  1.130e+07
      4.386     -0.109      0.873     -0.476  1.116e+07
      4.400     -0.112      0.867     -0.485  1.110e+07
      4.414     -0.113      0.860     -0.498  1.094e+07
      4.429     -0.111      0.857     -0.504  1.089e+07
      4.443     -0.111      0.849     -0.517  1.082e+07
      4.457     -0.115      0.841     -0.528  1.074e+07
      4.471     -0.113      0.827     -0.550  1.079e+07
      4.486     -0.117      0.823     -0.556  1.063e+07
      4.500     -0.114      0.812     -0.572  1.056e+07
      4.514     -0.122      0.814     -0.569  1.047e+07
      4.529     -0.122      0.800     -0.588  1.047e+07
      4.543     -0.126      0.797     -0.591  1.037e+07
      4.557     -0.135      0.794     -0.593  1.033e+07
      4.571     -0.141      0.779     -0.611  1.041e+07
      4.586     -0.144      0.782     -0.607  1.029e+07
      4.600     -0.146      0.763     -0.630  1.048e+07
      4.614     -0.146      0.752     -0.643  1.046e+07
      4.629     -0.153      0.744     -0.650  1.052e+07
      4.643     -0.153      0.739     -0.657  1.050e+07
      4.657     -0.158      0.726     -0.670  1.055e+07
      4.671     -0.163      0.720     -0.674  1.052e+07
      4.686     -0.165      0.716     -0.678  1.064e+07
      4.700     -0.175      0.710     -0.682  1.056e+07
      4.714     -0.173      0.694     -0.699  1.076e+07
      4.729     -0.179      0.692     -0.699  1.070e+07
      4.743     -0.185      0.681     -0.709  1.075e+07
      4.757     -0.181      0.674     -0.717  1.088e+07
      4.771     -0.187      0.679     -0.709  1.074e+07
      4.786     -0.194      0.667     -0.719  1.081e+07
      4.800     -0.190      0.660     -0.727  1.101e+07
      4.814     -0.192      0.662     -0.725  1.089e+07
      4.829     -0.194      0.657     -0.729  1.085e+07
      4.843     -0.198      0.655     -0.730  1.099e+07
      4.857     -0.201      0.651     -0.732  1.092e+07
      4.871     -0.198      0.654     -0.730  1.096e+07
      4.886     -0.201      0.639     -0.742  1.097e+07
      4.900     -0.199      0.627     -0.753  1.132e+07
      4.914     -0.208      0.633     -0.746  1.110e+07
      4.929     -0.200      0.632     -0.749  1.116e+07
      4.943     -0.200      0.613     -0.764  1.143e+07
      4.957     -0.204      0.620     -0.757  1.126e+07
      4.971     -0.199      0.609     -0.768  1.148e+07
      4.986     -0.194      0.614     -0.765  1.134e+07
      5.000     -0.203      0.619     -0.758  1.111e+07
      5.014     -0.178      0.599     -0.781  1.151e+07
      5.029     -0.178      0.588     -0.789  1.157e+07
      5.043     -0.170      0.571     -0.803  1.186e+07
      5.057     -0.170      0.576     -0.799  1.176e+07
      5.071     -0.152      0.578     -0.802  1.157e+07
      5.086     -0.151      0.582     -0.799  1.159e+07
      5.100     -0.138      0.559     -0.817  1.176e+07
      5.114     -0.119      0.549     -0.827  1.184e+07
      5.129     -0.086      0.524     -0.847  1.244e+07
      5.143     -0.093      0.531     -0.842  1.202e+07
      5.157     -0.063      0.510     -0.858  1.225e+07
      5.171     -0.037      0.480     -0.877  1.251e+07
      5.186      0.009      0.476     -0.879  1.298e+07
      5.200      0.034      0.460     -0.887  1.307e+07
      5.214      0.070      0.456     -0.887  1.298e+07
      5.229      0.097      0.452     -0.887  1.292e+07
      5.243      0.157      0.430     -0.889  1.371e+07
      5.257      0.175      0.429     -0.886  1.357e+07
      5.271      0.171      0.393     -0.903  1.315e+07
      5.286      0.191      0.397     -0.898  1.345e+07
      5.300      0.217      0.382     -0.898  1.390e+07
      5.314      0.208      0.381     -0.901  1.368e+07
      5.329      0.242      0.409     -0.880  1.406e+07
      5.343      0.246      0.389     -0.888  1.440e+07
      5.357      0.267      0.304     -0.914  1.559e+07
      5.371      0.262      0.344     -0.902  1.481e+07
      5.386      0.268      0.370     -0.889  1.441e+07
      5.400      0.278      0.344     -0.897  1.491e+07
      5.414      0.313      0.356     -0.881  1.607e+07
      5.429      0.273      0.327     -0.905  1.489e+07
      5.443      0.264      0.357     -0.896  1.404e+07
      5.457      0.322      0.322     -0.890  1.602e+07
      5.471      0.342      0.315     -0.885  1.665e+07
      5.486      0.298      0.339     -0.892  1.430e+07
      5.500      0.335      0.290     -0.897  1.583e+07
      5.514      0.316      0.300     -0.900  1.478e+07
      5.529      0.364      0.302     -0.881  1.547e+07
      5.543      0.355      0.284     -0.890  1.491e+07
      5.557      0.362      0.275     -0.890  1.548e+07
      5.571      0.385      0.276     -0.881  1.518e+07
      5.586      0.401      0.221     -0.889  1.704e+07
      5.600      0.371      0.242     -0.896  1.500e+07
      5.614      0.362      0.244     -0.900  1.394e+07
      5.629      0.412      0.209     -0.887  1.509e+07
      5.643      0.400      0.234     -0.886  1.492e+07
      5.657      0.398      0.170     -0.902  1.525e+07
      5.671      0.452      0.171     -0.876  1.578e+07
      5.686      0.434      0.135     -0.891  1.562e+07
      5.700      0.424      0.152     -0.893  1.442e+07
      5.714      0.468      0.120     -0.875  1.551e+07
      5.729      0.507      0.078     -0.859  1.676e+07
      5.743      0.481      0.088     -0.872  1.478e+07
      5.757      0.475      0.077     -0.877  1.425e+07
      5.771      0.471      0.019     -0.882  1.490e+07
      5.786      0.488     -0.007     -0.873  1.485e+07
      5.800      0.498     -0.033     -0.866  1.555e+07
      5.814      0.515     -0.102     -0.851  1.517e+07
      5.829      0.470     -0.043     -0.881  1.295e+07
      5.843      0.469     -0.064     -0.881  1.367e+07
      5.857      0.484     -0.099     -0.870  1.356e+07
      5.871      0.456     -0.137     -0.879  1.326e+07
      5.886      0.444     -0.091     -0.891  1.363e+07
      5.900      0.461     -0.115     -0.880  1.394e+07
      5.914      0.433     -0.110     -0.895  1.339e+07
      5.929      0.387     -0.116     -0.915  1.218e+07
      5.943      0.433     -0.112     -0.894  1.277e+07
      5.957      0.444     -0.083     -0.892  1.294e+07
      5.971      0.402     -0.139     -0.905  1.166e+07
      5.986      0.398     -0.135     -0.907  1.227e+07
      6.000      0.416     -0.128     -0.900  1.286e+07
      6.014      0.430     -0.195     -0.882  1.310e+07
      6.029      0.389     -0.194     -0.900  1.138e+07
      6.043      0.377     -0.282     -0.882  1.237e+07
      6.057      0.434     -0.193     -0.880  1.261e+07
      6.071      0.402     -0.275     -0.874  1.287e+07
      6.086      0.445     -0.268     -0.854  1.449e+07
      6.100      0.377     -0.244     -0.894  1.251e+07
      6.114      0.419     -0.283     -0.863  1.318e+07
      6.129      0.408     -0.272     -0.871  1.332e+07
      6.143      0.449     -0.242     -0.860  1.460e+07
      6.157      0.439     -0.293     -0.849  1.493e+07
      6.171      0.457     -0.276     -0.846  1.626e+07
      6.186      0.459     -0.303     -0.835  1.530e+07
      6.200      0.440     -0.349     -0.827  1.405e+07
      6.214      0.458     -0.272     -0.846  1.507e+07
      6.229      0.464     -0.339     -0.819  1.666e+07
      6.243      0.489     -0.330     -0.807  1.729e+07
      6.257      0.505     -0.328     -0.798  1.882e+07
      6.271      0.561     -0.249     -0.789  1.811e+07
      6.286      0.540     -0.342     -0.769  2.101e+07
      6.300      0.567     -0.317     -0.760  2.053e+07
      6.314      0.593     -0.293     -0.750  2.129e+07
      6.329      0.581     -0.298     -0.757  2.101e+07
      6.343      0.588     -0.301     -0.751  2.294e+07
      6.357      0.612     -0.307     -0.729  2.427e+07
      6.371      0.606     -0.313     -0.732  2.479e+07
      6.386      0.635     -0.288     -0.716  2.528e+07
      6.400      0.651     -0.276     -0.707  2.712e+07
      6.414      0.648     -0.265     -0.714  2.762e+07
      6.429      0.661     -0.277     -0.697  2.997e+07
      6.443      0.664     -0.278     -0.694  2.984e+07
      6.457      0.672     -0.256     -0.695  2.905e+07
      6.471      0.652     -0.316     -0.689  3.172e+07
      6.486      0.669     -0.300     -0.680  3.313e+07
      6.500      0.676     -0.290     -0.677  3.542e+07
      6.514      0.687     -0.246     -0.684  3.577e+07
      6.529      0.699     -0.230     -0.678  3.722e+07
      6.543      0.687     -0.264     -0.677  3.812e+07
      6.557      0.690     -0.280     -0.667  4.107e+07
      6.571      0.693     -0.254     -0.674  3.924e+07
      6.586      0.700     -0.267     -0.662  4.283e+07
      6.600      0.703     -0.256     -0.663  4.336e+07
      6.614      0.702     -0.256     -0.665  4.674e+07
      6.629      0.704     -0.252     -0.665  4.966e+07
      6.643      0.714     -0.233     -0.661  4.804e+07
      6.657      0.712     -0.236     -0.661  5.577e+07
      6.671      0.713     -0.240     -0.659  5.660e+07
      6.686      0.717     -0.222     -0.660  5.652e+07
      6.700      0.722     -0.210     -0.659  6.189e+07
      6.714      0.723     -0.196     -0.662  6.114e+07
      6.729      0.722     -0.207     -0.660  6.972e+07
      6.743      0.724     -0.197     -0.662  7.211e+07
      6.757      0.723     -0.191     -0.664  7.061e+07
      6.771      0.737     -0.168     -0.654  7.509e+07
      6.786      0.736     -0.164     -0.657  7.999e+07
      6.800      0.738     -0.151     -0.658  7.945e+07
      6.814      0.743     -0.141     -0.655  7.898e+07
      6.829      0.745     -0.130     -0.654  8.553e+07
      6.843      0.749     -0.125     -0.651  9.058e+07
      6.857      0.750     -0.120     -0.650  9.012e+07
      6.871      0.752     -0.112     -0.650  9.198e+07
      6.886      0.759     -0.104     -0.642  9.085e+07
      6.900      0.762     -0.092     -0.641  8.934e+07
      6.914      0.761     -0.095     -0.642  9.912e+07
      6.929      0.770     -0.078     -0.633  8.912e+07
      6.943      0.763     -0.079     -0.641  9.470e+07
      6.957      0.766     -0.071     -0.639  9.388e+07
      6.971      0.765     -0.076     -0.639  9.459e+07
      6.986      0.770     -0.070     -0.635  9.352e+07
      7.000      0.764     -0.069     -0.641  9.666e+07
      7.014      0.762     -0.063     -0.645  9.791e+07
      7.029      0.775     -0.066     -0.628  9.994e+07
      7.043      0.776     -0.061     -0.628  9.358e+07
      7.057      0.778     -0.056     -0.626  9.796e+07
      7.071      0.778     -0.050     -0.626  9.365e+07
      7.086      0.771     -0.058     -0.634  9.711e+07
      7.100      0.776     -0.056     -0.628  9.930e+07
      7.114      0.780     -0.053     -0.624  9.722e+07
      7.129      0.780     -0.051     -0.624  9.783e+07
      7.143      0.784     -0.047     -0.619  9.771e+07
      7.157      0.786     -0.046     -0.617  9.613e+07
      7.171      0.787     -0.045     -0.616  9.969e+07
      7.186      0.783     -0.035     -0.621  9.451e+07
      7.200      0.788     -0.045     -0.615  9.473e+07
      7.214      0.787     -0.030     -0.616  9.731e+07
      7.229      0.794     -0.032     -0.608  9.844e+07
      7.243      0.791     -0.032     -0.611  9.988e+07
      7.257      0.791     -0.033     -0.611  9.816e+07
      7.271      0.789     -0.030     -0.614  9.677e+07
      7.286      0.796     -0.026     -0.605  1.009e+08
      7.300      0.795     -0.031     -0.606  1.011e+08
      7.314      0.791     -0.026     -0.611  9.947e+07
      7.329      0.799     -0.018     -0.601  9.318e+07
      7.343      0.800     -0.024     -0.600  1.007e+08
      7.357      0.801     -0.024     -0.599  9.540e+07
      7.371      0.801     -0.025     -0.598  1.015e+08
      7.386      0.812     -0.012     -0.583  1.009e+08
      7.400      0.807     -0.016     -0.590  1.031e+08
      7.414      0.814     -0.018     -0.581  1.017e+08
      7.429      0.816     -0.012     -0.579  1.036e+08
      7.443      0.812     -0.007     -0.583  1.072e+08
      7.457      0.816     -0.007     -0.578  1.060e+08
      7.471      0.822     -0.008     -0.570  1.048e+08
      7.486      0.821     -0.011     -0.571  1.058e+08
      7.500      0.829     -0.006     -0.559  1.110e+08
      7.514      0.833     -0.007     -0.553  1.086e+08
      7.529      0.831     -0.006     -0.556  1.142e+08
      7.543      0.834     -0.007     -0.551  1.139e+08
      7.557      0.839     -0.003     -0.543  1.158e+08
      7.571      0.840      0.001     -0.542  1.184e+08
      7.586      0.843     -0.004     -0.537  1.213e+08
      7.600      0.850     -0.000     -0.527  1.212e+08
      7.614      0.847     -0.003     -0.532  1.247e+08
      7.629      0.852     -0.003     -0.524  1.254e+08
      7.643      0.852      0.006     -0.523  1.293e+08
      7.657      0.853      0.002     -0.522  1.305e+08
      7.671      0.856      0.002     -0.517  1.317e+08
      7.686      0.859     -0.001     -0.513  1.339e+08
      7.700      0.857     -0.006     -0.514  1.353e+08
      7.714      0.861     -0.000     -0.509  1.348e+08
      7.729      0.863      0.003     -0.506  1.346e+08
      7.743      0.866     -0.000     -0.500  1.334e+08
      7.757      0.865      0.002     -0.502  1.368e+08
      7.771      0.864     -0.004     -0.503  1.403e+08
      7.786      0.862     -0.003     -0.506  1.435e+08
      7.800      0.866     -0.001     -0.501  1.404e+08
      7.814      0.864     -0.000     -0.503  1.464e+08
      7.829      0.863     -0.004     -0.504  1.450e+08
      7.843      0.864     -0.005     -0.503  1.454e+08
      7.857      0.867     -0.005     -0.497  1.492e+08
      7.871      0.867     -0.001     -0.498  1.471e+08
      7.886      0.864     -0.002     -0.503  1.551e+08
      7.900      0.870     -0.003     -0.493  1.579e+08
      7.914      0.868     -0.004     -0.496  1.576e+08
      7.929      0.869     -0.003     -0.495  1.573e+08
      7.943      0.869     -0.007     -0.496  1.590e+08
      7.957      0.868     -0.000     -0.496  1.618e+08
      7.971      0.868     -0.007     -0.496  1.579e+08
      7.986      0.869     -0.007     -0.495  1.650e+08
      8.000      0.872      0.002     -0.490  1.649e+08
      8.014      0.870     -0.005     -0.493  1.653e+08
      8.029      0.871     -0.012     -0.490  1.699e+08
      8.043      0.872     -0.008     -0.490  1.753e+08
      8.057      0.873     -0.010     -0.488  1.758e+08
      8.071      0.874     -0.008     -0.485  1.754e+08
      8.086      0.873     -0.010     -0.488  1.828e+08
      8.100      0.873     -0.011     -0.487  1.755e+08
      8.114      0.878     -0.018     -0.478  1.850e+08
      8.129      0.875     -0.013     -0.485  1.787e+08
      8.143      0.878     -0.018     -0.479  1.979e+08
      8.157      0.877     -0.017     -0.481  2.000e+08
      8.171      0.876     -0.021     -0.481  2.068e+08
      8.186      0.878     -0.019     -0.479  2.067e+08
      8.200      0.879     -0.022     -0.476  2.091e+08
      8.214      0.881     -0.021     -0.472  2.175e+08
      8.229      0.880     -0.025     -0.474  2.235e+08
      8.243      0.879     -0.026     -0.475  2.281e+08
      8.257      0.881     -0.032     -0.473  2.307e+08
      8.271      0.877     -0.034     -0.479  2.294e+08
      8.286      0.876     -0.038     -0.480  2.418e+08
      8.300      0.876     -0.039     -0.481  2.501e+08
      8.314      0.874     -0.043     -0.484  2.505e+08
      8.329      0.871     -0.046     -0.489  2.515e+08
      8.343      0.871     -0.050     -0.489  2.472e+08
      8.357      0.870     -0.046     -0.490  2.596e+08
      8.371      0.868     -0.053     -0.493  2.491e+08
      8.386      0.865     -0.051     -0.499  2.544e+08
      8.400      0.863     -0.057     -0.502  2.486e+08
      8.414      0.864     -0.050     -0.501  2.506e+08
      8.429      0.862     -0.055     -0.504  2.607e+08
      8.443      0.860     -0.053     -0.507  2.539e+08
      8.457      0.858     -0.055     -0.511  2.444e+08
      8.471      0.858     -0.051     -0.510  2.575e+08
      8.486      0.856     -0.050     -0.515  2.516e+08
      8.500      0.855     -0.055     -0.515  2.488e+08
      8.514      0.853     -0.051     -0.519  2.553e+08
      8.529      0.852     -0.050     -0.521  2.645e+08
      8.543      0.849     -0.049     -0.527  2.584e+08
      8.557      0.848     -0.051     -0.527  2.573e+08
      8.571      0.848     -0.049     -0.528  2.555e+08
      8.586      0.849     -0.052     -0.526  2.503e+08
      8.600      0.846     -0.049     -0.532  2.629e+08
      8.614      0.842     -0.045     -0.538  2.438e+08
      8.629      0.840     -0.046     -0.541  2.533e+08
      8.643      0.839     -0.038     -0.543  2.558e+08
      8.657      0.837     -0.041     -0.546  2.450e+08
      8.671      0.839     -0.044     -0.542  2.466e+08
      8.686      0.835     -0.039     -0.549  2.463e+08
      8.700      0.835     -0.039     -0.549  2.424e+08
      8.714      0.836     -0.037     -0.548  2.468e+08
      8.729      0.833     -0.037     -0.552  2.480e+08
      8.743      0.832     -0.038     -0.553  2.414e+08
      8.757      0.829     -0.034     -0.559  2.398e+08
      8.771      0.832     -0.033     -0.554  2.422e+08
      8.786      0.829     -0.032     -0.558  2.345e+08
      8.800      0.831     -0.037     -0.555  2.324e+08
      8.814      0.831     -0.035     -0.555  2.381e+08
      8.829      0.831     -0.029     -0.556  2.364e+08
      8.843      0.830     -0.025     -0.558  2.332e+08
      8.857      0.827     -0.025     -0.561  2.313e+08
      8.871      0.828     -0.023     -0.561  2.304e+08
      8.886      0.824     -0.024     -0.565  2.298e+08
      8.900      0.826     -0.021     -0.564  2.264e+08
      8.914      0.825     -0.019     -0.565  2.265e+08
      8.929      0.824     -0.022     -0.566  2.237e+08
      8.943      0.826     -0.011     -0.564  2.206e+08
      8.957      0.821     -0.009     -0.571  2.261e+08
      8.971      0.820     -0.012     -0.572  2.275e+08
      8.986      0.820     -0.004     -0.572  2.276e+08
      9.000      0.821     -0.005     -0.571  2.299e+08
      9.014      0.820     -0.004     -0.572  2.284e+08
      9.029      0.819     -0.001     -0.573  2.311e+08
      9.043      0.818     -0.001     -0.575  2.257e+08
      9.057      0.820      0.004     -0.573  2.294e+08
      9.071      0.819      0.007     -0.574  2.245e+08
      9.086      0.818      0.010     -0.574  2.256e+08
      9.100      0.818      0.011     -0.575  2.303e+08
      9.114      0.816      0.015     -0.577  2.345e+08
      9.129      0.818      0.021     -0.575  2.243e+08
      9.143      0.817      0.022     -0.576  2.265e+08
      9.157      0.816      0.026     -0.578  2.284e+08
      9.171      0.814      0.031     -0.580  2.249e+08
      9.186      0.816      0.035     -0.576  2.241e+08
      9.200      0.815      0.036     -0.579  2.203e+08
      9.214      0.815      0.038     -0.579  2.271e+08
      9.229      0.815      0.044     -0.578  2.209e+08
      9.243      0.815      0.037     -0.578  2.244e+08
      9.257      0.814      0.046     -0.579  2.235e+08
      9.271      0.813      0.052     -0.581  2.175e+08
      9.286      0.813      0.052     -0.580  2.174e+08
      9.300      0.814      0.053     -0.578  2.166e+08
      9.314      0.814      0.056     -0.578  2.173e+08
      9.329      0.815      0.055     -0.578  2.102e+08
      9.343      0.816      0.064     -0.574  2.134e+08
      9.357      0.817      0.060     -0.574  2.157e+08
      9.371      0.815      0.064     -0.576  2.162e+08
      9.386      0.815      0.069     -0.576  2.094e+08
      9.400      0.818      0.068     -0.572  2.088e+08
      9.414      0.819      0.078     -0.569  2.116e+08
      9.429      0.817      0.079     -0.572  2.079e+08
      9.443      0.820      0.075     -0.567  2.096e+08
      9.457      0.822      0.081     -0.564  1.977e+08
      9.471      0.820      0.075     -0.568  1.976e+08
      9.486      0.823      0.075     -0.563  1.977e+08
      9.500      0.827      0.088     -0.555  2.168e+08
      9.514      0.827      0.084     -0.556  2.121e+08
      9.529      0.827      0.081     -0.556  2.217e+08
      9.543      0.828      0.085     -0.554  2.183e+08
      9.557      0.831      0.079     -0.550  2.258e+08
      9.571      0.830      0.078     -0.553  2.256e+08
      9.586      0.832      0.079     -0.549  2.303e+08
      9.600      0.833      0.082     -0.547  2.300e+08
      9.614      0.831      0.073     -0.551  2.357e+08
      9.629      0.833      0.076     -0.549  2.361e+08
      9.643      0.833      0.078     -0.548  2.379e+08
      9.657      0.834      0.078     -0.547  2.441e+08
      9.671      0.834      0.076     -0.547  2.462e+08
      9.686      0.833      0.076     -0.547  2.461e+08
      9.700      0.836      0.076     -0.544  2.476e+08
      9.714      0.835      0.075     -0.545  2.447e+08
      9.729      0.835      0.075     -0.545  2.497e+08
      9.743      0.834      0.073     -0.548  2.515e+08
      9.757      0.836      0.073     -0.544  2.510e+08
      9.771      0.834      0.072     -0.547  2.497e+08
      9.786      0.833      0.070     -0.548  2.604e+08
      9.800      0.833      0.069     -0.548  2.555e+08
      9.814      0.832      0.073     -0.550  2.552e+08
      9.829      0.834      0.074     -0.546  2.568e+08
      9.843      0.834      0.072     -0.547  2.537e+08
      9.857      0.833      0.072     -0.549  2.579e+08
      9.871      0.830      0.072     -0.552  2.590e+08
      9.886      0.834      0.073     -0.548  2.584e+08
      9.900      0.832      0.070     -0.550  2.598e+08
      9.914      0.829      0.071     -0.554  2.694e+08
      9.929      0.833      0.070     -0.549  2.580e+08
      9.943      0.834      0.077     -0.547  2.579e+08
      9.957      0.832      0.074     -0.551  2.581e+08
      9.971      0.830      0.071     -0.553  2.567e+08
      9.986      0.831      0.071     -0.551  2.670e+08
     10.000      0.831      0.072     -0.551  2.689e+08
     10.014      0.830      0.072     -0.554  2.665e+08
     10.029      0.829      0.075     -0.554  2.624e+08
     10.043      0.831      0.074     -0.551  2.654e+08
     10.057      0.832      0.080     -0.549  2.724e+08
     10.071      0.828      0.075     -0.555  2.737e+08
     10.086      0.829      0.069     -0.555  2.805e+08
     10.100      0.827      0.070     -0.557  2.854e+08
     10.114      0.827      0.068     -0.558  2.741e+08
     10.129      0.827      0.070     -0.558  2.872e+08
     10.143      0.828      0.076     -0.556  2.787e+08
     10.157      0.827      0.076     -0.557  2.820e+08
     10.171      0.826      0.074     -0.558  2.868e+08
     10.186      0.826      0.074     -0.559  2.860e+08
     10.200      0.825      0.072     -0.561  2.859e+08
     10.214      0.824      0.075     -0.561  2.872e+08
     10.229      0.825      0.076     -0.560  2.920e+08
     10.243      0.824      0.077     -0.561  2.936e+08
     10.257      0.824      0.074     -0.561  2.943e+08
     10.271      0.823      0.075     -0.563  2.900e+08
     10.286      0.821      0.073     -0.566  2.961e+08
     10.300      0.819      0.073     -0.570  2.888e+08
     10.314      0.820      0.073     -0.568  2.955e+08
     10.329      0.816      0.070     -0.574  2.620e+08
     10.343      0.817      0.074     -0.572  2.628e+08
     10.357      0.816      0.072     -0.574  2.640e+08
     10.371      0.818      0.073     -0.570  2.607e+08
     10.386      0.816      0.074     -0.573  2.918e+08
     10.400      0.813      0.073     -0.577  2.620e+08
     10.414      0.813      0.073     -0.578  2.630e+08
     10.429      0.812      0.073     -0.579  2.639e+08
     10.443      0.811      0.076     -0.580  2.614e+08
     10.457      0.809      0.077     -0.583  2.571e+08
     10.471      0.810      0.077     -0.581  2.891e+08
     10.486      0.805      0.079     -0.588  2.570e+08
     10.500      0.807      0.082     -0.584  2.856e+08
     10.514      0.807      0.081     -0.585  2.864e+08
     10.529      0.808      0.082     -0.584  2.604e+08
     10.543      0.805      0.083     -0.588  2.940e+08
     10.557      0.805      0.086     -0.586  2.896e+08
     10.571      0.805      0.088     -0.587  2.617e+08
     10.586      0.806      0.087     -0.586  2.664e+08
     10.600      0.805      0.092     -0.587  2.990e+08
     10.614      0.806      0.094     -0.584  2.985e+08
     10.629      0.806      0.095     -0.585  3.029e+08
     10.643      0.806      0.095     -0.585  3.007e+08
     10.657      0.803      0.096     -0.588  3.037e+08
     10.671      0.804      0.096     -0.586  3.104e+08
     10.686      0.806      0.098     -0.584  3.070e+08
     10.700      0.806      0.099     -0.584  3.076e+08
     10.714      0.803      0.100     -0.588  3.159e+08
     10.729      0.801      0.099     -0.590  2.840e+08
     10.743      0.803      0.095     -0.589  2.864e+08
     10.757      0.804      0.098     -0.587  2.921e+08
     10.771      0.802      0.099     -0.589  2.903e+08
     10.786      0.803      0.098     -0.588  2.919e+08
     10.800      0.805      0.100     -0.585  3.419e+08
     10.814      0.804      0.101     -0.586  3.030e+08
     10.829      0.805      0.101     -0.585  3.378e+08
     10.843      0.802      0.102     -0.588  3.055e+08
     10.857      0.801      0.103     -0.590  3.519e+08
     10.871      0.800      0.105     -0.591  3.519e+08
     10.886      0.797      0.109     -0.594  3.557e+08
     10.900      0.799      0.107     -0.591  3.579e+08
     10.914      0.801      0.106     -0.589  3.676e+08
     10.929      0.801      0.103     -0.590  3.617e+08
     10.943      0.801      0.105     -0.590  3.619e+08
     10.957      0.801      0.106     -0.589  3.673e+08
     10.971      0.798      0.108     -0.592  3.688e+08
     10.986      0.797      0.110     -0.594  3.725e+08
     11.000      0.797      0.110     -0.594  3.802e+08
     11.014      0.796      0.110     -0.595  3.848e+08
     11.029      0.797      0.111     -0.594  3.886e+08
     11.043      0.796      0.113     -0.595  3.862e+08
     11.057      0.794      0.112     -0.598  3.876e+08
     11.071      0.795      0.112     -0.596  3.933e+08
     11.086      0.791      0.118     -0.601  3.820e+08
     11.100      0.791      0.118     -0.600  3.896e+08
     11.114      0.789      0.117     -0.603  3.891e+08
     11.129      0.791      0.119     -0.600  3.995e+08
     11.143      0.791      0.118     -0.600  3.934e+08
     11.157      0.792      0.116     -0.599  4.005e+08
     11.171      0.791      0.117     -0.601  3.986e+08
     11.186      0.790      0.119     -0.602  3.935e+08
     11.200      0.790      0.123     -0.601  3.925e+08
     11.214      0.790      0.118     -0.601  3.949e+08
     11.229      0.789      0.120     -0.602  4.041e+08
     11.243      0.790      0.120     -0.601  3.933e+08
     11.257      0.791      0.120     -0.600  3.979e+08
     11.271      0.790      0.123     -0.600  3.963e+08
     11.286      0.789      0.122     -0.602  4.001e+08
     11.300      0.789      0.123     -0.602  3.937e+08
     11.314      0.788      0.126     -0.603  4.032e+08
     11.329      0.787      0.127     -0.603  4.011e+08
     11.343      0.787      0.130     -0.604  3.980e+08
     11.357      0.786      0.129     -0.604  4.003e+08
     11.371      0.788      0.129     -0.602  3.969e+08
     11.386      0.788      0.125     -0.603  3.972e+08
     11.400      0.790      0.122     -0.602  3.920e+08
     11.414      0.788      0.125     -0.604  3.913e+08
     11.429      0.786      0.125     -0.605  3.864e+08
     11.443      0.788      0.124     -0.602  3.922e+08
