#         t          x          y          z         vx         vy         vz
      0.000   -377.710    611.460   -284.630     73.690    -72.290     49.200
      0.014   -376.680    610.430   -283.920     74.080    -73.420     50.350
      0.029   -375.610    609.400   -283.220     74.420    -75.040     51.920
      0.043   -374.580    608.350   -282.500     73.040    -74.670     52.120
      0.057   -373.530    607.310   -281.790     72.740    -74.640     52.080
      0.071   -372.450    606.260   -281.120     73.490    -75.860     51.870
      0.086   -371.410    605.200   -280.390     73.180    -75.930     51.730
      0.100   -370.360    604.130   -279.680     72.300    -76.630     52.330
      0.114   -369.270    603.040   -278.970     73.160    -76.670     51.950
      0.129   -368.220    601.970   -278.270     73.550    -76.560     51.070
      0.143   -367.160    600.890   -277.570     74.870    -77.360     51.280
      0.157   -366.070    599.800   -276.870     75.340    -77.490     51.780
      0.171   -365.000    598.700   -276.130     74.480    -78.020     52.980
      0.186   -363.900    597.600   -275.430     74.580    -77.630     52.870
      0.200   -362.850    596.530   -274.730     74.610    -77.360     52.590
      0.214   -361.750    595.410   -274.000     74.420    -77.680     52.010
      0.229   -360.670    594.330   -273.320     74.630    -78.440     51.920
      0.243   -359.620    593.230   -272.610     74.100    -78.470     50.760
      0.257   -358.550    592.110   -271.910     73.610    -77.650     49.900
      0.271   -357.500    591.010   -271.210     73.410    -79.050     51.750
      0.286   -356.450    589.880   -270.480     71.760    -79.860     50.970
      0.300   -355.400    588.720   -269.770     70.970    -80.040     50.890
      0.314   -354.350    587.590   -269.070     71.020    -79.510     50.280
      0.329   -353.320    586.460   -268.390     71.940    -80.250     49.370
      0.343   -352.230    585.290   -267.690     71.580    -81.440     50.050
      0.357   -351.230    584.140   -266.990     70.510    -81.940     49.750
      0.371   -350.210    582.990   -266.310     70.280    -82.630     50.000
      0.386   -349.130    581.790   -265.620     69.290    -82.320     50.100
      0.400   -348.190    580.660   -264.950     68.630    -82.380     49.410
      0.414   -347.130    579.430   -264.220     68.260    -81.480     48.810
      0.429   -346.180    578.300   -263.570     68.330    -81.820     45.850
      0.443   -345.150    577.060   -262.860     67.490    -82.510     45.870
      0.457   -344.130    575.840   -262.180     66.860    -82.520     45.100
      0.471   -343.220    574.720   -261.580     67.670    -82.240     43.800
      0.486   -342.190    573.450   -260.840     69.100    -83.200     44.930
      0.500   -341.230    572.240   -260.160     67.790    -83.320     45.010
      0.514   -340.290    571.090   -259.540     67.710    -83.200     45.580
      0.529   -339.320    569.830   -258.790     66.280    -82.460     45.130
      0.543   -338.390    568.660   -258.170     66.000    -82.720     44.160
      0.557   -337.430    567.440   -257.500     66.470    -83.430     43.940
      0.571   -336.510    566.240   -256.830     66.190    -83.230     44.690
      0.586   -335.570    565.010   -256.140     65.870    -83.430     44.440
      0.600   -334.650    563.800   -255.470     65.300    -83.860     44.990
      0.614   -333.750    562.600   -254.810     64.580    -83.230     44.720
      0.629   -332.850    561.390   -254.120     63.260    -82.870     44.330
      0.643   -331.970    560.180   -253.450     62.460    -83.090     44.490
      0.657   -331.120    559.010   -252.830     62.070    -83.230     43.660
      0.671   -330.270    557.830   -252.190     60.830    -82.720     43.890
      0.686   -329.400    556.660   -251.580     61.020    -82.290     42.510
      0.700   -328.620    555.490   -250.920     58.530    -81.980     43.430
      0.714   -327.750    554.310   -250.320     58.010    -82.380     43.930
      0.729   -326.970    553.170   -249.710     57.230    -82.100     44.050
      0.743   -326.190    552.010   -249.100     56.720    -81.590     42.470
      0.757   -325.390    550.850   -248.490     54.440    -81.070     42.880
      0.771   -324.610    549.700   -247.900     54.190    -80.990     42.710
      0.786   -323.800    548.520   -247.270     52.480    -80.660     43.530
      0.800   -323.070    547.400   -246.690     51.210    -80.250     43.420
      0.814   -322.330    546.260   -246.090     49.200    -79.510     43.390
      0.829   -321.650    545.180   -245.520     48.700    -77.710     42.240
      0.843   -320.910    544.050   -244.930     46.380    -76.810     42.150
      0.857   -320.230    542.990   -244.380     46.350    -75.350     41.670
      0.871   -319.500    541.880   -243.790     45.610    -74.340     40.950
      0.886   -318.820    540.800   -243.210     45.430    -73.320     40.080
      0.900   -318.140    539.740   -242.620     45.800    -73.090     40.140
      0.914   -317.480    538.720   -242.080     46.070    -72.260     40.320
      0.929   -316.810    537.670   -241.480     46.120    -71.850     40.180
      0.943   -316.140    536.610   -240.870     45.370    -71.020     40.950
      0.957   -315.460    535.590   -240.280     45.700    -70.930     41.360
      0.971   -314.840    534.590   -239.690     45.570    -70.570     42.280
      0.986   -314.170    533.550   -239.030     45.100    -68.840     43.230
      1.000   -313.470    532.530   -238.400     44.550    -69.020     44.010
      1.014   -312.850    531.550   -237.760     43.580    -68.270     43.790
      1.029   -312.210    530.560   -237.120     43.180    -68.120     45.400
      1.043   -311.590    529.580   -236.460     43.380    -68.250     46.450
      1.057   -310.930    528.620   -235.810     43.200    -67.220     48.180
      1.071   -310.300    527.660   -235.120     42.570    -66.190     49.080
      1.086   -309.710    526.710   -234.400     43.250    -64.770     48.610
      1.100   -309.050    525.750   -233.690     43.520    -64.730     49.910
      1.114   -308.400    524.840   -233.010     44.730    -63.830     49.760
      1.129   -307.730    523.910   -232.300     45.910    -64.150     49.620
      1.143   -307.050    523.000   -231.620     46.030    -64.260     49.890
      1.157   -306.380    522.050   -230.890     45.440    -64.310     50.580
      1.171   -305.770    521.160   -230.150     46.440    -63.860     50.840
      1.186   -305.120    520.250   -229.410     47.520    -63.910     52.030
      1.200   -304.430    519.360   -228.680     47.770    -63.540     54.450
      1.214   -303.780    518.470   -227.900     47.820    -63.280     54.990
      1.229   -303.090    517.550   -227.100     47.280    -63.330     55.950
      1.243   -302.430    516.670   -226.320     46.990    -63.310     56.790
      1.257   -301.760    515.780   -225.510     47.050    -62.730     57.050
      1.271   -301.040    514.880   -224.720     47.050    -62.690     57.830
      1.286   -300.380    514.000   -223.890     47.930    -61.420     57.540
      1.300   -299.680    513.130   -223.100     48.360    -60.660     57.350
      1.314   -298.970    512.260   -222.280     50.040    -61.030     57.700
      1.329   -298.250    511.410   -221.480     51.520    -60.550     58.910
      1.343   -297.540    510.550   -220.640     51.050    -60.620     58.880
      1.357   -296.810    509.700   -219.820     52.290    -60.920     58.940
      1.371   -296.050    508.810   -218.970     52.970    -62.100     59.710
      1.386   -295.300    507.950   -218.140     53.010    -62.630     60.260
      1.400   -294.530    507.060   -217.280     54.260    -62.670     61.150
      1.414   -293.760    506.180   -216.410     54.270    -62.870     62.020
      1.429   -292.970    505.300   -215.550     55.130    -63.180     63.130
      1.443   -292.180    504.400   -214.640     55.910    -63.190     64.260
      1.457   -291.380    503.520   -213.760     56.440    -63.250     64.470
      1.471   -290.550    502.630   -212.890     57.190    -63.190     64.410
      1.486   -289.730    501.740   -211.980     57.800    -62.680     63.210
      1.500   -288.890    500.840   -211.090     58.170    -62.560     62.960
      1.514   -288.050    499.960   -210.220     58.830    -62.470     62.010
      1.529   -287.200    499.040   -209.290     59.270    -62.620     62.840
      1.543   -286.350    498.150   -208.390     59.290    -62.480     63.850
      1.557   -285.480    497.240   -207.470     60.230    -63.250     64.250
      1.571   -284.620    496.350   -206.570     60.800    -63.340     64.280
      1.586   -283.760    495.450   -205.650     61.830    -63.250     63.760
      1.600   -282.860    494.530   -204.730     62.230    -64.150     64.730
      1.614   -281.970    493.600   -203.790     62.250    -64.450     65.410
      1.629   -281.090    492.670   -202.820     62.540    -64.360     65.180
      1.643   -280.160    491.750   -201.910     64.480    -64.290     64.790
      1.657   -279.260    490.820   -200.950     64.950    -64.980     64.970
      1.671   -278.320    489.860   -199.990     66.030    -65.730     65.320
      1.686   -277.400    488.930   -199.040     67.590    -66.530     65.600
      1.700   -276.460    487.970   -198.060     68.450    -67.260     65.880
      1.714   -275.500    487.010   -197.090     70.040    -68.160     66.380
      1.729   -274.510    486.030   -196.110     70.950    -68.120     66.900
      1.743   -273.570    485.080   -195.130     71.890    -68.650     67.240
      1.757   -272.590    484.100   -194.130     72.720    -69.600     67.620
      1.771   -271.580    483.130   -193.170     74.270    -69.910     67.780
      1.786   -270.530    482.120   -192.170     73.970    -69.530     69.210
      1.800   -269.560    481.180   -191.200     74.250    -69.800     68.920
      1.814   -268.540    480.170   -190.190     74.540    -70.220     69.100
      1.829   -267.510    479.200   -189.210     75.300    -70.080     69.400
      1.843   -266.460    478.190   -188.210     75.260    -70.160     69.110
      1.857   -265.410    477.220   -187.250     75.940    -70.980     69.650
      1.871   -264.370    476.220   -186.250     76.400    -70.560     70.460
      1.886   -263.290    475.230   -185.260     77.230    -70.560     71.040
      1.900   -262.210    474.230   -184.250     77.930    -71.340     71.020
      1.914   -261.120    473.220   -183.260     78.170    -72.080     72.030
      1.929   -260.040    472.210   -182.260     78.510    -72.950     71.590
      1.943   -258.950    471.200   -181.250     79.070    -73.010     71.740
      1.957   -257.830    470.180   -180.260     78.990    -72.870     71.850
      1.971   -256.720    469.150   -179.250     79.180    -74.200     71.520
      1.986   -255.630    468.110   -178.240     79.570    -74.350     70.620
      2.000   -254.500    467.070   -177.250     79.180    -73.700     71.330
      2.014   -253.340    466.030   -176.270     79.770    -74.540     71.240
      2.029   -252.220    464.970   -175.250     80.570    -75.980     71.260
      2.043   -251.060    463.880   -174.230     80.350    -77.000     71.480
      2.057   -249.900    462.790   -173.220     81.440    -77.490     72.130
      2.071   -248.710    461.690   -172.200     82.560    -78.130     72.370
      2.086   -247.550    460.580   -171.150     82.790    -78.490     72.230
      2.100   -246.350    459.440   -170.110     83.220    -78.960     73.030
      2.114   -245.150    458.300   -169.050     83.260    -79.290     72.740
      2.129   -243.970    457.210   -168.050     84.000    -78.890     72.740
      2.143   -242.760    456.060   -167.000     84.680    -80.080     72.760
      2.157   -241.540    454.920   -165.970     85.650    -80.460     73.250
      2.171   -240.300    453.740   -164.900     85.810    -81.430     74.320
      2.186   -239.040    452.530   -163.810     85.900    -81.490     73.770
      2.200   -237.810    451.390   -162.800     86.590    -82.270     73.550
      2.214   -236.600    450.220   -161.720     86.830    -81.600     73.250
      2.229   -235.370    449.050   -160.680     87.160    -81.680     73.300
      2.243   -234.110    447.840   -159.580     87.140    -81.720     73.060
      2.257   -232.860    446.660   -158.550     88.770    -82.300     73.070
      2.271   -231.620    445.470   -157.460     88.860    -82.770     72.930
      2.286   -230.330    444.240   -156.380     89.450    -83.320     72.210
      2.300   -229.110    443.070   -155.340     90.230    -84.400     72.690
      2.314   -227.800    441.810   -154.250     91.330    -84.630     72.070
      2.329   -226.530    440.610   -153.210     92.400    -85.490     72.360
      2.343   -225.260    439.380   -152.130     92.430    -86.130     71.920
      2.357   -223.960    438.140   -151.080     92.360    -87.490     72.330
      2.371   -222.690    436.890   -150.020     91.590    -88.330     72.940
      2.386   -221.410    435.630   -148.970     91.090    -89.990     73.020
      2.400   -220.170    434.360   -147.900     89.950    -90.810     72.880
      2.414   -218.890    433.060   -146.840     89.550    -91.250     72.340
      2.429   -217.610    431.770   -145.810     89.680    -91.460     72.170
      2.443   -216.350    430.460   -144.730     89.150    -91.890     72.460
      2.457   -215.060    429.150   -143.690     89.390    -92.410     72.840
      2.471   -213.800    427.820   -142.610     88.940    -93.000     72.570
      2.486   -212.510    426.480   -141.550     89.560    -93.090     72.460
      2.500   -211.230    425.130   -140.490     90.360    -93.870     72.570
      2.514   -209.950    423.800   -139.430     91.090    -94.880     72.660
      2.529   -208.640    422.400   -138.340     91.650    -95.250     72.780
      2.543   -207.380    421.070   -137.290     92.970    -96.180     74.140
      2.557   -206.010    419.680   -136.250     93.120    -96.700     74.080
      2.571   -204.720    418.300   -135.170     92.700    -96.770     73.790
      2.586   -203.400    416.900   -134.100     92.380    -97.310     73.450
      2.600   -202.080    415.490   -133.040     92.870    -97.590     73.170
      2.614   -200.770    414.080   -131.940     92.140    -97.420     74.020
      2.629   -199.440    412.690   -130.900     92.060    -97.800     74.510
      2.643   -198.130    411.280   -129.820     92.250    -97.140     73.780
      2.657   -196.820    409.880   -128.730     92.590    -97.240     73.880
      2.671   -195.500    408.490   -127.680     93.140    -97.590     74.520
      2.686   -194.170    407.070   -126.590     92.470    -97.010     73.390
      2.700   -192.790    405.630   -125.530     93.070    -97.440     73.840
      2.714   -191.460    404.210   -124.440     93.110    -98.580     73.570
      2.729   -190.120    402.770   -123.360     94.520    -99.660     73.840
      2.743   -188.760    401.330   -122.280     94.750    -99.810     74.840
      2.757   -187.430    399.910   -121.210     94.850   -100.150     74.760
      2.771   -186.070    398.450   -120.120     94.350   -101.080     75.940
      2.786   -184.700    397.000   -119.050     94.860   -101.260     75.430
      2.800   -183.330    395.530   -117.950     94.900   -101.320     76.100
      2.814   -181.940    394.050   -116.850     94.920   -102.270     76.680
      2.829   -180.600    392.590   -115.750     94.710   -102.190     76.890
      2.843   -179.220    391.120   -114.660     95.570   -103.720     76.870
      2.857   -177.850    389.600   -113.520     95.250   -104.460     77.870
      2.871   -176.440    388.080   -112.400     95.920   -104.380     77.890
      2.886   -175.030    386.560   -111.290     95.770   -105.120     78.210
      2.900   -173.660    385.020   -110.130     96.200   -105.150     77.800
      2.914   -172.280    383.530   -109.040     96.570   -105.580     77.050
      2.929   -170.870    381.970   -107.900     95.750   -105.940     77.260
      2.943   -169.470    380.400   -106.750     95.940   -106.550     78.160
      2.957   -168.080    378.860   -105.630     96.540   -108.320     77.890
      2.971   -166.680    377.270   -104.480     97.020   -109.210     78.230
      2.986   -165.270    375.680   -103.330     95.850   -109.960     78.870
      3.000   -163.860    374.070   -102.180     96.560   -111.330     79.650
      3.014   -162.470    372.460   -101.000     96.460   -112.070     80.680
      3.029   -161.010    370.820    -99.870     96.910   -112.950     81.150
      3.043   -159.600    369.180    -98.670     97.080   -113.320     81.690
      3.057   -158.180    367.560    -97.520     98.380   -113.680     82.030
      3.071   -156.710    365.870    -96.310     99.450   -114.150     81.930
      3.086   -155.310    364.240    -95.140    100.610   -114.330     81.870
      3.100   -153.850    362.570    -93.950    101.290   -115.250     82.280
      3.114   -152.360    360.900    -92.770    102.390   -115.900     82.940
      3.129   -150.890    359.200    -91.550    101.890   -116.970     83.410
      3.143   -149.410    357.490    -90.360    101.880   -118.480     83.350
      3.157   -147.930    355.760    -89.150    102.350   -119.090     83.610
      3.171   -146.490    354.040    -87.930    102.470   -119.560     83.680
      3.186   -144.960    352.300    -86.740    102.750   -120.900     84.870
      3.200   -143.520    350.540    -85.510    102.110   -121.430     83.740
      3.214   -142.020    348.760    -84.300    103.140   -122.730     84.640
      3.229   -140.530    346.980    -83.080    103.120   -124.020     85.560
      3.243   -139.040    345.200    -81.850    103.610   -124.670     85.650
      3.257   -137.530    343.360    -80.600    104.020   -126.680     87.400
      3.271   -136.030    341.530    -79.330    104.530   -127.250     87.570
      3.286   -134.510    339.670    -78.080    105.800   -129.160     87.430
      3.300   -132.970    337.820    -76.860    106.620   -131.510     88.400
      3.314   -131.450    335.900    -75.550    107.220   -132.790     89.180
      3.329   -129.920    333.980    -74.260    107.800   -133.610     88.970
      3.343   -128.340    332.030    -72.990    108.610   -134.760     89.370
      3.357   -126.800    330.110    -71.710    110.220   -135.570     89.950
      3.371   -125.210    328.170    -70.460    111.680   -137.530     89.650
      3.386   -123.640    326.180    -69.160    111.860   -138.690     89.960
      3.400   -122.040    324.190    -67.900    113.410   -140.590     89.030
      3.414   -120.430    322.150    -66.600    114.050   -142.410     88.750
      3.429   -118.790    320.120    -65.370    113.950   -144.530     88.330
      3.443   -117.150    318.030    -64.110    114.700   -146.430     88.650
      3.457   -115.530    315.940    -62.850    115.550   -148.510     88.130
      3.471   -113.880    313.810    -61.620    116.300   -151.090     87.320
      3.486   -112.200    311.640    -60.390    116.140   -154.730     88.150
      3.500   -110.540    309.430    -59.150    117.030   -157.820     88.560
      3.514   -108.880    307.190    -57.910    117.070   -160.930     88.950
      3.529   -107.190    304.890    -56.680    117.110   -163.800     89.640
      3.543   -105.540    302.600    -55.430    118.630   -165.940     89.200
      3.557   -103.810    300.240    -54.220    118.560   -168.620     89.650
      3.571   -102.090    297.850    -52.980    118.110   -170.530     90.460
      3.586   -100.400    295.420    -51.730    118.420   -172.560     89.860
      3.600    -98.640    292.960    -50.530    119.030   -175.120     89.570
      3.614    -96.930    290.470    -49.320    119.400   -177.330     87.830
      3.629    -95.170    287.960    -48.150    121.450   -180.620     87.440
      3.643    -93.420    285.380    -46.960    122.300   -183.070     86.100
      3.657    -91.640    282.740    -45.760    123.090   -186.430     84.920
      3.671    -89.820    280.010    -44.560    122.860   -189.490     84.190
      3.686    -88.050    277.320    -43.420    123.990   -192.520     83.270
      3.700    -86.230    274.510    -42.260    124.480   -196.570     82.530
      3.714    -84.420    271.690    -41.150    124.970   -200.660     81.150
      3.729    -82.600    268.780    -40.010    125.610   -205.750     80.390
      3.743    -80.760    265.790    -38.880    125.620   -210.130     79.930
      3.757    -78.970    262.770    -37.780    125.220   -215.730     77.390
      3.771    -77.160    259.650    -36.710    125.490   -221.910     74.660
      3.786    -75.340    256.420    -35.630    125.360   -227.310     72.620
      3.800    -73.530    253.130    -34.620    125.480   -233.380     70.130
      3.814    -71.720    249.760    -33.630    125.300   -239.790     66.820
      3.829    -69.920    246.300    -32.700    125.150   -246.210     63.410
      3.843    -68.150    242.740    -31.800    124.760   -253.400     59.660
      3.857    -66.410    239.070    -30.940    122.970   -261.060     54.180
      3.871    -64.710    235.330    -30.200    121.240   -269.560     48.350
      3.886    -63.020    231.430    -29.530    116.920   -278.500     42.400
      3.900    -61.390    227.420    -28.960    111.710   -286.080     34.450
      3.914    -59.860    223.320    -28.510    104.380   -294.040     24.930
      3.929    -58.450    219.130    -28.220     96.000   -299.320     12.070
      3.943    -57.150    214.870    -28.100     86.410   -303.230     -1.560
      3.957    -56.000    210.550    -28.170     75.040   -304.070    -16.220
      3.971    -55.010    206.240    -28.440     63.980   -301.260    -30.100
      3.986    -54.180    201.980    -28.880     52.850   -294.030    -42.410
      4.000    -53.520    197.850    -29.540     42.700   -285.720    -52.490
      4.014    -53.020    193.850    -30.350     33.920   -276.090    -59.150
      4.029    -52.640    189.960    -31.150     25.610   -264.700    -64.800
      4.043    -52.340    186.290    -32.130     20.200   -252.670    -67.590
      4.057    -52.070    182.730    -33.060     15.990   -241.670    -68.010
      4.071    -51.930    179.390    -34.100     13.440   -229.690    -68.430
      4.086    -51.760    176.160    -35.080     12.970   -218.950    -67.850
      4.100    -51.620    173.010    -35.950     12.110   -208.990    -66.700
      4.114    -51.450    170.050    -36.920     12.560   -199.760    -64.770
      4.129    -51.340    167.250    -37.890     14.520   -192.350    -62.340
      4.143    -51.200    164.510    -38.750     16.010   -184.770    -58.900
      4.157    -51.030    161.880    -39.570     17.110   -177.550    -55.990
      4.171    -50.850    159.390    -40.370     17.470   -171.230    -52.270
      4.186    -50.630    156.900    -41.050     18.110   -165.220    -49.380
      4.200    -50.400    154.560    -41.770     19.530   -160.960    -46.620
      4.214    -49.490    153.330    -43.610     24.940   -158.260    -42.100
      4.229    -49.220    151.140    -44.190     25.260   -153.760    -37.430
      4.243    -48.950    149.010    -44.710     25.670   -148.780    -34.760
      4.257    -48.660    146.930    -45.200     25.720   -145.040    -32.620
      4.271    -48.360    144.890    -45.640     25.900   -140.620    -29.700
      4.286    -48.060    142.920    -46.030     26.370   -136.580    -26.220
      4.300    -47.780    141.010    -46.340     26.640   -131.450    -23.820
      4.314    -47.480    139.170    -46.640     27.090   -127.720    -22.190
      4.329    -47.200    137.370    -46.880     26.940   -123.850    -19.440
      4.343    -46.940    135.640    -47.070     26.780   -119.440    -16.450
      4.357    -46.680    133.970    -47.260     26.560   -116.420    -15.410
      4.371    -46.440    132.350    -47.400     25.600   -111.730    -13.880
      4.386    -46.210    130.780    -47.570     24.900   -109.350    -12.380
      4.400    -46.000    129.250    -47.710     23.920   -106.470    -10.250
      4.414    -45.790    127.770    -47.820     23.180   -102.930     -8.120
      4.429    -45.580    126.330    -47.900     22.660    -99.590     -6.000
      4.443    -45.390    124.950    -47.970     22.310    -96.330     -5.470
      4.457    -45.060    122.390    -47.310     18.110    -91.900     -3.360
      4.471    -44.730    121.110    -47.350     18.260    -88.300     -1.570
      4.486    -44.490    119.860    -47.390     18.780    -85.490     -0.640
      4.500    -44.240    118.610    -47.360     18.060    -82.640     -0.040
      4.514    -43.990    117.480    -47.380     17.950    -79.940      0.010
      4.529    -43.740    116.350    -47.340     16.340    -76.710      1.320
      4.543    -43.480    115.280    -47.320     16.300    -74.240      1.770
      4.557    -43.210    114.240    -47.280     16.990    -70.820      2.310
      4.571    -43.050    113.250    -47.210     16.690    -66.940      4.250
      4.586    -42.800    112.310    -47.130     15.950    -63.510      4.800
      4.600    -42.520    111.410    -47.060     15.710    -61.490      6.110
      4.614    -42.330    110.560    -46.980     15.790    -59.110      7.280
      4.629    -42.090    109.720    -46.850     15.360    -56.710      8.360
      4.643    -41.900    108.930    -46.730     14.870    -54.700      9.350
      4.657    -41.680    108.160    -46.580     14.980    -52.330     10.380
      4.671    -41.480    107.450    -46.450     14.790    -51.150     11.460
      4.686    -41.240    106.730    -46.300     14.250    -48.560     11.930
      4.700    -41.050    106.060    -46.130     14.570    -46.530     12.850
      4.714    -40.860    105.470    -45.980     14.340    -44.190     14.050
      4.729    -40.640    104.820    -45.750     14.500    -41.350     14.170
      4.743    -40.440    104.280    -45.600     14.900    -38.540     14.500
      4.757    -40.190    103.780    -45.430     14.780    -36.220     13.850
      4.771    -39.980    103.280    -45.210     14.240    -33.880     13.960
      4.786    -39.790    102.810    -45.030     13.740    -31.710     14.300
      4.800    -39.600    102.380    -44.820     14.190    -30.290     14.550
      4.814    -39.360    101.970    -44.620     15.090    -27.930     15.040
      4.829    -39.190    101.620    -44.410     15.250    -25.380     15.130
      4.843    -38.940    101.280    -44.190     15.700    -23.270     16.400
      4.857    -38.720    100.970    -43.960     16.420    -21.510     17.000
      4.871    -38.490    100.680    -43.720     15.470    -19.530     17.530
      4.886    -38.270    100.460    -43.520     15.980    -16.980     16.530
      4.900    -38.030    100.230    -43.280     16.600    -15.240     16.540
      4.914    -37.760    100.040    -43.050     16.400    -12.990     17.220
      4.929    -37.530     99.860    -42.810     16.970    -11.570     17.800
      4.943    -37.300     99.740    -42.590     18.310    -10.000     18.540
      4.957    -37.010     99.590    -42.310     18.230     -8.090     18.710
      4.971    -36.760     99.520    -42.080     17.930     -6.940     19.390
      4.986    -36.470     99.430    -41.810     18.360     -5.000     21.040
      5.000    -36.210     99.370    -41.530     18.780     -3.460     21.920
      5.014    -35.920     99.350    -41.250     18.650     -1.520     22.650
      5.029    -35.630     99.340    -40.960     19.240     -0.230     23.390
      5.043    -35.340     99.370    -40.670     19.590      1.910     23.780
      5.057    -35.020     99.390    -40.360     19.190      2.640     24.840
      5.071    -34.710     99.470    -40.050     20.920      4.930     25.230
      5.086    -34.410     99.560    -39.710     20.980      6.550     25.420
      5.100    -34.080     99.690    -39.370     21.730      8.170     26.830
      5.114    -33.770     99.810    -39.040     22.540      9.950     27.040
      5.129    -33.380     99.950    -38.650     22.910     11.900     27.850
      5.143    -33.050    100.130    -38.260     23.250     13.390     28.690
      5.157    -32.700    100.350    -37.880     24.100     15.110     29.830
      5.171    -32.370    100.580    -37.480     25.390     16.770     30.810
      5.186    -31.990    100.790    -37.030     25.260     17.240     31.870
      5.200    -31.630    101.070    -36.600     25.220     18.560     32.910
      5.214    -31.270    101.340    -36.150     25.430     19.710     33.770
      5.229    -30.900    101.640    -35.700     26.240     21.030     34.610
      5.243    -30.520    101.980    -35.230     26.210     23.530     35.750
      5.257    -30.160    102.320    -34.740     26.330     25.110     36.830
      5.271    -29.740    102.700    -34.240     26.850     26.470     37.980
      5.286    -29.390    103.090    -33.730     27.020     28.580     37.280
      5.300    -28.950    103.530    -33.230     27.810     30.480     38.350
      5.314    -28.530    103.980    -32.710     29.130     33.000     39.020
      5.329    -28.100    104.470    -32.190     29.980     34.690     39.480
      5.343    -27.650    104.970    -31.650     29.940     36.610     39.930
      5.357    -27.220    105.490    -31.090     30.850     38.040     41.410
      5.371    -26.780    106.050    -30.520     31.870     39.320     41.560
      5.386    -26.320    106.620    -29.920     31.900     41.650     43.560
      5.400    -25.830    107.250    -29.330     33.590     43.200     45.030
      5.414    -25.380    107.890    -28.700     34.710     45.130     45.390
      5.429    -24.890    108.550    -28.060     34.440     46.720     46.860
      5.443    -24.430    109.250    -27.400     35.990     47.550     46.900
      5.457    -23.940    109.940    -26.720     35.990     49.890     48.200
      5.471    -23.460    110.700    -26.040     36.860     51.420     48.960
      5.486    -22.930    111.470    -25.350     38.080     53.870     49.750
      5.500    -22.440    112.280    -24.650     38.260     56.020     51.140
      5.514    -21.920    113.100    -23.900     39.160     58.730     53.420
      5.529    -21.400    113.990    -23.130     40.170     61.670     55.030
      5.543    -20.830    114.910    -22.360     41.100     64.090     56.250
      5.557    -20.280    115.860    -21.560     41.550     67.340     57.150
      5.571    -19.730    116.880    -20.770     42.900     70.270     58.750
      5.586    -19.140    117.910    -19.960     44.090     73.640     60.440
      5.600    -18.530    119.020    -19.110     45.790     77.440     62.300
      5.614    -17.960    120.140    -18.220     46.600     80.840     64.310
      5.629    -17.310    121.350    -17.320     47.760     83.830     66.900
      5.643    -16.660    122.560    -16.380     48.980     86.520     68.850
      5.657    -15.980    123.850    -15.430     50.210     90.330     70.350
      5.671    -15.270    125.200    -14.470     52.690     94.180     72.940
      5.686    -14.540    126.600    -13.450     53.780     99.820     75.140
      5.700    -13.760    128.050    -12.380     57.100    104.960     77.660
      5.714    -12.980    129.580    -11.270     60.690    110.180     79.740
      5.729    -12.130    131.240    -10.170     64.080    117.610     82.190
      5.743    -11.230    132.920     -8.980     66.820    123.740     86.420
      5.757    -10.290    134.740     -7.760     71.220    130.860     90.950
      5.771     -9.280    136.630     -6.440     75.310    138.730     95.290
      5.786     -8.260    138.630     -5.070     80.880    147.150     99.210
      5.800     -7.090    140.750     -3.640     89.610    156.810    105.240
      5.814     -5.840    143.040     -2.130    101.400    169.470    114.160
      5.829     -4.390    145.470     -0.430    118.800    184.740    126.540
      5.843     -2.660    148.130      1.360    154.250    198.650    143.400
      5.857     -0.430    150.700      3.260    196.440    148.220    134.360
      5.871      2.060    152.610      4.870    184.770     96.250    111.460
      5.886      4.430    154.070      6.200    164.770     67.240     95.150
      5.900      6.610    155.200      7.350    145.990     48.540     80.950
      5.914      8.660    156.100      8.320    131.950     32.630     71.450
      5.929     10.510    156.750      9.190    120.230     19.590     63.530
      5.943     12.210    157.290      9.920    109.790      8.960     58.990
      5.957     13.770    157.640     10.570     97.000      1.500     54.260
      5.971     15.200    157.840     11.170     81.540     -3.100     50.230
      5.986     16.460    157.930     11.690     65.270     -5.030     44.780
      6.000     17.610    157.880     12.160     51.630     -7.050     39.180
      6.014     18.630    157.780     12.580     39.360     -7.960     34.430
      6.029     19.580    157.540     12.980     29.910    -10.410     30.000
      6.043     20.400    157.210     13.370     21.490    -14.090     26.580
      6.057     21.150    156.840     13.690     14.810    -17.760     23.320
      6.071     21.820    156.370     14.010      8.280    -22.150     20.600
      6.086     22.390    155.790     14.330      2.940    -26.730     18.080
      6.100     22.900    155.170     14.600     -3.030    -32.590     15.910
      6.114     23.290    154.470     14.840     -6.560    -39.090     13.190
      6.129     23.650    153.700     15.090    -10.870    -45.160     10.710
      6.143     23.890    152.810     15.330    -15.740    -52.360      8.890
      6.157     24.110    151.870     15.580    -20.880    -59.780      5.680
      6.171     24.210    150.850     15.750    -25.630    -68.450      2.350
      6.186     24.270    149.740     15.890    -32.270    -78.960     -2.660
      6.200     24.230    148.500     16.010    -40.630    -93.670     -9.370
      6.214     24.060    147.120     16.030    -53.540   -116.940    -20.940
      6.229     23.710    145.380     15.920    -72.690   -175.000    -44.230
      6.243     23.540    143.590     15.590     -9.750   -101.590    -42.820
      6.257     23.750    142.540     15.460     21.180    -47.960    -10.820
      6.271     24.140    141.780     15.630     41.920    -17.830     20.650
      6.286     24.710    141.320     15.920     56.750      0.350     49.050
      6.300     25.280    140.960     16.430     66.370     16.300     76.230
      6.314     25.930    140.810     17.100     50.610     23.470     74.480
      6.329     26.440    140.490     17.420     35.480    -13.040     27.080
      6.343     26.910    140.100     17.630     35.620    -10.240     39.680
      6.357     27.350    139.820     17.920     36.340     -9.500     48.920
      6.371     27.850    139.490     18.340     35.680    -12.170     53.320
      6.386     28.300    139.190     18.760     34.170    -13.540     57.680
      6.400     28.730    138.910     19.200     32.910    -17.220     52.990
      6.414     29.170    138.580     19.630     31.460    -19.670     50.170
      6.429     29.550    138.250     20.050     30.110    -28.010     41.730
      6.443     29.950    137.850     20.400     30.670    -34.360     35.830
      6.457     30.230    137.400     20.770     31.830    -36.330     33.960
      6.471     30.570    136.950     21.120     33.640    -36.130     36.010
      6.486     30.890    136.550     21.520     35.310    -35.560     36.660
      6.500     31.190    136.130     21.910     36.350    -35.140     39.720
      6.514     31.570    135.720     22.380     37.600    -32.990     43.450
      6.529     31.850    135.330     22.840     37.860    -30.770     46.990
      6.543     32.110    134.970     23.330     38.530    -27.590     49.670
      6.557     32.490    134.630     23.850     37.680    -27.310     50.050
      6.571     32.810    134.300     24.380     37.570    -26.070     47.360
      6.586     33.090    133.950     24.890     38.950    -23.920     48.710
      6.600     33.430    133.700     25.390     40.390    -23.360     50.670
      6.614     33.850    133.330     25.990     40.030    -25.320     47.900
      6.629     34.200    133.010     26.480     40.480    -25.650     44.870
      6.643     34.580    132.740     26.930     41.230    -27.080     43.500
      6.657     35.050    132.390     27.430     42.350    -26.820     44.700
      6.671     35.490    132.060     27.960     43.890    -25.010     47.710
      6.686     35.920    131.760     28.420     42.160    -26.160     42.360
      6.700     36.430    131.460     28.950     42.490    -26.650     40.170
      6.714     36.900    131.120     29.400     42.750    -27.440     40.900
      6.729     37.430    130.820     29.870     42.480    -28.460     38.260
      6.743     37.930    130.460     30.390     43.610    -29.180     39.580
      6.757     38.470    130.120     30.870     43.050    -29.130     40.200
      6.771     39.030    129.790     31.320     39.890    -32.700     32.450
      6.786     39.570    129.420     31.770     38.970    -34.690     29.560
      6.800     40.090    129.010     32.260     41.340    -32.350     34.310
      6.814     40.570    128.650     32.710     41.110    -32.870     32.170
      6.829     41.140    128.280     33.140     40.180    -33.470     29.150
      6.843     41.650    127.880     33.600     39.500    -33.590     28.020
      6.857     42.140    127.500     34.040     40.020    -33.520     27.730
      6.871     42.620    127.110     34.510     39.030    -32.900     29.220
      6.886     43.140    126.670     35.000     38.720    -33.190     27.750
      6.900     43.630    126.290     35.380     39.640    -32.290     29.550
      6.914     44.110    125.860     35.860     40.550    -32.190     30.540
      6.929     44.550    125.430     36.280     39.560    -33.380     27.670
      6.943     45.090    124.980     36.750     39.180    -34.290     25.800
      6.957     45.620    124.560     37.140     41.490    -33.310     29.150
      6.971     46.120    124.050     37.650     41.140    -34.320     28.110
      6.986     46.590    123.610     38.040     39.920    -34.590     25.770
      7.000     47.090    123.110     38.510     38.710    -34.270     25.850
      7.014     47.590    122.640     38.850     36.960    -34.820     21.610
      7.029     48.040    122.150     39.200     36.750    -34.300     19.930
      7.043     48.550    121.670     39.620     36.990    -33.670     21.170
      7.057     49.020    121.170     39.950     35.920    -32.980     19.040
      7.071     49.540    120.640     40.320     32.990    -34.470     14.600
      7.086     49.970    120.170     40.600     34.070    -33.940     14.700
      7.100     50.480    119.650     40.950     34.700    -32.700     15.740
      7.114     50.930    119.170     41.270     34.610    -31.070     15.370
      7.129     51.460    118.690     41.630     34.300    -31.040     14.690
      7.143     51.940    118.250     41.890     33.860    -30.170     15.650
      7.157     52.450    117.800     42.260     34.400    -28.790     16.640
      7.171     52.970    117.380     42.610     33.810    -28.760     14.920
      7.186     53.400    116.950     42.910     34.880    -28.000     15.640
      7.200     53.970    116.510     43.290     34.830    -28.040     15.040
      7.214     54.460    116.100     43.610     34.500    -27.680     14.520
      7.229     55.010    115.680     43.930     34.730    -26.650     15.640
      7.243     55.490    115.270     44.290     36.250    -26.070     17.330
      7.257     56.050    114.950     44.600     36.420    -26.110     17.530
      7.271     56.540    114.570     44.960     35.910    -27.490     15.160
      7.286     57.100    114.160     45.270     35.500    -27.840     15.460
      7.300     57.560    113.790     45.580     36.410    -26.700     17.470
      7.314     58.120    113.420     45.920     36.180    -25.230     18.780
      7.329     58.610    113.070     46.210     35.860    -25.160     19.630
      7.343     59.180    112.720     46.580     36.580    -24.220     20.910
      7.357     59.720    112.360     46.950     36.470    -22.940     21.290
      7.371     60.210    112.030     47.250     35.110    -23.530     19.460
      7.386     60.630    111.700     47.530     33.640    -23.490     19.270
      7.400     61.120    111.360     47.890     33.570    -22.950     19.040
      7.414     61.740    111.070     48.190     34.830    -23.260     19.170
      7.429     62.230    110.720     48.510     34.800    -23.450     19.810
      7.443     62.760    110.390     48.810     35.450    -23.830     19.890
      7.457     63.270    110.100     49.120     36.200    -23.250     20.880
      7.471     63.770    109.740     49.440     36.770    -23.400     19.860
      7.486     64.320    109.420     49.730     36.870    -23.570     19.820
      7.500     64.820    109.090     50.020     36.470    -23.300     22.050
      7.514     65.400    108.780     50.370     35.760    -23.270     22.590
      7.529     65.900    108.460     50.680     35.780    -21.600     23.130
      7.543     66.460    108.160     51.000     35.870    -22.360     22.810
      7.557     66.960    107.870     51.350     35.690    -21.630     22.770
      7.571     67.520    107.550     51.670     35.960    -20.720     23.670
      7.586     68.030    107.270     51.990     36.600    -19.940     24.160
      7.600     68.530    106.980     52.270     36.910    -19.320     24.150
      7.614     69.150    106.720     52.580     37.280    -19.380     24.090
      7.629     69.660    106.390     52.890     35.890    -21.050     21.780
      7.643     70.190    106.130     53.190     35.110    -20.490     21.520
      7.657     70.680    105.810     53.500     35.020    -20.660     22.300
      7.671     71.290    105.520     53.740     33.890    -21.830     22.490
      7.686     71.760    105.170     54.040     33.170    -22.330     22.720
      7.700     72.260    104.880     54.330     32.430    -20.860     21.920
      7.714     72.830    104.600     54.620     31.960    -20.140     21.730
      7.729     73.380    104.330     54.920     30.650    -19.520     20.690
      7.743     73.860    104.040     55.190     30.180    -19.420     19.980
      7.757     74.370    103.760     55.500     32.070    -18.350     21.240
      7.771     74.890    103.490     55.780     33.050    -18.080     21.610
      7.786     75.460    103.200     56.080     32.600    -17.630     21.040
      7.800     75.940    102.940     56.300     33.270    -16.980     21.720
      7.814     76.500    102.690     56.640     32.950    -16.230     22.040
      7.829     77.030    102.380     56.930     31.780    -17.800     21.620
      7.843     77.630    102.180     57.260     31.030    -18.580     19.810
      7.857     78.110    101.890     57.540     30.950    -19.880     19.020
      7.871     78.640    101.580     57.840     32.000    -19.670     18.950
      7.886     79.160    101.310     58.130     31.850    -19.120     18.140
      7.900     79.720    101.090     58.430     32.390    -18.320     18.090
      7.914     80.250    100.820     58.710     32.190    -17.980     17.870
      7.929     80.750    100.550     59.020     32.610    -19.470     17.580
      7.943     81.230    100.260     59.300     33.110    -19.760     16.570
      7.957     81.820     99.980     59.640     33.630    -19.220     18.450
      7.971     82.360     99.710     60.020     35.230    -19.310     19.940
      7.986     82.880     99.410     60.330     34.440    -18.910     20.160
      8.000     83.390     99.170     60.630     34.730    -18.310     20.600
      8.014     83.880     98.910     60.990     34.720    -17.630     20.610
      8.029     84.410     98.610     61.350     34.430    -17.550     21.760
      8.043     84.880     98.340     61.730     34.640    -17.740     22.080
      8.057     85.380     98.070     62.110     34.660    -18.010     21.820
      8.071     85.880     97.810     62.470     34.310    -18.790     23.280
      8.086     86.350     97.550     62.850     35.550    -17.460     24.350
      8.100     86.770     97.300     63.160     35.180    -16.830     25.410
      8.114     87.280     97.060     63.590     35.320    -16.040     26.080
      8.129     87.760     96.800     63.920     34.700    -15.860     25.920
      8.143     88.140     96.540     64.360     34.290    -15.210     25.340
      8.157     88.650     96.330     64.730     34.160    -14.680     25.510
      8.171     89.130     96.090     65.110     33.700    -14.850     26.270
      8.186     89.530     95.860     65.490     34.530    -14.600     26.770
      8.200     90.000     95.630     65.850     34.020    -15.140     27.300
      8.214     90.460     95.370     66.280     33.790    -16.100     27.520
      8.229     90.920     95.110     66.670     34.760    -17.230     26.460
      8.243     91.320     94.860     67.020     35.140    -17.430     26.880
      8.257     91.810     94.630     67.370     33.750    -18.860     27.580
      8.271     92.210     94.350     67.750     34.440    -19.180     29.200
      8.286     92.660     94.050     68.180     35.040    -19.090     30.840
      8.300     93.120     93.790     68.560     35.240    -18.500     31.510
      8.314     93.570     93.550     68.990     35.420    -19.430     33.570
      8.329     94.030     93.260     69.440     35.780    -19.470     34.030
      8.343     94.500     92.970     69.840     36.090    -19.860     33.910
      8.357     94.960     92.670     70.250     37.100    -19.700     35.100
      8.371     95.410     92.380     70.730     36.870    -21.300     34.820
      8.386     95.910     92.110     71.080     36.630    -22.260     33.800
      8.400     96.410     91.780     71.520     36.790    -22.090     33.350
      8.414     96.900     91.460     71.940     36.960    -23.220     32.340
      8.429     97.390     91.140     72.340     35.590    -24.170     32.160
      8.443     97.870     90.800     72.740     35.230    -25.370     32.690
      8.457     98.350     90.400     73.120     35.070    -25.970     32.190
      8.471     98.820     90.060     73.480     35.010    -25.580     32.940
      8.486     99.350     89.700     73.930     35.770    -26.160     32.600
      8.500     99.860     89.340     74.320     35.300    -26.860     31.510
      8.514    100.360     88.920     74.700     35.740    -27.680     31.220
      8.529    100.850     88.550     75.080     36.880    -28.020     30.740
      8.543    101.400     88.180     75.490     37.040    -27.860     30.780
      8.557    101.960     87.790     75.900     37.550    -27.680     31.220
      8.571    102.490     87.400     76.270     36.560    -28.470     29.360
      8.586    103.040     87.020     76.680     35.810    -28.840     27.690
      8.600    103.500     86.610     77.000     35.000    -30.760     26.180
      8.614    104.060     86.190     77.430     34.860    -31.120     25.280
      8.629    104.580     85.730     77.760     33.520    -32.220     24.820
      8.643    105.070     85.340     78.180     31.970    -33.040     24.270
      8.657    105.580     84.920     78.530     31.490    -32.700     24.480
      8.671    106.060     84.500     78.910     29.830    -32.800     24.970
      8.686    106.510     84.060     79.240     29.780    -31.980     24.590
      8.700    106.970     83.650     79.650     29.480    -31.240     24.580
      8.714    107.470     83.230     80.050     30.350    -30.930     24.060
      8.729    107.900     82.870     80.380     30.860    -29.750     23.930
      8.743    108.360     82.440     80.770     31.810    -28.850     24.270
      8.757    108.870     82.060     81.110     33.340    -27.860     24.460
      8.771    109.340     81.680     81.580     33.460    -27.490     24.200
      8.786    109.810     81.290     81.930     33.070    -27.390     24.330
      8.800    110.340     80.910     82.300     33.960    -27.740     22.940
      8.814    110.770     80.530     82.680     34.060    -27.550     21.790
      8.829    111.270     80.160     82.960     33.420    -27.950     20.960
      8.843    111.700     79.770     83.350     32.920    -28.180     21.260
      8.857    112.170     79.380     83.730     32.740    -28.230     21.330
      8.871    112.570     78.980     84.010     31.950    -28.570     20.500
      8.886    113.070     78.580     84.430     31.840    -27.840     20.090
      8.900    113.470     78.170     84.690     30.550    -27.980     18.900
      8.914    113.910     77.790     85.070     30.820    -27.600     18.120
      8.929    114.340     77.380     85.360     30.700    -26.890     18.630
      8.943    114.760     76.990     85.680     30.680    -27.370     19.150
      8.957    115.210     76.590     85.990     31.740    -26.430     19.030
      8.971    115.640     76.180     86.350     32.090    -25.880     19.400
      8.986    116.050     75.800     86.660     30.920    -26.740     19.570
      9.000    116.480     75.380     87.020     30.790    -26.450     19.990
      9.014    116.880     74.990     87.360     31.850    -26.650     20.300
      9.029    117.300     74.560     87.640     30.960    -26.050     20.470
      9.043    117.720     74.160     87.980     30.320    -26.660     20.670
      9.057    118.150     73.760     88.320     30.170    -25.490     21.020
      9.071    118.560     73.370     88.680     29.720    -25.170     20.900
      9.086    118.940     72.960     89.000     29.210    -24.500     21.630
      9.100    119.340     72.520     89.350     28.620    -23.740     20.480
      9.114    119.710     72.120     89.660     29.310    -24.360     20.520
      9.129    120.110     71.750     89.980     29.440    -24.500     20.300
      9.143    120.460     71.340     90.270     30.650    -24.660     20.420
      9.157    120.910     70.940     90.640     30.980    -24.590     21.720
      9.171    121.310     70.550     90.940     31.160    -25.110     20.850
      9.186    121.670     70.130     91.310     30.650    -24.260     19.800
      9.200    122.090     69.710     91.600     30.800    -23.840     19.570
      9.214    122.460     69.340     91.910     30.680    -24.460     18.890
      9.229    122.870     68.940     92.200     30.090    -25.000     18.810
      9.243    123.270     68.530     92.460     30.440    -25.500     19.110
      9.257    123.660     68.120     92.750     30.140    -25.110     18.230
      9.271    124.050     67.760     93.000     30.680    -24.730     18.960
      9.286    124.430     67.340     93.240     30.980    -26.080     19.660
      9.300    124.840     66.950     93.550     30.440    -25.230     20.260
      9.314    125.220     66.580     93.900     31.480    -24.810     21.170
      9.329    125.650     66.190     94.120     31.210    -25.090     21.260
      9.343    126.040     65.830     94.440     31.430    -24.060     21.620
      9.357    126.410     65.450     94.750     30.770    -23.930     22.150
      9.371    126.830     65.110     95.030     29.540    -23.990     21.990
      9.386    127.240     64.730     95.290     29.280    -23.330     22.170
      9.400    127.640     64.390     95.550     28.390    -22.960     22.090
      9.414    128.020     64.040     95.830     28.520    -23.200     21.100
      9.429    128.430     63.700     96.160     27.340    -24.110     21.190
      9.443    128.800     63.360     96.400     27.440    -24.110     20.610
      9.457    129.230     63.020     96.680     26.310    -22.740     20.660
      9.471    129.600     62.730     96.890     26.100    -22.020     20.900
      9.486    129.980     62.400     97.190     25.470    -20.720     20.830
      9.500    130.350     62.120     97.410     25.660    -19.310     22.050
      9.514    130.760     61.840     97.680     25.820    -18.330     22.340
      9.529    131.120     61.560     98.010     25.290    -17.600     22.270
      9.543    131.510     61.290     98.240     26.380    -15.690     22.600
      9.557    131.930     61.020     98.550     25.730    -15.880     22.360
      9.571    132.310     60.760     98.860     25.920    -15.140     22.380
      9.586    132.720     60.560     99.130     26.290    -14.290     22.480
      9.600    133.140     60.340     99.410     27.430    -13.940     22.470
      9.614    133.540     60.100     99.720     27.620    -12.780     23.020
      9.629    133.990     59.920    100.020     27.880    -12.710     23.510
      9.643    134.420     59.710    100.400     28.930    -12.170     23.620
      9.657    134.880     59.550    100.700     29.970    -12.500     23.620
      9.671    135.310     59.310    101.090     30.040    -13.210     24.800
      9.686    135.780     59.120    101.440     30.710    -13.890     24.000
      9.700    136.240     58.950    101.780     30.990    -14.310     24.120
      9.714    136.720     58.730    102.160     30.790    -14.090     23.590
      9.729    137.180     58.580    102.520     30.490    -14.320     24.300
      9.743    137.660     58.380    102.900     30.030    -14.130     24.780
      9.757    138.120     58.210    103.310     30.750    -14.500     24.670
      9.771    138.600     58.010    103.730     31.840    -15.050     25.380
      9.786    139.120     57.850    104.080     31.970    -14.910     24.480
      9.800    139.580     57.670    104.530     32.980    -15.040     24.920
      9.814    140.100     57.480    104.880     33.760    -16.250     25.770
      9.829    140.590     57.260    105.330     34.170    -16.590     25.560
      9.843    141.080     57.100    105.730     34.090    -17.220     25.910
      9.857    141.570     56.890    106.150     34.360    -17.950     26.640
      9.871    142.110     56.690    106.600     33.740    -18.700     27.420
      9.886    142.630     56.520    107.020     33.980    -19.860     28.700
      9.900    143.100     56.320    107.450     34.040    -20.780     29.310
      9.914    143.580     56.100    107.890     34.740    -20.990     30.310
      9.929    144.030     55.870    108.310     34.230    -21.120     29.530
      9.943    144.530     55.640    108.770     34.410    -21.170     30.500
      9.957    145.050     55.400    109.190     34.560    -20.970     30.030
      9.971    145.520     55.200    109.650     34.700    -20.690     30.280
      9.986    145.980     54.950    110.110     35.980    -20.740     30.490
     10.000    146.530     54.780    110.540     36.110    -20.700     31.030
     10.014    147.030     54.520    110.980     35.210    -21.050     31.890
     10.029    147.510     54.300    111.400     35.380    -20.600     32.350
     10.043    148.000     54.050    111.870     35.000    -20.500     32.260
     10.057    148.500     53.850    112.320     34.540    -20.470     32.580
     10.071    149.000     53.590    112.710     34.210    -19.300     32.440
     10.086    149.500     53.370    113.170     34.080    -19.270     32.940
     10.100    150.020     53.130    113.560     34.240    -19.270     31.780
     10.114    150.500     52.840    114.000     33.830    -18.990     33.140
     10.129    151.010     52.610    114.430     33.950    -19.510     32.630
     10.143    151.520     52.310    114.910     32.640    -19.000     33.320
     10.157    152.010     52.060    115.250     32.220    -18.330     32.670
     10.171    152.500     51.830    115.720     32.210    -18.220     32.050
     10.186    153.050     51.540    116.090     32.390    -17.280     32.040
     10.200    153.570     51.270    116.520     33.210    -18.090     31.870
     10.214    154.100     50.980    116.900     33.850    -18.400     31.630
     10.229    154.600     50.680    117.320     34.370    -19.070     31.000
     10.243    155.130     50.370    117.690     33.810    -19.920     30.760
     10.257    155.640     50.070    118.100     33.280    -18.970     30.640
     10.271    156.190     49.750    118.540     33.240    -18.590     30.970
     10.286    156.720     49.450    118.940     34.560    -19.960     30.360
     10.300    157.320     49.080    119.340     34.150    -19.950     29.530
     10.314    157.840     48.800    119.820     34.730    -20.360     28.460
     10.329    158.410     48.410    120.210     35.440    -20.450     28.540
     10.343    158.910     48.130    120.640     36.020    -20.870     29.090
     10.357    159.480     47.780    121.070     35.930    -21.440     28.810
     10.371    160.020     47.400    121.510     35.050    -21.780     28.980
     10.386    160.530     47.080    121.940     35.320    -22.270     28.820
     10.400    161.100     46.730    122.390     34.660    -22.890     29.020
     10.414    161.630     46.370    122.870     34.680    -22.970     27.700
     10.429    162.160     46.040    123.280     34.520    -23.890     27.540
     10.443    162.680     45.640    123.740     33.910    -24.950     27.250
     10.457    163.230     45.260    124.140     34.440    -25.330     26.390
     10.471    163.740     44.870    124.580     32.610    -27.220     25.210
     10.486    164.260     44.510    125.010     32.790    -28.070     25.300
     10.500    164.760     44.110    125.470     32.380    -28.720     24.660
     10.514    165.250     43.700    125.920     31.610    -30.000     23.840
     10.529    165.750     43.290    126.320     31.670    -30.510     22.930
     10.543    166.190     42.880    126.720     32.070    -30.880     22.010
     10.557    166.670     42.480    127.080     31.870    -31.690     20.790
     10.571    167.120     42.020    127.480     31.020    -31.750     19.680
     10.586    167.600     41.660    127.830     31.250    -31.870     19.200
     10.600    168.030     41.200    128.230     30.350    -31.450     19.380
     10.614    168.480     40.820    128.540     31.100    -30.810     19.330
     10.629    168.870     40.430    128.910     30.740    -30.400     19.300
     10.643    169.290     40.020    129.230     30.080    -30.210     19.390
     10.657    169.710     39.630    129.600     29.100    -29.450     19.030
     10.671    170.050     39.210    129.900     29.380    -28.100     19.000
     10.686    170.480     38.890    130.220     29.260    -28.100     18.880
     10.700    170.900     38.500    130.520     29.930    -27.420     17.960
     10.714    171.230     38.110    130.820     30.310    -26.510     18.170
     10.729    171.600     37.730    131.130     29.750    -25.930     17.860
     10.743    171.980     37.380    131.400     29.090    -25.190     17.500
     10.757    172.320     37.030    131.650     28.000    -25.250     17.730
     10.771    172.700     36.670    131.960     27.680    -24.560     18.210
     10.786    173.060     36.270    132.280     27.610    -23.240     18.690
     10.800    173.390     35.950    132.510     26.990    -22.980     18.610
     10.814    173.730     35.620    132.780     27.320    -22.550     18.080
     10.829    174.050     35.250    133.020     27.120    -21.940     18.420
     10.843    174.380     34.900    133.260     26.830    -21.490     18.440
     10.857    174.680     34.530    133.530     26.700    -20.510     18.700
     10.871    175.000     34.230    133.760     27.140    -19.270     18.700
     10.886    175.330     33.950    134.040     26.690    -18.330     19.330
     10.900    175.650     33.630    134.310     27.370    -17.420     19.410
     10.914    175.990     33.300    134.570     27.760    -17.170     21.200
     10.929    176.300     33.000    134.820     27.970    -17.610     22.310
     10.943    176.610     32.710    135.060     28.720    -16.500     23.250
     10.957    176.970     32.410    135.370     28.910    -15.380     23.730
     10.971    177.290     32.110    135.650     29.320    -15.530     24.120
     10.986    177.650     31.830    135.870     30.180    -14.540     24.930
     11.000    178.030     31.580    136.180     30.890    -14.200     24.930
     11.014    178.370     31.350    136.460     30.600    -14.730     24.830
     11.029    178.730     31.090    136.730     30.470    -14.460     24.620
     11.043    179.130     30.830    137.020     30.520    -15.440     24.870
     11.057    179.530     30.540    137.320     30.050    -15.490     25.710
     11.071    179.890     30.270    137.620     30.540    -17.850     26.060
     11.086    180.310     30.030    137.910     29.690    -18.860     26.450
     11.100    180.670     29.740    138.150     29.540    -18.990     26.930
     11.114    181.040     29.470    138.500     29.140    -18.670     27.750
     11.129    181.460     29.210    138.800     29.080    -19.620     28.190
     11.143    181.880     28.900    139.120     28.970    -19.200     28.220
     11.157    182.250     28.640    139.460     29.200    -19.580     28.840
     11.171    182.710     28.350    139.720     28.420    -20.280     28.910
     11.186    183.070     28.100    140.050     29.270    -19.610     29.080
     11.200    183.480     27.790    140.370     28.460    -19.510     29.020
     11.214    183.940     27.510    140.690     29.250    -19.680     29.560
     11.229    184.370     27.300    141.000     29.190    -19.410     29.460
     11.243    184.800     27.060    141.350     29.020    -18.490     29.240
     11.257    185.190     26.760    141.700     28.860    -17.790     29.410
     11.271    185.670     26.530    142.040     28.470    -17.690     28.510
     11.286    186.120     26.290    142.330     28.680    -17.790     27.590
     11.300    186.560     26.010    142.670     29.110    -18.470     27.780
     11.314    187.010     25.790    143.000     29.790    -18.810     27.750
     11.329    187.460     25.540    143.310     30.340    -20.160     27.730
     11.343    187.920     25.270    143.720     29.850    -20.250     27.330
     11.357    188.420     25.040    144.050     30.410    -21.500     26.490
     11.371    188.890     24.720    144.400     29.870    -22.640     27.770
     11.386    189.350     24.510    144.690     29.670    -22.300     27.060
     11.400    189.800     24.180    145.080     29.960    -22.150     27.390
     11.414    190.270     23.880    145.430     29.970    -21.980     27.210
     11.429    190.740     23.610    145.830     30.520    -21.890     28.130
     11.443    190.740     23.600    145.810     30.090    -21.890     28.080
