#         t          x          y          z         vx         vy         vz
      0.000     -0.890      2.410     -1.420     -0.600      3.060     -1.060
      0.014     -2.010      3.090     -1.470      0.370      5.330     -1.190
      0.029     -1.940      3.040     -1.460     -0.260      5.780     -1.250
      0.043     -1.910      3.070     -1.460      0.210      6.900     -0.690
      0.057     -1.860      3.100     -1.470      0.250      6.990     -0.430
      0.071     -1.180      2.460     -1.480     -2.390      5.090     -0.520
      0.086     -1.220      2.500     -1.500     -2.720      5.180     -1.460
      0.100     -1.390      2.680     -1.520     -3.100      6.230     -1.710
      0.114     -1.860      3.160     -1.510     -3.180      7.870     -1.220
      0.129     -1.490      2.780     -1.550     -2.900      7.610     -1.170
      0.143     -1.550      2.760     -1.560     -4.340      7.980     -0.860
      0.157     -1.680      2.960     -1.590     -4.610      8.610     -1.660
      0.171     -1.740      2.920     -1.600     -5.420      7.930     -0.670
      0.186     -1.860      3.130     -1.600     -5.760      7.730     -0.240
      0.200     -1.910      3.140     -1.600     -5.220      8.630      0.070
      0.214     -2.040      3.290     -1.600     -4.500      8.450      0.040
      0.229     -2.080      3.370     -1.600     -4.390      8.250     -0.030
      0.243     -2.150      3.510     -1.610     -4.820      7.140      0.110
      0.257     -2.300      3.660     -1.610     -4.850      8.310     -0.470
      0.271     -2.270      3.690     -1.610     -4.890      6.860     -0.310
      0.286     -2.360      3.890     -1.610     -4.980      6.130      0.260
      0.300     -2.410      4.000     -1.610     -4.450      6.200      0.560
      0.314     -2.440      4.020     -1.600     -4.430      6.210      0.760
      0.329     -2.490      4.180     -1.590     -5.330      7.080      0.210
      0.343     -2.530      4.240     -1.590     -6.810      7.350      1.100
      0.357     -2.600      4.360     -1.580     -7.300      7.610      0.450
      0.371     -2.650      4.400     -1.580     -8.170      8.150     -0.250
      0.386     -2.750      4.580     -1.580     -9.760      8.920     -0.570
      0.400     -2.850      4.570     -1.590    -10.010      9.460     -1.680
      0.414     -2.960      4.670     -1.610     -9.450     10.340     -2.020
      0.429     -3.050      4.840     -1.640     -8.900     12.320     -1.890
      0.443     -3.180      4.940     -1.670     -8.430     12.300     -2.510
      0.457     -3.300      5.090     -1.710     -6.640     11.110     -2.710
      0.471     -3.350      5.220     -1.750     -6.030     10.990     -3.250
      0.486     -3.400      5.390     -1.790     -4.490     10.450     -2.710
      0.500     -3.490      5.550     -1.820     -4.100      9.590     -2.370
      0.514     -3.550      5.650     -1.870     -3.500     10.380     -2.650
      0.529     -3.580      5.770     -1.900     -3.160      8.580     -2.820
      0.543     -3.520      5.940     -1.950     -3.340      7.080     -3.160
      0.557     -3.660      6.040     -1.990     -3.120      6.540     -2.800
      0.571     -3.630      6.160     -2.040     -3.330      5.930     -2.520
      0.586     -3.780      6.200     -2.080     -3.920      5.960     -2.660
      0.600     -3.830      6.300     -2.110     -4.680      5.610     -1.820
      0.614     -3.830      6.480     -2.150     -4.180      4.920     -1.780
      0.629     -3.960      6.480     -2.180     -5.790      5.510     -1.580
      0.643     -4.060      6.570     -2.210     -5.960      5.820     -1.380
      0.657     -4.120      6.760     -2.220     -5.370      6.390     -0.240
      0.671     -4.210      6.750     -2.230     -6.710      6.010     -0.490
      0.686     -4.300      6.890     -2.250     -6.510      5.800     -0.650
      0.700     -4.370      7.110     -2.270     -7.010      5.880     -1.420
      0.714     -4.480      7.150     -2.290     -7.820      7.020     -1.720
      0.729     -4.540      7.280     -2.320     -8.270      7.590     -2.180
      0.743     -4.690      7.470     -2.350     -8.370      9.750     -3.060
      0.757     -4.790      7.720     -2.400     -7.720     10.400     -3.960
      0.771     -4.900      7.910     -2.470     -7.460     11.950     -5.740
      0.786     -4.980      8.080     -2.540     -7.250     11.530     -6.410
      0.800     -4.920      8.190     -2.630     -6.900     10.930     -7.370
      0.814     -5.160      8.450     -2.720     -6.190     10.530     -7.420
      0.829     -5.080      8.520     -2.840     -6.490      8.640     -9.190
      0.843     -5.160      8.690     -2.960     -7.110      9.050     -9.870
      0.857     -5.220      8.820     -3.100     -8.070      7.810     -9.440
      0.871     -5.340      8.950     -3.220     -9.310      9.060     -8.510
      0.886     -5.610      9.180     -3.320    -10.580      9.780     -7.610
      0.900     -5.580      9.210     -3.440    -10.940     10.310     -7.280
      0.914     -5.720      9.350     -3.550    -11.410     10.390     -7.640
      0.929     -6.010      9.610     -3.650    -12.020     11.560     -8.540
      0.943     -6.030      9.630     -3.790    -10.950     11.410     -8.590
      0.957     -6.150      9.780     -3.910    -10.070     10.340     -8.880
      0.971     -6.270      9.910     -4.040     -9.730     10.480     -8.360
      0.986     -6.490     10.180     -4.160     -7.840     11.280     -8.500
      1.000     -6.550     10.220     -4.300     -7.330     11.180     -8.670
      1.014     -6.660     10.450     -4.410     -5.770     10.710     -7.150
      1.029     -6.740     10.560     -4.520     -5.430     10.250     -7.300
      1.043     -6.840     10.720     -4.630     -5.170     10.320     -7.560
      1.057     -6.860     10.800     -4.750     -5.260     11.000     -8.470
      1.071     -6.990     10.960     -4.880     -4.870     11.010     -8.890
      1.086     -7.120     11.140     -5.010     -5.950     12.170     -9.870
      1.100     -7.150     11.310     -5.160     -5.730     13.330    -10.550
      1.114     -7.260     11.490     -5.300     -6.270     14.470    -10.900
      1.129     -7.360     11.740     -5.450     -7.110     16.070    -11.850
      1.143     -7.510     11.930     -5.620     -7.370     16.820    -11.690
      1.157     -7.660     12.190     -5.770     -6.990     17.370    -11.330
      1.171     -7.700     12.410     -5.920     -7.310     16.130    -11.440
      1.186     -7.910     12.650     -6.080     -6.970     15.770    -11.590
      1.200     -8.000     12.860     -6.230     -7.040     16.020    -10.720
      1.214     -8.110     13.150     -6.380     -7.060     15.570    -10.710
      1.229     -8.190     13.460     -6.540     -7.990     14.940    -11.400
      1.243     -8.350     13.710     -6.700     -8.670     14.480    -11.680
      1.257     -8.480     13.990     -6.860     -8.600     15.440    -10.470
      1.271     -8.630     14.150     -7.000     -9.320     16.280    -10.460
      1.286     -8.780     14.430     -7.150    -10.160     17.040    -10.220
      1.300     -8.900     14.700     -7.300    -10.440     17.810    -10.540
      1.314     -8.960     15.090     -7.460     -8.380     17.840    -10.930
      1.329     -9.110     15.280     -7.620     -8.890     17.750    -11.280
      1.343     -9.200     15.620     -7.780    -10.380     18.730    -11.310
      1.357     -9.330     15.900     -7.950    -10.340     18.430    -11.160
      1.371     -9.440     16.210     -8.110     -9.970     18.010    -11.110
      1.386     -9.540     16.450     -8.270    -10.290     16.890    -12.040
      1.400     -9.750     16.610     -8.440    -10.700     16.560    -13.170
      1.414     -9.810     16.920     -8.630    -10.440     15.690    -13.920
      1.429    -10.000     17.100     -8.820    -10.470     15.860    -13.640
      1.443    -10.120     17.330     -9.010    -10.750     15.650    -14.210
      1.457    -10.260     17.560     -9.210    -11.100     16.220    -14.560
      1.471    -10.350     17.780     -9.420    -11.870     17.350    -15.120
      1.486    -10.540     18.030     -9.620    -12.980     19.030    -14.690
      1.500    -10.660     18.300     -9.830    -12.700     19.930    -14.620
      1.514    -10.820     18.560    -10.030    -12.440     21.610    -14.550
      1.529    -10.980     18.860    -10.230    -11.370     22.050    -14.290
      1.543    -11.160     19.140    -10.440    -10.340     23.290    -14.650
      1.557    -11.260     19.480    -10.620    -10.710     23.390    -14.660
      1.571    -11.450     19.770    -10.850    -10.320     23.300    -15.740
      1.586    -11.590     20.100    -11.060    -10.930     22.990    -15.010
      1.600    -11.780     20.420    -11.260    -11.750     23.850    -13.200
      1.614    -11.970     20.750    -11.440    -12.600     24.530    -11.920
      1.629    -12.130     21.100    -11.610    -13.180     24.360    -12.460
      1.643    -12.290     21.460    -11.790    -13.580     25.060    -12.760
      1.657    -12.560     21.810    -11.980    -13.290     25.920    -13.250
      1.671    -12.690     22.210    -12.160    -13.520     26.640    -13.740
      1.686    -12.940     22.550    -12.360    -13.500     26.070    -13.170
      1.700    -13.140     22.940    -12.550    -13.430     26.560    -13.530
      1.714    -13.280     23.350    -12.740    -12.590     26.980    -13.850
      1.729    -13.460     23.730    -12.940    -13.130     26.080    -14.140
      1.743    -13.750     24.100    -13.140    -13.070     25.620    -14.470
      1.757    -13.970     24.450    -13.350    -13.360     25.500    -14.550
      1.771    -14.150     24.840    -13.540    -13.920     26.190    -14.460
      1.786    -14.370     25.250    -13.750    -14.310     27.450    -15.340
      1.800    -14.480     25.680    -13.960    -13.860     26.990    -15.820
      1.814    -14.670     26.100    -14.180    -13.870     26.060    -15.810
      1.829    -14.900     26.470    -14.390    -14.870     26.840    -15.380
      1.843    -15.110     26.890    -14.610    -15.550     27.080    -15.370
      1.857    -15.300     27.300    -14.810    -16.910     26.350    -14.350
      1.871    -15.530     27.670    -15.010    -18.830     27.050    -13.830
      1.886    -15.780     28.060    -15.200    -20.200     27.880    -13.870
      1.900    -16.040     28.490    -15.390    -21.160     29.390    -13.560
      1.914    -16.300     28.870    -15.580    -23.240     29.790    -13.480
      1.929    -16.620     29.310    -15.780    -23.900     29.780    -14.430
      1.943    -16.910     29.750    -15.980    -23.910     30.960    -15.330
      1.957    -17.260     30.270    -16.190    -23.520     32.460    -15.460
      1.971    -17.550     30.740    -16.410    -24.130     33.710    -16.300
      1.986    -17.890     31.130    -16.650    -24.150     35.000    -17.120
      2.000    -18.220     31.610    -16.870    -24.200     35.420    -16.070
      2.014    -18.530     32.120    -17.100    -23.790     36.190    -16.100
      2.029    -18.850     32.690    -17.320    -23.740     37.280    -16.360
      2.043    -19.220     33.160    -17.550    -22.860     37.940    -16.010
      2.057    -19.490     33.720    -17.760    -21.870     39.280    -16.570
      2.071    -19.810     34.240    -18.000    -21.610     40.000    -16.410
      2.086    -20.110     34.810    -18.230    -20.690     40.670    -17.070
      2.100    -20.410     35.370    -18.470    -19.810     40.570    -17.480
      2.114    -20.700     35.900    -18.710    -19.820     40.540    -17.130
      2.129    -20.970     36.460    -18.950    -18.360     40.540    -16.840
      2.143    -21.310     37.050    -19.180    -16.920     40.110    -16.420
      2.157    -21.520     37.590    -19.420    -17.830     40.300    -17.000
      2.171    -21.780     38.200    -19.670    -17.270     40.010    -17.140
      2.186    -22.070     38.740    -19.910    -17.750     39.530    -17.620
      2.200    -22.420     39.310    -20.170    -18.930     39.660    -18.830
      2.214    -22.760     39.890    -20.440    -19.340     39.200    -19.600
      2.229    -22.990     40.430    -20.720    -20.200     38.150    -20.220
      2.243    -23.300     41.040    -21.000    -21.060     38.360    -19.760
      2.257    -23.620     41.630    -21.270    -22.100     38.620    -20.230
      2.271    -24.050     42.200    -21.560    -21.830     39.500    -20.480
      2.286    -24.360     42.760    -21.840    -23.020     39.860    -19.580
      2.300    -24.680     43.370    -22.110    -22.780     40.990    -19.690
      2.314    -25.010     44.010    -22.390    -22.560     41.680    -19.080
      2.329    -25.350     44.620    -22.650    -23.290     41.730    -17.760
      2.343    -25.730     45.240    -22.900    -23.150     43.310    -18.310
      2.357    -25.960     45.890    -23.160    -23.480     42.570    -19.600
      2.371    -26.390     46.500    -23.430    -23.850     43.070    -18.520
      2.386    -26.670     47.140    -23.690    -23.360     43.270    -18.800
      2.400    -26.980     47.770    -23.950    -24.450     43.990    -19.270
      2.414    -27.360     48.420    -24.230    -24.540     44.930    -19.470
      2.429    -27.660     49.080    -24.490    -24.610     44.210    -19.680
      2.443    -27.990     49.700    -24.770    -25.090     44.920    -20.360
      2.457    -28.360     50.350    -25.060    -24.840     45.310    -20.200
      2.471    -28.670     51.010    -25.330    -24.150     46.790    -19.690
      2.486    -28.990     51.670    -25.600    -23.590     47.840    -19.800
      2.500    -29.340     52.350    -25.880    -23.440     49.840    -20.110
      2.514    -29.640     53.060    -26.170    -22.730     50.280    -20.980
      2.529    -30.000     53.780    -26.460    -22.630     51.530    -21.680
      2.543    -30.320     54.490    -26.760    -24.100     52.330    -22.560
      2.557    -30.670     55.240    -27.060    -23.590     52.420    -20.960
      2.571    -31.040     55.990    -27.360    -24.630     53.400    -21.190
      2.586    -31.380     56.720    -27.650    -25.030     52.720    -20.540
      2.600    -31.710     57.410    -27.930    -25.950     52.950    -19.980
      2.614    -32.110     58.210    -28.210    -24.900     53.810    -19.750
      2.629    -32.460     58.930    -28.490    -26.470     54.130    -19.540
      2.643    -32.860     59.760    -28.770    -26.210     54.470    -19.760
      2.657    -33.250     60.510    -29.070    -26.500     54.610    -20.770
      2.671    -33.670     61.280    -29.360    -26.830     55.930    -21.170
      2.686    -34.050     62.030    -29.660    -26.770     55.840    -21.290
      2.700    -34.450     62.830    -29.970    -26.400     56.520    -22.190
      2.714    -34.810     63.560    -30.280    -26.270     56.160    -22.020
      2.729    -35.240     64.410    -30.600    -27.050     56.310    -22.330
      2.743    -35.660     65.190    -30.910    -27.960     57.630    -22.400
      2.757    -36.070     66.030    -31.240    -28.150     58.160    -23.180
      2.771    -36.510     66.850    -31.560    -28.450     58.910    -24.100
      2.786    -36.920     67.690    -31.900    -28.300     59.610    -23.890
      2.800    -37.350     68.580    -32.240    -28.460     60.090    -24.460
      2.814    -37.790     69.430    -32.580    -29.910     60.850    -24.620
      2.829    -38.210     70.320    -32.930    -30.060     63.000    -25.030
      2.843    -38.660     71.230    -33.280    -31.120     63.760    -24.750
      2.857    -39.070     72.130    -33.620    -31.000     63.230    -24.180
      2.871    -39.520     73.060    -33.960    -30.860     63.560    -24.130
      2.886    -39.960     74.000    -34.300    -30.250     64.590    -24.610
      2.900    -40.370     74.920    -34.650    -30.430     64.440    -25.400
      2.914    -40.800     75.860    -35.010    -30.590     65.750    -26.590
      2.929    -41.210     76.830    -35.390    -30.540     66.910    -27.770
      2.943    -41.640     77.870    -35.790    -30.270     67.830    -28.310
      2.957    -42.040     78.850    -36.200    -30.230     68.680    -29.800
      2.971    -42.470     79.830    -36.600    -30.470     70.040    -29.000
      2.986    -42.880     80.890    -37.010    -31.120     71.750    -29.010
      3.000    -43.300     81.870    -37.410    -30.990     72.490    -29.160
      3.014    -43.690     82.970    -37.810    -31.060     73.730    -28.490
      3.029    -44.090     84.010    -38.220    -32.120     74.370    -29.060
      3.043    -44.550     85.080    -38.630    -31.390     76.980    -29.410
      3.057    -44.980     86.200    -39.040    -32.790     78.200    -28.770
      3.071    -45.430     87.350    -39.430    -31.420     79.310    -27.550
      3.086    -45.870     88.430    -39.830    -32.370     80.240    -28.250
      3.100    -46.310     89.580    -40.230    -33.260     80.770    -28.700
      3.114    -46.810     90.790    -40.640    -32.630     81.890    -29.780
      3.129    -47.250     91.920    -41.070    -33.320     82.190    -30.290
      3.143    -47.700     93.090    -41.500    -34.260     82.070    -30.710
      3.157    -48.170     94.310    -41.930    -35.030     82.420    -31.060
      3.171    -48.690     95.540    -42.370    -35.280     83.460    -31.310
      3.186    -49.170     96.740    -42.810    -35.450     84.300    -31.320
      3.200    -49.640     97.920    -43.240    -36.530     84.520    -30.520
      3.214    -50.140     99.140    -43.670    -36.940     85.630    -29.980
      3.229    -50.730    100.440    -44.100    -38.160     86.890    -29.610
      3.243    -51.220    101.630    -44.510    -37.800     87.450    -28.600
      3.257    -51.730    102.890    -44.920    -38.130     88.170    -28.770
      3.271    -52.340    104.260    -45.340    -38.570     89.510    -28.710
      3.286    -52.820    105.480    -45.740    -39.590     89.800    -29.800
      3.300    -53.450    106.920    -46.180    -39.060     92.290    -30.690
      3.314    -53.980    108.210    -46.600    -40.480     93.440    -30.390
      3.329    -54.550    109.570    -47.030    -40.370     94.080    -30.960
      3.343    -55.130    110.970    -47.480    -41.530     95.390    -31.670
      3.357    -55.720    112.370    -47.920    -43.440     98.030    -31.600
      3.371    -56.350    113.850    -48.370    -43.570    101.490    -32.010
      3.386    -56.920    115.280    -48.800    -43.700    103.700    -31.300
      3.400    -57.570    116.880    -49.260    -44.720    106.560    -31.910
      3.414    -58.170    118.350    -49.690    -44.340    108.670    -31.460
      3.429    -58.780    119.980    -50.130    -43.970    110.510    -30.760
      3.443    -59.370    121.540    -50.560    -42.850    112.870    -30.520
      3.457    -59.990    123.210    -51.000    -42.020    114.440    -31.210
      3.471    -60.580    124.860    -51.430    -41.280    116.830    -30.330
      3.486    -61.180    126.560    -51.850    -40.790    119.140    -29.690
      3.500    -61.730    128.250    -52.270    -41.440    120.960    -29.580
      3.514    -62.380    130.020    -52.690    -42.120    123.200    -28.730
      3.529    -63.000    131.790    -53.100    -41.810    125.340    -30.010
      3.543    -63.570    133.610    -53.530    -41.090    126.770    -29.560
      3.557    -64.170    135.430    -53.950    -41.590    129.070    -29.050
      3.571    -64.780    137.300    -54.360    -41.780    132.280    -28.860
      3.586    -65.330    139.220    -54.750    -41.930    135.540    -28.020
      3.600    -65.940    141.180    -55.150    -42.810    138.650    -27.410
      3.614    -66.570    143.190    -55.530    -43.200    142.520    -27.310
      3.629    -67.250    145.270    -55.940    -42.660    146.500    -27.910
      3.643    -67.790    147.410    -56.320    -42.820    148.930    -28.240
      3.657    -68.440    149.570    -56.710    -41.630    153.170    -27.030
      3.671    -69.130    151.770    -57.090    -41.560    157.470    -25.960
      3.686    -69.660    154.060    -57.440    -41.700    160.760    -24.600
      3.700    -70.290    156.420    -57.760    -42.060    165.610    -22.270
      3.714    -70.900    158.830    -58.070    -42.210    169.490    -21.180
      3.729    -71.550    161.280    -58.360    -42.780    173.120    -19.440
      3.743    -72.140    163.820    -58.620    -43.760    177.380    -17.630
      3.757    -72.840    166.390    -58.870    -43.470    182.340    -16.150
      3.771    -73.470    169.020    -59.080    -43.680    187.100    -13.840
      3.786    -74.150    171.740    -59.260    -43.150    192.800    -11.100
      3.800    -74.740    174.560    -59.400    -42.510    199.010     -8.200
      3.814    -75.290    177.460    -59.480    -41.940    204.460     -4.220
      3.829    -75.940    180.450    -59.530    -40.740    211.760     -0.570
      3.843    -76.450    183.580    -59.490    -38.620    220.110      3.790
      3.857    -77.000    186.710    -59.400    -36.200    226.880      9.410
      3.871    -77.500    190.050    -59.220    -32.290    235.330     15.910
      3.886    -77.930    193.450    -58.940    -27.280    244.700     23.090
      3.900    -78.240    197.000    -58.520    -21.890    252.740     33.440
      3.914    -78.490    200.680    -57.970    -14.070    259.720     44.120
      3.929    -78.630    204.410    -57.240     -4.970    265.690     57.300
      3.943    -78.640    208.220    -56.300      6.310    268.940     72.230
      3.957    -78.460    212.050    -55.130     19.960    268.400     88.770
      3.971    -78.080    215.830    -53.740     33.870    264.200    103.820
      3.986    -77.530    219.540    -52.140     47.330    256.120    118.350
      4.000    -76.760    223.120    -50.350     58.940    246.270    129.980
      4.014    -75.880    226.520    -48.420     69.360    233.550    138.930
      4.029    -74.820    229.750    -46.380     77.690    220.200    143.990
      4.043    -73.730    232.760    -44.300     82.910    207.060    147.020
      4.057    -72.550    235.610    -42.190     86.500    194.730    148.700
      4.071    -71.280    238.280    -40.060     89.800    182.480    147.920
      4.086    -70.030    240.790    -37.970     91.970    169.110    146.510
      4.100    -68.750    243.160    -35.930     92.470    156.460    143.770
      4.114    -67.430    245.440    -33.950     91.720    145.850    139.300
      4.129    -66.140    247.520    -32.030     88.910    135.470    134.000
      4.143    -64.530    249.380    -30.150     86.040    125.660    128.950
      4.157    -63.280    251.140    -28.350     83.960    117.100    124.410
      4.171    -62.020    252.860    -26.630     82.650    108.610    118.850
      4.186    -60.970    254.310    -24.970     80.380    102.680    113.770
      4.200    -59.840    255.740    -23.390     78.830     95.570    109.190
      4.214    -58.750    257.080    -21.880     76.310     89.240    104.670
      4.229    -57.690    258.290    -20.410     72.940     83.340    100.520
      4.243    -56.660    259.440    -19.010     72.300     78.480     96.600
      4.257    -55.640    260.530    -17.660     70.330     73.400     93.140
      4.271    -54.820    261.580    -16.400     68.930     69.230     88.900
      4.286    -53.840    262.480    -15.170     66.790     65.090     85.550
      4.300    -52.850    263.370    -13.980     67.040     61.230     82.450
      4.314    -51.880    264.220    -12.840     66.060     56.700     78.570
      4.329    -50.950    264.920    -11.750     63.940     52.140     75.530
      4.343    -50.020    265.670    -10.710     62.910     48.700     72.960
      4.357    -49.090    266.320     -9.700     62.560     44.490     71.450
      4.371    -48.220    266.910     -8.710     61.910     41.370     69.570
      4.386    -47.290    267.500     -7.740     63.040     36.760     67.440
      4.400    -46.440    267.920     -6.810     61.980     32.650     65.040
      4.414    -45.530    268.370     -5.910     62.240     29.260     63.270
      4.429    -44.650    268.780     -5.020     61.870     25.810     62.030
      4.443    -43.800    269.130     -4.160     61.250     22.210     61.170
      4.457    -42.950    269.430     -3.310     59.410     19.810     59.400
      4.471    -42.100    269.680     -2.480     59.380     15.540     57.060
      4.486    -41.250    269.900     -1.690     58.690     12.000     54.840
      4.500    -40.430    270.070     -0.920     59.360      9.030     52.880
      4.514    -39.630    270.150     -0.170     58.150      5.510     52.400
      4.529    -38.770    270.240      0.580     57.300      1.460     52.300
      4.543    -37.980    270.270      1.310     56.170     -0.910     51.000
      4.557    -37.190    270.240      2.050     55.460     -3.390     50.430
      4.571    -36.400    270.180      2.760     54.180     -6.370     49.470
      4.586    -35.640    270.070      3.460     53.000     -8.570     48.270
      4.600    -34.850    269.960      4.160     53.390    -10.560     47.260
      4.614    -34.120    269.780      4.820     52.310    -11.990     46.320
      4.629    -33.350    269.620      5.480     52.340    -14.720     44.220
      4.643    -32.610    269.380      6.120     51.610    -17.300     42.990
      4.657    -31.860    269.120      6.740     51.370    -19.930     42.850
      4.671    -31.130    268.850      7.350     51.350    -21.460     41.720
      4.686    -30.390    268.540      7.950     51.880    -23.080     40.430
      4.700    -29.700    268.180      8.520     51.540    -26.070     38.720
      4.714    -28.950    267.800      9.090     51.070    -28.510     37.640
      4.729    -28.230    267.380      9.620     50.770    -31.270     37.020
      4.743    -27.550    266.910     10.170     49.210    -33.550     35.670
      4.757    -26.840    266.400     10.690     49.630    -35.810     34.440
      4.771    -26.120    265.910     11.170     50.450    -38.550     33.860
      4.786    -25.420    265.330     11.680     50.060    -39.930     32.600
      4.800    -24.690    264.750     12.170     50.570    -42.910     32.070
      4.814    -24.000    264.130     12.630     50.610    -45.660     30.970
      4.829    -23.290    263.480     13.080     50.310    -47.250     30.540
      4.843    -22.580    262.770     13.530     48.960    -48.720     30.740
      4.857    -21.900    262.110     13.980     47.900    -50.930     30.690
      4.871    -21.200    261.360     14.430     46.920    -52.750     30.520
      4.886    -20.570    260.600     14.840     46.340    -53.970     29.100
      4.900    -19.890    259.840     15.260     46.030    -56.110     28.970
      4.914    -19.220    259.010     15.670     45.360    -58.000     27.470
      4.929    -18.600    258.180     16.080     44.990    -60.240     26.740
      4.943    -17.940    257.310     16.450     44.620    -63.150     26.160
      4.957    -17.320    256.390     16.820     43.840    -64.720     24.820
      4.971    -16.690    255.480     17.160     42.340    -67.340     22.530
      4.986    -16.100    254.500     17.480     41.770    -69.170     21.970
      5.000    -15.500    253.510     17.790     41.470    -71.090     21.620
      5.014    -14.900    252.470     18.100     40.500    -72.960     20.850
      5.029    -14.320    251.420     18.390     40.060    -74.890     18.870
      5.043    -13.730    250.350     18.650     39.060    -76.410     17.590
      5.057    -13.170    249.270     18.890     39.000    -78.250     16.110
      5.071    -12.590    248.130     19.130     38.630    -80.190     15.690
      5.086    -12.050    246.970     19.330     39.030    -82.340     13.060
      5.100    -11.490    245.770     19.520     37.990    -83.760     11.110
      5.114    -10.950    244.570     19.660     38.360    -85.960      9.200
      5.129    -10.410    243.350     19.800     37.870    -86.360      8.030
      5.143     -9.860    242.050     19.910     37.070    -88.460      5.610
      5.157     -9.330    240.810     19.990     35.460    -88.990      3.090
      5.171     -8.850    239.530     20.040     34.700    -89.280      1.150
      5.186     -8.370    238.220     20.040     33.630    -91.350     -1.140
      5.200     -7.880    236.880     20.020     31.900    -92.260     -4.080
      5.214     -7.400    235.530     19.950     30.250    -93.010     -6.910
      5.229     -6.960    234.210     19.840     30.270    -92.650    -10.170
      5.243     -6.510    232.860     19.690     30.540    -92.500    -13.620
      5.257     -6.070    231.550     19.470     32.370    -91.370    -16.870
      5.271     -5.640    230.190     19.220     32.330    -89.520    -19.480
      5.286     -5.150    228.910     18.940     32.730    -89.120    -20.590
      5.300     -4.700    227.590     18.630     33.690    -88.570    -21.190
      5.314     -4.200    226.290     18.350     34.130    -88.610    -21.250
      5.329     -3.710    225.010     18.050     35.750    -88.810    -21.370
      5.343     -3.200    223.730     17.750     36.180    -89.380    -22.450
      5.357     -2.700    222.410     17.440     37.100    -89.650    -23.770
      5.371     -2.200    221.090     17.100     37.590    -90.040    -23.230
      5.386     -1.640    219.740     16.800     36.760    -93.720    -22.910
      5.400     -1.160    218.370     16.480     36.990    -95.630    -23.010
      5.414     -0.640    216.980     16.180     37.340    -97.930    -21.830
      5.429     -0.130    215.550     15.880     36.830    -99.190    -21.750
      5.443      0.400    214.100     15.580     36.170   -102.490    -20.680
      5.457      0.870    212.600     15.290     36.190   -104.260    -20.080
      5.471      1.380    211.080     14.980     35.690   -107.230    -19.800
      5.486      1.880    209.490     14.720     36.350   -110.910    -19.110
      5.500      2.360    207.910     14.420     36.110   -114.250    -18.810
      5.514      2.840    206.260     14.140     35.980   -117.850    -17.900
      5.529      3.310    204.570     13.870     35.120   -121.370    -17.250
      5.543      3.810    202.790     13.630     34.930   -124.040    -16.680
      5.557      4.240    201.020     13.350     33.850   -126.490    -16.840
      5.571      4.680    199.180     13.090     32.550   -130.220    -16.560
      5.586      5.130    197.330     12.820     31.610   -134.010    -17.720
      5.600      5.570    195.380     12.580     29.660   -138.180    -18.210
      5.614      5.970    193.350     12.280     27.790   -143.020    -19.320
      5.629      6.360    191.260     11.990     25.340   -147.930    -20.580
      5.643      6.690    189.110     11.670     23.970   -151.010    -21.130
      5.657      7.000    186.940     11.360     20.650   -155.700    -22.550
      5.671      7.310    184.630     11.010     19.010   -160.900    -24.440
      5.686      7.580    182.260     10.640     16.150   -165.940    -26.900
      5.700      7.790    179.810     10.230     13.830   -171.090    -28.670
      5.714      7.970    177.320      9.800     10.710   -176.630    -30.510
      5.729      8.130    174.760      9.330      8.350   -184.250    -33.080
      5.743      8.220    172.050      8.810      4.440   -191.070    -36.550
      5.757      8.260    169.200      8.270     -0.650   -200.900    -39.660
      5.771      8.250    166.240      7.640     -6.170   -211.320    -43.930
      5.786      8.140    163.130      6.950    -12.500   -223.370    -49.510
      5.800      7.950    159.850      6.180    -22.330   -238.240    -56.150
      5.814      7.570    156.330      5.290    -37.150   -255.920    -66.630
      5.829      6.990    152.570      4.220    -60.040   -279.820    -83.210
      5.843      6.010    148.490      2.920   -106.090   -302.250   -107.040
      5.857      4.230    144.640      1.550   -170.070   -234.060    -87.550
      5.871      2.010    141.760      0.580   -164.260   -162.470    -53.650
      5.886     -0.050    139.590     -0.060   -140.010   -125.300    -32.590
      5.900     -1.800    137.860     -0.460   -117.760   -102.430    -21.320
      5.914     -3.280    136.420     -0.700   -100.740    -86.290    -17.470
      5.929     -4.460    135.240     -0.820    -81.000    -72.530    -13.600
      5.943     -5.410    134.260     -0.840    -58.430    -60.450     -7.600
      5.957     -6.120    133.500     -0.770    -34.050    -52.320      0.660
      5.971     -6.590    132.860     -0.610    -11.460    -46.150      9.780
      5.986     -6.830    132.390     -0.370      8.490    -41.140     17.670
      6.000     -6.920    132.040     -0.100     24.670    -35.250     24.350
      6.014     -6.820    131.820      0.230     37.700    -29.710     30.280
      6.029     -6.580    131.690      0.610     48.710    -22.320     34.350
      6.043     -6.170    131.640      1.040     58.960    -15.380     40.050
      6.057     -5.620    131.650      1.480     68.810     -7.820     44.170
      6.071     -4.990    131.750      1.990     78.570      0.050     48.970
      6.086     -4.120    131.990      2.560     87.340      7.610     52.600
      6.100     -3.240    132.240      3.150     97.990     15.860     57.210
      6.114     -2.210    132.600      3.740    107.660     24.720     61.410
      6.129     -1.040    133.120      4.400    116.730     33.040     66.780
      6.143      0.190    133.650      5.130    125.540     42.850     71.970
      6.157      1.580    134.240      5.900    135.030     53.250     78.080
      6.171      3.050    135.060      6.710    145.530     66.810     84.120
      6.186      4.600    135.900      7.590    158.300     81.900     91.180
      6.200      6.380    136.980      8.590    174.220    103.510    102.310
      6.214      8.260    138.280      9.670    192.380    138.970    118.290
      6.229     10.390    140.110     11.030    222.690    227.560    159.060
      6.243     12.260    142.100     12.750    128.090    108.520    151.220
      6.257     13.480    142.800     14.130     83.800     27.100     99.430
      6.271     14.390    142.960     15.040     47.730    -24.230     38.120
      6.286     15.210    142.790     15.740     25.130    -56.910     -1.640
      6.300     21.550    143.020     18.500     10.160    -79.110    -19.390
      6.314     16.190    141.540     16.130     23.750   -100.910    -27.620
      6.329     16.850    140.990     16.770     46.500    -32.490     57.040
      6.343     17.660    140.740     17.640     43.200    -43.810     35.120
      6.357     18.400    140.240     18.260     38.370    -46.960     20.180
      6.371     18.980    139.730     18.770     33.640    -46.360     11.680
      6.386     19.610    139.180     19.220     33.630    -45.580      4.380
      6.400     20.370    138.750     19.710     35.810    -41.070      5.500
      6.414     21.090    138.260     20.200     36.470    -36.960      6.880
      6.429     21.770    137.830     20.670     39.160    -25.630     16.340
      6.443     26.000    137.830     20.390     43.590    -21.420     23.900
      6.457     23.570    137.250     22.040     39.810    -14.730     25.740
      6.471     24.190    136.880     22.490     39.280    -17.220     22.420
      6.486     24.960    136.590     23.070     39.030    -15.680     23.200
      6.500     25.730    136.240     23.620     37.990    -19.710     19.210
      6.514     26.540    135.880     24.130     37.460    -21.380     17.960
      6.529     27.310    135.560     24.600     37.350    -25.680     14.820
      6.543     28.110    135.130     25.030     37.080    -28.880     13.870
      6.557     31.290    135.360     24.080     40.560    -29.770     18.960
      6.571     29.840    134.350     26.030     41.410    -29.400     21.120
      6.586     30.600    133.890     26.420     40.440    -31.530     21.470
      6.600     33.130    134.210     25.230     39.170    -32.560     20.760
      6.614     33.720    133.870     25.460     40.610    -27.920     27.410
      6.629     33.010    132.610     27.740     39.710    -24.750     29.490
      6.643     34.900    133.260     26.280     40.810    -24.170     32.740
      6.657     35.190    132.970     27.120     38.770    -23.530     31.730
      6.671     35.730    132.620     27.610     36.780    -26.360     26.370
      6.686     36.310    132.290     28.170     40.430    -24.440     35.840
      6.700     37.000    131.980     28.960     41.050    -25.620     36.160
      6.714     37.550    131.580     29.460     38.720    -27.410     33.000
      6.729     38.120    131.180     30.100     38.650    -27.190     36.760
      6.743     38.630    130.780     30.710     35.520    -28.450     31.640
      6.757     39.170    130.350     31.250     34.520    -29.510     27.790
      6.771     39.660    129.920     31.660     39.740    -26.850     38.380
      6.786     40.720    127.790     33.300     40.760    -26.660     39.910
      6.800     40.850    129.080     32.810     37.990    -31.730     29.490
      6.814     41.350    128.580     33.140     39.830    -30.750     32.460
      6.829     42.490    126.280     34.610     40.600    -31.200     31.400
      6.843     43.090    125.760     35.060     42.410    -31.480     31.750
      6.857     43.650    125.210     35.500     41.130    -32.490     29.970
      6.871     44.290    124.730     35.920     40.870    -33.640     27.380
      6.886     44.900    124.210     36.340     41.590    -32.640     28.870
      6.900     45.340    123.750     36.650     39.940    -33.110     23.270
      6.914     46.020    123.240     37.080     38.240    -34.570     20.940
      6.929     46.500    122.750     37.360     40.880    -31.210     23.500
      6.943     47.060    122.290     37.700     42.940    -28.150     27.150
      6.957     47.750    121.830     38.160     39.510    -29.240     21.400
      6.971     48.320    121.430     38.490     37.740    -28.360     20.620
      6.986     48.810    121.060     38.730     39.110    -26.270     23.430
      7.000     49.480    120.650     39.140     37.430    -28.020     22.110
      7.014     50.000    120.300     39.440     38.470    -25.010     26.540
      7.029     50.490    119.870     39.730     37.540    -25.980     25.610
      7.043     51.180    119.560     40.120     36.150    -26.900     23.130
      7.057     51.680    119.210     40.400     36.190    -26.700     24.390
      7.071     52.240    118.850     40.750     37.380    -24.040     29.750
      7.086     52.830    118.580     41.120     36.630    -23.310     27.120
      7.100     53.370    118.310     41.430     35.220    -23.470     24.010
      7.114     54.000    117.970     41.780     33.540    -23.160     21.890
      7.129     54.440    117.630     42.030     33.450    -21.620     24.650
      7.143     55.070    117.390     42.380     33.400    -22.920     21.780
      7.157     55.590    117.080     42.660     32.460    -25.390     20.160
      7.171     56.130    116.740     42.950     33.260    -23.610     21.080
      7.186     56.620    116.420     43.230     32.270    -25.230     18.650
      7.200     57.180    116.080     43.530     31.670    -25.020     17.700
      7.214     57.720    115.770     43.810     32.510    -24.180     19.840
      7.229     58.270    115.440     44.130     33.280    -24.080     18.940
      7.243     58.800    115.040     44.460     31.170    -25.890     18.160
      7.257     59.320    114.710     44.710     30.180    -26.980     17.400
      7.271     59.820    114.340     45.000     32.040    -25.710     21.420
      7.286     60.290    113.950     45.290     33.160    -23.750     22.930
      7.300     60.830    113.680     45.620     32.060    -25.590     20.040
      7.314     61.310    113.310     45.930     31.430    -24.830     19.200
      7.329     61.820    112.900     46.280     33.020    -24.180     22.380
      7.343     62.320    112.530     46.560     31.620    -24.780     21.610
      7.357     62.780    112.150     46.950     32.100    -24.810     22.190
      7.371     63.330    111.790     47.280     33.090    -23.900     27.160
      7.386     63.830    111.440     47.670     32.870    -23.800     28.500
      7.400     64.310    111.060     48.070     32.460    -22.640     28.170
      7.414     64.800    110.710     48.450     31.450    -24.430     27.560
      7.429     65.280    110.310     48.880     31.140    -23.510     28.540
      7.443     65.760    110.050     49.290     29.630    -23.750     27.540
      7.457     66.160    109.590     49.650     27.670    -24.780     26.520
      7.471     66.580    109.180     50.050     28.810    -24.600     28.450
      7.486     67.040    108.880     50.440     30.010    -24.260     29.220
      7.500     67.500    108.480     50.800     28.690    -24.910     26.570
      7.514     67.930    108.100     51.160     28.890    -26.390     25.590
      7.529     68.380    107.800     51.530     29.830    -26.740     24.860
      7.543     68.760    107.360     51.850     31.280    -27.280     25.360
      7.557     69.180    106.990     52.200     30.600    -28.220     24.360
      7.571     69.620    106.620     52.520     28.890    -29.420     23.390
      7.586     69.990    106.150     52.840     28.700    -29.080     23.090
      7.600     70.410    105.800     53.170     28.820    -30.190     22.970
      7.614     70.800    105.360     53.420     27.780    -30.050     24.010
      7.629     71.190    105.030     53.790     30.930    -26.770     28.680
      7.643     71.580    104.640     54.090     29.740    -24.790     29.170
      7.657     71.960    104.270     54.440     29.090    -24.980     27.970
      7.671     72.370    104.020     54.800     28.600    -23.840     29.110
      7.686     72.740    103.660     55.140     29.440    -22.910     27.030
      7.700     73.110    103.320     55.390     28.750    -21.320     27.300
      7.714     73.500    103.020     55.710     29.570    -21.090     25.730
      7.729     73.920    102.740     56.020     29.400    -20.090     24.760
      7.743     74.250    102.460     56.300     28.720    -20.320     25.100
      7.757     74.680    102.160     56.590     27.860    -21.010     20.680
      7.771     75.030    101.850     56.830     27.810    -21.610     19.380
      7.786     75.390    101.630     57.050     28.390    -19.870     19.550
      7.800     75.800    101.370     57.300     26.570    -21.640     17.040
      7.814     76.150    100.990     57.530     26.040    -22.800     15.370
      7.829     76.520    100.760     57.760     28.150    -21.620     17.020
      7.843     76.880    100.590     57.890     30.140    -19.400     18.490
      7.857     77.270    100.250     58.100     30.160    -19.670     18.840
      7.871     77.700    100.080     58.360     29.850    -20.330     18.970
      7.886     78.050     99.730     58.550     30.820    -19.960     18.380
      7.900     78.570     99.600     58.850     30.860    -20.060     17.270
      7.914     78.980     99.300     59.090     31.800    -19.050     17.100
      7.929     79.390     99.080     59.270     33.930    -19.080     17.440
      7.943     79.860     98.860     59.530     34.840    -19.210     18.660
      7.957     80.340     98.650     59.780     36.240    -19.480     19.310
      7.971     80.840     98.430     60.010     36.670    -19.030     18.530
      7.986     81.290     98.170     60.250     37.730    -18.110     20.800
      8.000     81.780     98.000     60.590     38.640    -16.370     20.680
      8.014     82.280     97.740     60.890     37.130    -17.150     20.610
      8.029     82.800     97.610     61.160     35.770    -17.530     21.280
      8.043     83.280     97.360     61.500     36.840    -16.240     22.350
      8.057     83.820     97.180     61.810     37.640    -16.590     22.800
      8.071     84.300     96.960     62.140     37.080    -17.570     23.720
      8.086     84.810     96.750     62.470     37.830    -17.830     23.650
      8.100     85.390     96.540     62.810     37.950    -17.680     22.760
      8.114     85.850     96.260     63.140     38.200    -18.510     22.140
      8.129     86.390     96.030     63.500     39.100    -18.430     23.250
      8.143     86.900     95.840     63.810     38.190    -19.840     23.520
      8.157     87.460     95.570     64.190     37.600    -19.820     24.560
      8.171     87.970     95.350     64.530     38.570    -19.700     25.980
      8.186     88.530     95.090     64.950     39.920    -18.420     28.730
      8.200     89.090     94.860     65.400     38.590    -18.000     29.440
      8.214     89.600     94.590     65.780     39.650    -17.590     30.200
      8.229     90.170     94.320     66.220     39.590    -17.620     30.680
      8.243     90.720     94.090     66.650     40.290    -16.150     32.780
      8.257     91.310     93.830     67.180     41.570    -15.700     35.000
      8.271     91.860     93.640     67.630     40.660    -16.990     34.860
      8.286     92.420     93.410     68.080     41.780    -16.820     36.320
      8.300     93.040     93.160     68.640     41.180    -17.360     36.320
      8.314     93.570     92.920     69.080     40.860    -19.160     37.040
      8.329     94.160     92.640     69.620     40.940    -21.080     36.910
      8.343     94.740     92.350     70.100     41.260    -22.090     37.190
      8.357     95.340     92.110     70.580     39.680    -24.020     37.030
      8.371     95.830     91.740     71.080     38.860    -24.500     36.540
      8.386     96.380     91.420     71.560     37.770    -23.360     37.570
      8.400     96.940     91.140     72.020     37.780    -22.400     36.440
      8.414     97.470     90.850     72.490     37.530    -23.650     36.610
      8.429     98.070     90.490     73.070     36.450    -22.880     36.520
      8.443     98.580     90.220     73.510     36.190    -23.550     35.150
      8.457     99.080     89.910     73.920     35.750    -24.050     36.080
      8.471     99.610     89.590     74.390     34.140    -23.470     33.500
      8.486    100.140     89.220     74.870     33.670    -24.910     33.180
      8.500    100.640     88.890     75.300     33.780    -24.680     32.050
      8.514    101.150     88.600     75.710     34.960    -25.680     30.410
      8.529    101.680     88.230     76.160     33.780    -26.600     28.820
      8.543    102.120     87.850     76.550     33.230    -27.080     29.390
      8.557    102.700     87.550     76.950     32.750    -27.400     27.910
      8.571    103.150     87.170     77.330     31.520    -27.710     27.000
      8.586    103.620     86.780     77.730     31.990    -27.530     26.790
      8.600    104.100     86.410     78.080     33.030    -27.130     27.300
      8.614    104.590     86.110     78.500     33.990    -27.270     26.450
      8.629    105.060     85.870     78.820     34.730    -25.350     26.710
      8.643    105.580     85.340     79.260     33.300    -25.540     27.210
      8.657    106.030     85.190     79.560     32.930    -25.910     26.920
      8.671    106.570     84.690     80.070     32.720    -27.160     27.100
      8.686    107.050     84.290     80.410     32.200    -28.360     25.970
      8.700    107.500     83.940     80.790     31.380    -28.860     25.130
      8.714    107.970     83.630     81.110     30.720    -29.190     23.260
      8.729    108.440     83.110     81.450     28.700    -29.490     20.820
      8.743    108.900     82.740     81.800     28.050    -29.400     19.690
      8.757    109.290     82.500     82.070     27.750    -28.660     17.650
      8.771    109.710     82.020     82.380     26.870    -27.740     17.720
      8.786    110.100     81.590     82.660     27.830    -27.780     16.490
      8.800    110.550     81.300     82.960     28.460    -27.370     16.270
      8.814    111.020     80.810     83.300     29.150    -27.510     16.140
      8.829    111.440     80.460     83.590     29.380    -26.660     17.230
      8.843    111.860     80.110     83.870     30.230    -25.990     17.470
      8.857    112.320     79.840     84.150     31.650    -26.150     18.290
      8.871    112.810     79.320     84.460     31.750    -25.880     18.610
      8.886    113.310     78.950     84.840     33.170    -26.170     19.530
      8.900    113.720     78.540     85.130     33.710    -25.230     20.630
      8.914    114.190     78.290     85.440     33.120    -25.080     21.650
      8.929    114.670     77.810     85.750     33.700    -25.100     22.560
      8.943    115.180     77.460     86.120     32.400    -26.120     22.700
      8.957    115.590     77.040     86.400     32.110    -25.240     22.470
      8.971    116.100     76.690     86.770     30.580    -25.530     22.690
      8.986    116.450     76.430     87.010     31.440    -24.160     22.040
      9.000    116.950     75.920     87.340     31.590    -24.790     21.620
      9.014    117.330     75.540     87.630     30.320    -25.250     21.150
      9.029    117.810     75.220     87.990     30.570    -24.750     20.280
      9.043    118.220     74.820     88.240     30.140    -24.240     20.550
      9.057    118.660     74.530     88.530     30.270    -23.680     20.840
      9.071    119.070     74.080     88.830     29.000    -23.370     21.020
      9.086    119.480     73.730     89.140     28.160    -23.720     19.880
      9.100    119.920     73.390     89.410     29.010    -24.350     19.280
      9.114    120.280     72.970     89.620     29.260    -25.120     19.480
      9.129    120.620     72.650     89.860     29.820    -25.620     18.500
      9.143    121.100     72.350     90.170     30.020    -26.570     18.610
      9.157    121.520     71.900     90.440     30.910    -26.820     18.880
      9.171    121.910     71.590     90.690     30.880    -26.890     19.800
      9.186    122.370     71.200     90.930     32.080    -25.230     20.430
      9.200    122.800     70.830     91.230     30.170    -25.960     20.570
      9.214    123.220     70.460     91.530     31.440    -26.150     21.000
      9.229    123.570     70.060     91.740     30.670    -25.640     21.940
      9.243    124.030     69.680     92.070     31.120    -25.680     22.380
      9.257    124.480     69.360     92.370     32.250    -25.420     20.700
      9.271    124.880     69.000     92.640     31.850    -25.440     20.730
      9.286    125.310     68.700     92.920     31.350    -25.130     21.570
      9.300    125.740     68.310     93.210     32.130    -26.740     20.460
      9.314    126.120     67.940     93.480     31.190    -26.750     20.250
      9.329    126.510     67.640     93.720     31.630    -26.600     18.430
      9.343    126.990     67.260     94.010     31.330    -26.620     18.980
      9.357    127.370     66.860     94.260     30.100    -26.510     18.430
      9.371    127.800     66.560     94.530     30.180    -27.060     19.250
      9.386    128.160     66.150     94.850     29.560    -26.970     19.810
      9.400    128.600     65.800     95.120     29.430    -27.970     20.830
      9.414    128.950     65.400     95.370     27.880    -27.590     20.680
      9.429    129.350     65.070     95.680     26.910    -28.330     22.110
      9.443    129.790     64.690     95.970     27.960    -28.020     23.440
      9.457    130.160     64.350     96.320     26.870    -26.720     23.160
      9.471    130.550     64.040     96.630     27.380    -26.130     22.910
      9.486    130.900     63.640     96.990     27.150    -24.180     24.280
      9.500    131.290     63.340     97.300     26.010    -24.080     24.880
      9.514    131.650     63.010     97.630     26.460    -21.600     25.490
      9.529    132.050     62.730     97.970     27.020    -20.490     27.330
      9.543    132.470     62.450     98.350     27.960    -19.110     25.930
      9.557    132.820     62.150     98.700     26.840    -18.620     26.810
      9.571    133.250     61.890     99.080     27.280    -16.790     26.720
      9.586    133.610     61.620     99.410     26.190    -15.540     25.660
      9.600    134.030     61.370     99.790     27.120    -13.910     25.770
      9.614    134.440     61.190    100.140     27.540    -12.770     25.000
      9.629    134.850     61.010    100.460     27.280    -12.440     25.910
      9.643    135.250     60.720    100.880     28.620    -13.300     25.830
      9.657    135.690     60.520    101.220     29.010    -12.750     25.510
      9.671    136.130     60.320    101.640     29.500    -13.480     24.600
      9.686    136.540     60.140    101.950     30.150    -13.260     24.940
      9.700    136.960     59.890    102.350     31.830    -13.600     22.980
      9.714    137.410     59.680    102.700     30.370    -13.270     23.670
      9.729    137.820     59.520    103.030     30.760    -14.580     23.190
      9.743    138.340     59.310    103.440     30.440    -15.920     23.630
      9.757    138.750     59.100    103.780     31.750    -15.550     23.640
      9.771    139.210     58.840    104.150     32.260    -16.300     24.540
      9.786    139.710     58.610    104.540     31.990    -16.310     24.980
      9.800    140.200     58.420    104.930     32.630    -17.600     24.500
      9.814    140.620     58.090    105.290     32.950    -17.290     24.500
      9.829    141.120     57.910    105.670     33.790    -17.250     25.370
      9.843    141.580     57.650    106.020     34.140    -17.580     25.070
      9.857    142.130     57.380    106.470     35.210    -17.180     27.610
      9.871    142.570     57.180    106.830     36.060    -17.610     28.160
      9.886    143.100     56.930    107.240     36.470    -17.810     29.690
      9.900    143.630     56.620    107.680     36.580    -16.740     29.720
      9.914    144.170     56.460    108.070     36.600    -18.010     30.490
      9.929    144.190     55.880    108.050     37.060    -17.700     30.830
      9.943    145.180     55.920    108.940     37.590    -19.130     30.730
      9.957    145.690     55.730    109.380     37.770    -18.930     31.010
      9.971    145.780     55.080    109.330     37.870    -20.190     30.470
      9.986    146.730     55.130    110.220     38.300    -20.450     30.580
     10.000    147.250     54.840    110.630     37.930    -21.100     30.660
     10.014    147.730     54.570    111.050     36.510    -22.550     31.620
     10.029    148.240     54.270    111.500     36.470    -21.880     32.040
     10.043    148.780     53.970    111.960     36.260    -21.890     31.440
     10.057    149.200     53.690    112.400     36.060    -21.770     31.260
     10.071    149.750     53.420    112.850     36.120    -21.010     31.400
     10.086    150.220     53.050    113.260     35.400    -20.370     31.110
     10.100    150.720     52.830    113.720     35.040    -20.040     31.810
     10.114    151.160     52.500    114.180     34.420    -20.030     33.130
     10.129    151.630     52.210    114.620     33.160    -18.750     33.650
     10.143    152.070     51.880    115.050     32.350    -17.860     34.190
     10.157    152.520     51.690    115.610     31.230    -18.090     34.490
     10.171    152.930     51.420    116.030     31.380    -17.560     34.080
     10.186    153.360     51.030    116.470     30.730    -16.650     32.990
     10.200    153.820     50.810    116.980     31.230    -16.540     32.810
     10.214    154.240     50.510    117.400     31.240    -16.830     32.390
     10.229    154.650     50.220    117.840     32.160    -17.910     32.650
     10.243    155.100     49.860    118.280     31.820    -17.150     32.360
     10.257    155.540     49.710    118.730     31.260    -18.060     32.650
     10.271    155.910     49.330    119.170     31.400    -17.490     32.790
     10.286    156.310     49.090    119.580     32.180    -18.120     32.070
     10.300    156.730     48.730    120.030     32.530    -18.300     31.610
     10.314    157.200     48.470    120.480     32.080    -16.640     31.130
     10.329    157.590     48.240    120.840     33.660    -17.120     31.600
     10.343    158.040     47.920    121.250     33.060    -16.890     30.480
     10.357    158.440     47.610    121.630     33.120    -17.100     29.270
     10.371    158.890     47.390    121.980     33.260    -17.600     27.870
     10.386    159.350     46.980    122.340     33.470    -19.010     28.050
     10.400    159.730     46.710    122.690     32.510    -20.200     26.450
     10.414    160.200     46.390    123.020     33.510    -20.270     26.380
     10.429    160.570     46.010    123.270     33.600    -20.930     25.290
     10.443    161.050     45.740    123.650     31.730    -23.310     24.090
     10.457    161.450     45.380    123.900     31.650    -23.980     23.970
     10.471    161.900     45.040    124.200     31.940    -24.210     23.250
     10.486    162.350     44.690    124.510     31.540    -25.530     23.430
     10.500    162.720     44.330    124.710     30.230    -26.820     22.120
     10.514    163.130     44.020    124.970     30.400    -25.960     22.050
     10.529    163.620     43.670    125.330     31.580    -27.360     22.100
     10.543    164.040     43.320    125.540     31.430    -28.630     20.420
     10.557    164.450     42.860    125.840     30.720    -29.450     19.810
     10.571    164.880     42.520    126.040     30.170    -29.560     17.790
     10.586    165.290     42.060    126.230     30.580    -29.520     16.980
     10.600    165.700     41.690    126.410     31.470    -29.150     17.630
     10.614    166.230     41.230    126.800     31.530    -30.170     15.810
     10.629    166.590     40.910    126.910     32.300    -30.660     16.040
     10.643    167.010     40.510    127.130     30.970    -29.600     17.090
     10.657    167.420     40.110    127.340     30.380    -30.090     16.170
     10.671    167.970     39.610    127.810     30.030    -29.940     16.320
     10.686    168.290     39.350    127.800     30.470    -29.600     16.720
     10.700    168.710     39.000    128.040     29.970    -29.210     17.220
     10.714    169.130     38.630    128.280     29.230    -29.020     16.750
     10.729    169.670     38.160    128.670     29.150    -28.050     17.470
     10.743    169.940     37.910    128.790     28.110    -27.560     17.770
     10.757    170.510     37.390    129.250     26.670    -27.170     17.650
     10.771    170.730     37.130    129.290     25.790    -25.360     18.420
     10.786    171.140     36.830    129.590     26.260    -25.060     18.620
     10.800    171.570     36.480    129.920     26.350    -23.500     19.820
     10.814    171.910     36.200    130.130     25.620    -22.170     19.010
     10.829    172.320     35.940    130.540     25.800    -21.740     19.200
     10.843    172.760     35.610    130.810     26.110    -20.540     20.280
     10.857    173.150     35.300    131.140     27.390    -20.330     20.560
     10.871    173.500     34.980    131.440     25.920    -19.350     21.170
     10.886    173.940     34.710    131.810     28.330    -18.060     21.940
     10.900    174.380     34.450    132.200     29.460    -17.110     23.230
     10.914    174.780     34.260    132.530     30.240    -16.850     24.590
     10.929    175.210     33.920    132.980     31.030    -17.350     25.030
     10.943    175.600     33.650    133.300     30.700    -17.440     25.250
     10.957    176.110     33.360    133.760     31.880    -16.680     27.310
     10.971    176.540     33.130    134.140     32.180    -16.580     27.610
     10.986    177.040     32.870    134.550     32.030    -16.280     27.190
     11.000    177.480     32.610    134.970     32.040    -16.640     27.330
     11.014    177.970     32.360    135.330     33.710    -16.210     28.420
     11.029    178.400     32.040    135.750     32.130    -17.140     28.070
     11.043    178.830     31.780    136.170     31.520    -18.590     28.900
     11.057    179.370     31.520    136.610     30.900    -19.670     27.770
     11.071    179.800     31.200    137.030     30.560    -20.620     27.950
     11.086    180.220     30.910    137.410     29.910    -21.490     27.020
     11.100    180.670     30.520    137.830     30.190    -21.040     28.060
     11.114    181.130     30.230    138.240     28.910    -20.650     27.020
     11.129    181.540     29.900    138.630     30.040    -21.740     27.400
     11.143    181.990     29.580    139.010     30.270    -22.550     27.620
     11.157    182.430     29.220    139.420     30.070    -21.820     28.100
     11.171    182.890     28.880    139.800     30.080    -22.050     28.620
     11.186    183.320     28.570    140.160     29.120    -22.360     27.680
     11.200    183.790     28.220    140.540     30.370    -23.500     28.110
     11.214    184.190     27.900    140.980     30.380    -22.460     29.100
     11.229    184.620     27.570    141.350     29.730    -22.870     28.320
     11.243    185.090     27.260    141.750     29.200    -22.330     27.520
     11.257    185.580     26.960    142.130     28.920    -20.740     27.620
     11.271    185.970     26.650    142.500     28.450    -20.740     27.560
     11.286    186.380     26.400    142.860     28.540    -19.290     27.380
     11.300    186.850     26.110    143.230     28.500    -19.000     26.310
     11.314    187.260     25.730    143.630     28.440    -20.200     26.790
     11.329    187.620     25.490    143.970     28.900    -21.380     26.840
     11.343    188.080     25.210    144.360     29.330    -20.370     25.900
     11.357    188.510     24.910    144.680     30.100    -20.380     27.270
     11.371    188.950     24.610    145.090     30.540    -21.400     27.750
     11.386    189.380     24.360    145.530     30.230    -21.180     26.610
     11.400    189.850     24.040    145.900     30.530    -21.410     26.620
     11.414    190.280     23.800    146.230     30.650    -20.090     27.210
     11.429    190.750     23.580    146.650     31.190    -20.280     26.590
     11.443    190.720     23.490    146.600     30.960    -19.760     26.330
