#         t          x          y          z         vx         vy         vz
      0.000   -476.220    491.420   -412.430     43.690    101.480    140.780
      0.014   -475.590    492.890   -410.390     45.800    102.380    142.900
      0.029   -474.990    494.360   -408.370     46.350    103.940    143.980
      0.043   -474.310    495.870   -406.300     47.160    105.570    145.170
      0.057   -473.670    497.410   -404.190     47.690    106.410    147.250
      0.071   -472.980    498.950   -402.050     48.640    107.560    147.750
      0.086   -472.270    500.490   -399.940     49.160    108.430    148.060
      0.100   -471.570    502.050   -397.800     51.220    108.160    148.910
      0.114   -470.830    503.600   -395.670     53.470    108.950    149.440
      0.129   -470.080    505.160   -393.530     55.540    109.610    150.970
      0.143   -469.300    506.760   -391.410     58.530    111.800    150.750
      0.157   -468.500    508.380   -389.280     60.100    113.250    152.600
      0.171   -467.680    510.030   -387.100     60.840    113.870    153.470
      0.186   -466.830    511.700   -384.840     61.870    115.670    155.360
      0.200   -465.940    513.370   -382.590     62.380    116.680    157.270
      0.214   -465.060    515.040   -380.300     63.040    116.700    160.040
      0.229   -464.160    516.700   -377.950     65.130    117.300    162.820
      0.243   -463.190    518.370   -375.590     66.600    118.580    164.070
      0.257   -462.210    520.050   -373.240     68.750    119.000    165.480
      0.271   -461.230    521.740   -370.890     70.200    121.710    168.090
      0.286   -460.100    523.460   -368.450     72.200    124.560    171.960
      0.300   -459.050    525.270   -365.950     74.430    125.960    174.900
      0.314   -457.940    527.060   -363.460     76.330    126.800    176.310
      0.329   -456.940    528.950   -360.980     77.740    127.720    178.290
      0.343   -455.820    530.810   -358.400     79.630    128.640    181.040
      0.357   -454.540    532.580   -355.730     81.670    129.660    183.850
      0.371   -453.440    534.510   -353.130     84.380    130.350    184.830
      0.386   -452.110    536.330   -350.440     87.460    131.310    186.610
      0.400   -450.800    538.200   -347.770     90.620    131.700    188.900
      0.414   -449.470    540.070   -345.070     93.360    132.560    191.000
      0.429   -448.070    541.940   -342.370     95.090    134.170    191.330
      0.443   -446.700    543.840   -339.660     97.560    133.960    192.730
      0.457   -445.270    545.740   -336.920    100.430    133.950    194.720
      0.471   -443.820    547.640   -334.160    102.700    134.040    197.170
      0.486   -442.370    549.530   -331.370    104.420    133.710    199.800
      0.500   -440.880    551.430   -328.520    107.100    134.250    201.940
      0.514   -439.370    553.350   -325.650    111.060    135.860    204.920
      0.529   -437.750    555.280   -322.840    117.530    135.670    205.860
      0.543   -436.070    557.210   -319.900    122.270    136.090    208.140
      0.557   -434.300    559.160   -316.960    126.550    137.040    209.830
      0.571   -432.480    561.130   -313.960    130.950    137.470    211.960
      0.586   -430.600    563.100   -310.930    136.010    136.970    213.850
      0.600   -428.630    565.040   -307.860    141.070    136.220    215.660
      0.614   -426.590    567.010   -304.730    145.230    136.300    218.320
      0.629   -424.520    568.950   -301.560    148.460    135.060    221.110
      0.643   -422.390    570.870   -298.360    151.930    135.220    223.200
      0.657   -420.170    572.820   -295.100    157.040    134.730    225.440
      0.671   -417.800    574.760   -291.730    162.020    133.350    229.600
      0.686   -415.480    576.660   -288.430    167.180    132.140    232.280
      0.700   -413.010    578.530   -285.070    172.130    129.940    234.290
      0.714   -410.500    580.370   -281.680    177.950    127.550    236.620
      0.729   -407.900    582.150   -278.300    183.430    124.000    237.320
      0.743   -405.160    583.870   -274.890    188.030    120.710    238.190
      0.757   -402.470    585.590   -271.480    193.470    118.510    239.320
      0.771   -399.570    587.230   -268.050    199.870    115.840    240.540
      0.786   -396.730    588.890   -264.620    205.090    113.150    241.830
      0.800   -393.750    590.490   -261.130    211.380    110.020    243.600
      0.814   -390.690    592.040   -257.630    218.240    105.620    245.230
      0.829   -387.490    593.490   -254.190    224.230    101.500    246.710
      0.843   -384.240    594.920   -250.650    230.690     97.150    246.320
      0.857   -380.920    596.310   -247.090    237.950     92.890    248.120
      0.871   -377.440    597.570   -243.570    244.150     86.900    247.680
      0.886   -373.890    598.790   -240.010    250.360     80.650    248.220
      0.900   -370.250    599.900   -236.450    255.260     74.500    248.460
      0.914   -366.550    600.900   -232.940    259.950     68.000    246.930
      0.929   -362.740    601.810   -229.380    263.870     60.800    246.700
      0.943   -358.960    602.630   -225.870    268.160     54.560    245.210
      0.957   -355.110    603.350   -222.420    271.700     48.970    244.040
      0.971   -351.190    604.020   -218.920    275.300     43.820    241.180
      0.986   -347.230    604.610   -215.490    277.630     37.790    239.290
      1.000   -343.280    605.110   -212.110    279.480     31.910    236.980
      1.014   -339.270    605.510   -208.750    280.810     26.180    234.810
      1.029   -335.260    605.860   -205.370    282.600     19.570    232.760
      1.043   -331.160    606.090   -202.080    283.830     13.120    228.910
      1.057   -327.160    606.240   -198.860    284.790      7.420    225.020
      1.071   -323.140    606.330   -195.640    287.170      2.210    221.060
      1.086   -319.060    606.320   -192.530    287.350     -4.010    217.600
      1.100   -314.920    606.220   -189.440    287.600     -9.000    214.100
      1.114   -310.880    606.060   -186.410    287.330    -13.770    211.290
      1.129   -306.770    605.820   -183.410    287.470    -19.480    207.550
      1.143   -302.670    605.510   -180.460    287.160    -25.370    203.790
      1.157   -298.570    605.100   -177.600    286.430    -30.170    200.590
      1.171   -294.440    604.670   -174.670    285.230    -34.930    197.910
      1.186   -290.400    604.110   -171.920    285.360    -40.830    194.440
      1.200   -286.290    603.490   -169.160    283.260    -45.830    189.090
      1.214   -282.260    602.790   -166.480    281.460    -52.390    186.780
      1.229   -278.290    601.980   -163.850    279.540    -57.060    185.220
      1.243   -274.310    601.150   -161.210    278.680    -60.590    181.460
      1.257   -270.360    600.260   -158.640    277.050    -63.670    178.730
      1.271   -266.400    599.300   -156.120    274.010    -65.790    177.370
      1.286   -262.510    598.360   -153.570    272.400    -69.130    174.640
      1.300   -258.640    597.350   -151.060    271.230    -72.660    172.720
      1.314   -254.790    596.280   -148.610    269.020    -75.940    171.350
      1.329   -250.970    595.190   -146.190    266.750    -77.770    168.620
      1.343   -247.160    594.080   -143.770    264.950    -79.360    165.070
      1.357   -243.400    592.950   -141.400    263.640    -81.160    164.360
      1.371   -239.690    591.800   -139.040    262.190    -84.230    162.080
      1.386   -235.890    590.550   -136.760    260.980    -87.540    158.970
      1.400   -232.190    589.260   -134.540    259.590    -91.320    156.470
      1.414   -228.480    587.920   -132.350    256.850    -94.280    152.940
      1.429   -224.810    586.620   -130.090    254.920    -96.380    149.850
      1.443   -221.170    585.220   -127.990    252.560    -98.990    146.400
      1.457   -217.580    583.790   -125.900    249.540   -102.360    144.650
      1.471   -214.070    582.320   -123.850    249.140   -103.090    143.830
      1.486   -210.480    580.790   -121.860    246.860   -105.450    141.400
      1.500   -207.060    579.240   -119.900    244.400   -106.660    140.050
      1.514   -203.490    577.730   -117.890    242.440   -108.800    136.450
      1.529   -200.100    576.170   -115.960    240.150   -111.120    134.180
      1.543   -196.640    574.550   -114.060    238.510   -113.290    132.560
      1.557   -193.260    572.920   -112.200    237.590   -113.660    130.060
      1.571   -189.850    571.290   -110.320    236.230   -115.340    129.920
      1.586   -186.520    569.630   -108.490    234.870   -117.100    127.770
      1.600   -183.110    567.930   -106.720    233.540   -118.080    125.090
      1.614   -179.830    566.270   -104.900    231.120   -119.440    124.080
      1.629   -176.540    564.520   -103.200    228.490   -120.340    122.660
      1.643   -173.330    562.810   -101.440    227.160   -121.920    121.490
      1.657   -170.100    561.070    -99.680    225.460   -123.150    119.420
      1.671   -166.840    559.280    -98.020    223.510   -124.630    116.850
      1.686   -163.690    557.490    -96.370    221.800   -126.620    115.970
      1.700   -160.550    555.660    -94.710    219.680   -129.340    113.980
      1.714   -157.440    553.800    -93.120    217.550   -130.810    112.780
      1.729   -154.350    551.920    -91.510    214.420   -131.160    111.360
      1.743   -151.300    550.050    -89.930    212.500   -133.060    109.580
      1.757   -148.270    548.120    -88.400    210.970   -134.780    108.090
      1.771   -145.240    546.200    -86.840    209.540   -134.420    106.450
      1.786   -142.210    544.250    -85.380    207.870   -135.480    105.250
      1.800   -139.250    542.310    -83.900    205.860   -136.330    103.080
      1.814   -136.350    540.360    -82.390    205.250   -137.800    101.450
      1.829   -133.380    538.390    -81.000    202.990   -139.420    100.730
      1.843   -130.500    536.390    -79.580    201.270   -140.160     99.300
      1.857   -127.700    534.400    -78.090    199.870   -141.600     97.290
      1.871   -124.860    532.370    -76.720    198.630   -142.370     95.510
      1.886   -122.040    530.320    -75.370    197.040   -143.230     93.630
      1.900   -119.240    528.270    -74.050    195.330   -145.030     93.660
      1.914   -116.470    526.190    -72.690    194.410   -146.780     92.260
      1.929   -113.670    524.080    -71.440    192.270   -146.940     91.120
      1.943   -110.960    521.970    -70.130    190.110   -148.290     89.510
      1.957   -108.220    519.840    -68.880    187.580   -150.610     87.910
      1.971   -105.570    517.670    -67.610    186.350   -152.680     86.570
      1.986   -102.930    515.500    -66.350    185.430   -153.280     85.210
      2.000   -100.290    513.280    -65.170    183.310   -154.280     84.630
      2.014    -97.720    511.070    -63.950    180.830   -155.460     84.630
      2.029    -95.140    508.830    -62.780    178.260   -156.880     82.850
      2.043    -92.580    506.560    -61.620    176.180   -157.910     80.390
      2.057    -90.130    504.310    -60.470    173.450   -158.040     80.420
      2.071    -87.640    502.080    -59.290    171.730   -157.670     79.710
      2.086    -85.220    499.810    -58.220    169.920   -158.110     78.580
      2.100    -82.780    497.550    -57.110    168.210   -157.860     76.660
      2.114    -80.430    495.320    -55.950    167.820   -158.160     75.260
      2.129    -78.030    493.080    -54.880    167.490   -158.710     74.060
      2.143    -75.620    490.770    -53.890    166.710   -158.320     72.610
      2.157    -73.190    488.500    -52.870    165.300   -158.540     70.540
      2.171    -70.890    486.250    -51.830    164.130   -159.920     69.030
      2.186    -68.550    483.960    -50.880    160.900   -160.170     69.110
      2.200    -66.260    481.660    -49.890    158.890   -161.150     68.800
      2.214    -64.010    479.340    -48.930    156.490   -162.050     67.890
      2.229    -61.780    477.050    -47.940    155.550   -164.100     67.990
      2.243    -59.560    474.670    -46.970    155.600   -164.990     67.790
      2.257    -57.340    472.290    -46.070    153.300   -164.470     66.110
      2.271    -55.160    469.960    -45.100    153.140   -165.170     64.980
      2.286    -52.960    467.590    -44.170    151.180   -165.360     64.310
      2.300    -50.840    465.260    -43.240    150.040   -166.130     62.770
      2.314    -48.680    462.860    -42.350    149.230   -167.740     60.300
      2.329    -46.550    460.460    -41.520    147.510   -168.530     58.610
      2.343    -44.480    458.050    -40.680    146.400   -169.030     58.930
      2.357    -42.420    455.630    -39.850    145.200   -169.460     59.320
      2.371    -40.310    453.180    -39.010    143.290   -170.840     59.570
      2.386    -38.280    450.730    -38.190    141.070   -171.660     57.480
      2.400    -36.300    448.280    -37.370    139.570   -171.220     58.220
      2.414    -34.320    445.840    -36.520    137.690   -170.940     57.220
      2.429    -32.360    443.400    -35.710    135.570   -170.710     56.380
      2.443    -30.440    440.970    -34.910    133.660   -171.130     55.510
      2.457    -28.550    438.510    -34.120    131.340   -171.690     55.130
      2.471    -26.690    436.070    -33.340    129.330   -172.570     54.710
      2.486    -24.890    433.610    -32.510    128.040   -172.720     54.420
      2.500    -23.050    431.100    -31.790    125.580   -175.740     52.650
      2.514    -21.280    428.580    -31.020    123.970   -176.960     50.700
      2.529    -19.510    426.060    -30.270    122.290   -176.940     50.630
      2.543    -17.790    423.530    -29.550    120.660   -177.270     50.200
      2.557    -16.070    420.990    -28.870    119.070   -178.100     48.600
      2.571    -14.380    418.440    -28.170    117.000   -179.490     46.560
      2.586    -12.700    415.870    -27.550    115.960   -179.820     46.360
      2.600    -11.060    413.290    -26.850    114.570   -181.250     45.570
      2.614     -9.440    410.690    -26.250    113.260   -182.280     45.160
      2.629     -7.840    408.080    -25.610    111.590   -183.290     44.830
      2.643     -6.240    405.450    -24.990    110.800   -185.200     43.920
      2.657     -4.680    402.790    -24.370    108.460   -186.680     42.810
      2.671     -3.110    400.130    -23.680    106.300   -187.370     41.870
      2.686     -1.590    397.450    -23.080    106.760   -187.220     41.670
      2.700     -0.070    394.750    -22.540    104.960   -187.670     39.640
      2.714      1.400    392.090    -22.030    104.110   -187.150     37.160
      2.729      2.840    389.410    -21.530    102.150   -186.210     36.640
      2.743      4.320    386.780    -20.940    101.320   -187.500     36.340
      2.757      5.720    384.070    -20.490     99.830   -188.010     34.950
      2.771      7.170    381.410    -19.980     98.670   -188.930     34.110
      2.786      8.550    378.730    -19.470     97.300   -189.810     33.980
      2.800      9.930    375.930    -19.060     94.380   -191.330     33.210
      2.814     11.280    373.200    -18.540     93.510   -192.740     32.640
      2.829     12.630    370.490    -18.020     91.360   -194.990     32.430
      2.843     13.880    367.640    -17.620     89.440   -195.970     31.570
      2.857     15.200    364.890    -17.110     87.800   -196.390     29.900
      2.871     16.380    362.030    -16.760     85.530   -197.240     29.370
      2.886     17.630    359.250    -16.270     82.930   -198.330     27.560
      2.900     18.770    356.410    -15.860     80.430   -199.210     27.370
      2.914     19.900    353.560    -15.490     79.480   -198.910     26.720
      2.929     21.000    350.690    -15.140     78.740   -199.800     26.280
      2.943     22.080    347.860    -14.740     76.220   -200.630     25.080
      2.957     23.160    344.990    -14.400     74.150   -201.330     23.440
      2.971     24.210    342.120    -14.010     72.790   -201.840     22.570
      2.986     25.260    339.210    -13.740     70.040   -202.500     22.690
      3.000     26.230    336.290    -13.490     68.350   -203.180     21.910
      3.014     27.170    333.450    -13.030     65.430   -204.040     22.820
      3.029     28.130    330.450    -12.850     63.570   -205.650     21.100
      3.043     29.010    327.490    -12.580     61.970   -206.190     21.570
      3.057     29.870    324.600    -12.120     60.960   -207.930     20.290
      3.071     30.740    321.630    -11.820     57.880   -208.600     19.630
      3.086     31.590    318.620    -11.600     55.720   -209.300     19.180
      3.100     32.360    315.660    -11.250     53.780   -209.730     18.150
      3.114     33.100    312.630    -11.070     52.240   -211.360     16.820
      3.129     33.870    309.610    -10.800     49.600   -212.860     16.280
      3.143     34.590    306.550    -10.580     47.830   -213.810     14.210
      3.157     35.230    303.440    -10.520     46.070   -214.980     13.190
      3.171     35.890    300.420    -10.220     43.840   -213.940     12.930
      3.186     36.510    297.350    -10.070     41.380   -215.410     10.910
      3.200     37.040    294.270     -9.930     37.160   -216.150      9.930
      3.214     37.540    291.130     -9.900     36.440   -217.790      9.270
      3.229     38.040    288.030     -9.710     33.230   -220.130      8.310
      3.243     38.450    284.840     -9.670     29.650   -220.660      6.930
      3.257     38.860    281.700     -9.560     25.560   -221.120      5.350
      3.271     39.240    278.510     -9.500     23.720   -222.480      3.850
      3.286     39.530    275.340     -9.440     21.700   -223.690      4.080
      3.300     39.730    272.160     -9.430     18.680   -223.210      4.100
      3.314     40.020    268.960     -9.360     14.830   -223.680      2.650
      3.329     40.190    265.760     -9.320     11.920   -225.290      1.800
      3.343     40.330    262.530     -9.300      9.200   -226.680      0.960
      3.357     40.500    259.250     -9.330      5.590   -227.410      0.220
      3.371     40.480    256.020     -9.300      2.230   -228.920     -0.850
      3.386     40.510    252.770     -9.290     -1.270   -230.060     -1.730
      3.400     40.530    249.420     -9.400     -6.430   -230.080     -3.640
      3.414     40.280    246.180     -9.390     -9.650   -231.510     -4.930
      3.429     40.240    242.810     -9.560    -14.070   -231.430     -6.780
      3.443     39.890    239.540     -9.620    -17.250   -232.640     -9.420
      3.457     39.720    236.150     -9.820    -21.560   -234.660    -10.390
      3.471     39.210    232.850     -9.880    -24.960   -235.340    -11.420
      3.486     38.860    229.470    -10.070    -27.210   -236.970    -14.140
      3.500     38.600    226.040    -10.320    -31.120   -238.110    -14.350
      3.514     37.930    222.670    -10.470    -34.700   -239.200    -16.000
      3.529     37.440    219.230    -10.700    -39.440   -241.230    -16.660
      3.543     36.860    215.760    -10.940    -44.360   -242.070    -17.160
      3.557     36.320    212.280    -11.250    -48.130   -243.330    -18.880
      3.571     35.610    208.770    -11.580    -54.310   -244.430    -20.760
      3.586     34.770    205.270    -11.880    -59.340   -245.970    -22.240
      3.600     33.830    201.750    -12.120    -64.420   -246.780    -23.960
      3.614     32.970    198.220    -12.570    -68.880   -246.940    -25.520
      3.629     31.910    194.700    -12.860    -74.060   -246.790    -28.230
      3.643     30.880    191.180    -13.380    -79.840   -246.050    -31.470
      3.657     29.630    187.670    -13.780    -86.640   -246.170    -33.990
      3.671     28.380    184.150    -14.310    -94.150   -245.810    -35.190
      3.686     26.980    180.640    -14.820   -100.300   -245.620    -37.440
      3.700     25.510    177.140    -15.400   -106.100   -244.020    -41.170
      3.714     23.950    173.650    -16.040   -113.730   -243.590    -44.270
      3.729     22.270    170.180    -16.720   -121.500   -241.940    -47.000
      3.743     20.500    166.740    -17.400   -128.420   -240.330    -48.640
      3.757     18.590    163.350    -18.110   -135.350   -237.420    -51.170
      3.771     16.620    159.950    -18.860   -143.800   -234.710    -53.490
      3.786     14.510    156.640    -19.630   -151.810   -232.040    -56.150
      3.800     12.270    153.340    -20.490   -158.730   -228.850    -59.580
      3.814      9.960    150.090    -21.330   -166.130   -224.190    -63.520
      3.829      7.540    146.940    -22.280   -173.070   -219.780    -65.440
      3.843      5.030    143.810    -23.240   -179.650   -216.220    -69.220
      3.857      2.430    140.760    -24.260   -187.220   -210.160    -71.150
      3.871     -0.280    137.810    -25.250   -193.110   -205.450    -72.420
      3.886     -3.110    134.900    -26.300   -200.280   -201.090    -73.780
      3.900     -6.010    132.050    -27.370   -206.160   -195.030    -76.340
      3.914     -8.960    129.310    -28.480   -213.230   -186.810    -80.080
      3.929    -12.120    126.720    -29.620   -219.170   -178.240    -80.800
      3.943    -15.200    124.200    -30.830   -224.520   -168.640    -82.850
      3.957    -18.530    121.890    -32.000   -230.870   -158.890    -83.870
      3.971    -21.770    119.660    -33.230   -235.540   -150.160    -84.970
      3.986    -25.210    117.580    -34.470   -242.070   -139.480    -85.250
      4.000    -28.680    115.660    -35.710   -247.040   -129.370    -85.500
      4.014    -32.240    113.870    -36.950   -250.610   -118.890    -85.530
      4.029    -35.880    112.230    -38.170   -254.960   -108.420    -84.320
      4.043    -39.590    110.840    -39.250   -257.050    -96.800    -83.230
      4.057    -43.310    109.540    -40.410   -259.050    -83.870    -81.410
      4.071    -47.000    108.350    -41.700   -259.370    -70.480    -79.860
      4.086    -50.680    107.540    -42.680   -259.210    -57.210    -79.270
      4.100    -54.420    106.730    -43.920   -257.470    -42.990    -76.030
      4.114    -58.100    106.200    -44.990   -255.350    -29.920    -73.140
      4.129    -61.730    105.870    -46.000   -253.400    -15.890    -69.550
      4.143    -65.320    105.750    -46.960   -249.910     -1.550    -66.140
      4.157    -68.830    105.820    -47.870   -244.970     12.190    -62.590
      4.171    -72.290    106.120    -48.700   -239.330     27.080    -59.270
      4.186    -75.660    106.600    -49.520   -233.720     40.970    -55.670
      4.200    -78.970    107.300    -50.270   -226.600     55.150    -51.470
      4.214    -82.110    108.250    -50.950   -218.380     68.110    -48.060
      4.229    -85.200    109.270    -51.600   -209.580     81.740    -44.020
      4.243    -88.170    110.530    -52.210   -200.510     93.670    -40.170
      4.257    -90.920    111.990    -52.760   -191.280    104.630    -36.660
      4.271    -93.560    113.580    -53.230   -179.200    115.710    -32.180
      4.286    -96.040    115.240    -53.670   -166.680    123.570    -28.510
      4.300    -98.330    117.110    -54.060   -154.240    132.840    -23.680
      4.314   -100.430    119.030    -54.360   -141.660    138.210    -20.490
      4.329   -102.380    121.040    -54.620   -128.620    144.640    -15.930
      4.343   -104.120    123.160    -54.800   -116.040    150.380    -11.970
      4.357   -105.670    125.340    -54.990   -105.150    154.900     -9.140
      4.371   -107.040    127.600    -55.090    -91.700    159.890     -6.020
      4.386   -108.290    129.920    -55.150    -80.180    162.700     -1.860
      4.400   -109.380    132.270    -55.110    -69.020    165.510      1.750
      4.414   -110.290    134.640    -55.090    -57.940    167.810      4.030
      4.429   -111.070    137.030    -55.010    -47.180    168.980      6.610
      4.443   -111.580    139.450    -54.950    -36.150    169.180      9.080
      4.457   -112.070    141.860    -54.760    -25.360    169.620     10.340
      4.471   -112.350    144.300    -54.590    -16.940    169.660     13.030
      4.486   -112.570    146.700    -54.400     -8.830    168.540     14.510
      4.500   -112.620    149.110    -54.180      0.720    169.320     16.290
      4.514   -112.550    151.540    -53.900      8.460    168.570     18.390
      4.529   -112.390    153.970    -53.600     18.390    169.330     21.060
      4.543   -112.000    156.320    -53.360     25.360    167.910     21.560
      4.557   -111.640    158.750    -52.990     32.020    166.880     23.330
      4.571   -111.120    161.100    -52.670     39.350    165.130     25.100
      4.586   -110.530    163.470    -52.260     47.860    163.430     27.720
      4.600   -109.790    165.770    -51.890     54.070    162.500     28.970
      4.614   -108.950    168.090    -51.470     60.020    162.190     29.250
      4.629   -108.000    170.370    -51.130     66.070    161.790     29.860
      4.643   -107.030    172.670    -50.690     71.980    159.740     30.220
      4.657   -105.990    174.950    -50.180     78.110    158.360     31.220
      4.671   -104.740    177.150    -49.720     83.370    156.660     33.040
      4.686   -103.510    179.400    -49.220     90.040    155.230     34.700
      4.700   -102.240    181.640    -48.760     95.770    155.020     36.260
      4.714   -100.780    183.810    -48.140    101.180    153.220     38.350
      4.729    -99.370    186.020    -47.660    105.970    151.610     40.740
      4.743    -97.820    188.180    -47.060    111.160    150.190     43.120
      4.757    -96.180    190.330    -46.390    117.610    148.920     45.250
      4.771    -94.480    192.460    -45.730    121.880    147.160     46.950
      4.786    -92.650    194.560    -45.040    126.670    145.620     48.700
      4.800    -90.850    196.630    -44.320    131.560    144.020     51.220
      4.814    -88.940    198.680    -43.540    136.000    142.310     53.900
      4.829    -86.990    200.680    -42.780    140.330    141.430     55.980
      4.843    -84.880    202.580    -41.950    143.940    139.190     57.120
      4.857    -82.790    204.720    -41.120    147.890    137.820     58.830
      4.871    -80.640    206.500    -40.250    152.130    135.560     61.550
      4.886    -78.420    208.390    -39.340    155.740    134.070     64.200
      4.900    -76.210    210.510    -38.450    159.540    132.290     66.500
      4.914    -73.920    212.400    -37.440    162.360    131.540     69.250
      4.929    -71.570    214.070    -36.430    165.650    129.890     72.050
      4.943    -69.230    216.120    -35.410    168.760    129.180     73.780
      4.957    -66.740    217.970    -34.280    173.550    126.660     77.310
      4.971    -64.200    219.470    -33.170    177.300    124.860     79.660
      4.986    -61.760    221.520    -32.030    180.680    123.580     82.800
      5.000    -59.080    223.310    -30.800    183.970    124.110     86.050
      5.014    -56.510    225.070    -29.550    187.510    123.170     89.610
      5.029    -53.830    226.830    -28.250    190.580    123.010     93.410
      5.043    -51.090    228.580    -26.860    195.840    121.840     97.920
      5.057    -48.190    230.320    -25.490    200.080    122.030    101.170
      5.071    -45.350    232.090    -23.970    205.820    121.400    107.020
      5.086    -42.370    233.790    -22.420    209.110    119.740    112.650
      5.100    -39.370    235.470    -20.770    214.540    117.750    118.500
      5.114    -36.280    237.150    -19.000    219.930    116.430    127.670
      5.129    -33.060    238.800    -17.140    225.340    115.100    135.520
      5.143    -29.770    240.430    -15.160    230.770    113.690    144.930
      5.157    -26.500    242.010    -13.010    235.180    110.410    155.280
      5.171    -23.110    243.560    -10.680    241.750    107.380    168.360
      5.186    -19.630    245.090     -8.140    247.070    102.220    181.360
      5.200    -16.070    246.470     -5.470    251.770     95.790    196.070
      5.214    -12.430    247.810     -2.500    255.470     86.270    212.860
      5.229     -8.760    248.910      0.640    256.940     72.740    229.820
      5.243     -5.090    249.850      4.070    254.540     55.640    245.960
      5.257     -1.490    250.500      7.700    250.210     37.360    261.450
      5.271      2.050    250.830     11.510    242.680     17.060    271.510
      5.286      5.490    250.950     15.340    232.170     -6.180    276.550
      5.300      8.700    250.660     19.440    221.050    -25.610    278.540
      5.314     11.730    250.170     23.380    210.400    -42.850    276.290
      5.329     14.700    249.480     27.200    199.490    -57.210    271.910
      5.343     17.430    248.510     31.110    190.080    -69.170    266.840
      5.357     20.070    247.430     34.840    179.570    -80.560    259.400
      5.371     22.550    246.210     38.500    169.890    -90.360    252.140
      5.386     24.910    244.850     42.030    163.130    -96.740    245.230
      5.400     27.310    243.510     45.430    155.630   -102.820    236.090
      5.414     29.470    241.990     48.790    148.780   -107.180    228.940
      5.429     31.540    240.460     51.960    142.790   -112.000    220.970
      5.443     33.560    238.810     55.130    137.600   -116.320    214.210
      5.457     35.480    237.090     58.090    132.340   -119.900    206.310
      5.471     37.320    235.350     60.990    126.850   -123.890    199.890
      5.486     39.060    233.530     63.780    121.960   -127.800    191.710
      5.500     40.590    231.720     66.300    117.050   -131.680    185.190
      5.514     42.350    229.760     69.060    113.190   -133.660    178.860
      5.529     44.180    227.890     71.610    108.900   -137.380    172.420
      5.543     45.350    225.890     73.770    104.200   -139.530    166.940
      5.557     46.810    223.880     76.110     99.590   -142.080    160.840
      5.571     48.540    221.870     78.690     95.740   -142.290    155.470
      5.586     49.500    219.790     80.520     91.560   -144.890    149.600
      5.600     50.750    217.720     82.590     86.790   -145.570    143.520
      5.614     51.950    215.640     84.560     83.810   -146.980    137.370
      5.629     53.130    213.520     86.440     81.110   -148.820    131.610
      5.643     54.260    211.390     88.260     78.130   -150.040    126.870
      5.657     55.980    209.360     90.520     75.030   -151.290    123.140
      5.671     56.390    207.060     91.810     72.010   -152.780    118.940
      5.686     57.400    204.850     93.490     68.530   -155.450    113.790
      5.700     58.360    202.610     95.110     65.560   -156.820    109.120
      5.714     59.270    200.340     96.680     62.450   -158.060    104.930
      5.729     60.120    198.070     98.160     60.020   -159.110     99.630
      5.743     60.950    195.800     99.560     56.900   -159.680     95.940
      5.757     61.760    193.520    100.930     55.270   -161.090     90.660
      5.771     62.540    191.210    102.210     51.370   -161.810     85.640
      5.786     63.260    188.900    103.420     49.260   -162.590     81.810
      5.800     63.950    186.570    104.570     46.470   -163.450     75.970
      5.814     64.680    184.240    105.640     43.680   -163.300     70.450
      5.829     65.270    181.890    106.620     41.290   -165.080     66.360
      5.843     65.870    179.520    107.540     37.220   -166.130     61.910
      5.857     66.390    177.120    108.420     33.880   -167.830     58.920
      5.871     66.860    174.700    109.230     32.080   -167.720     52.720
      5.886     67.320    172.280    109.940     28.880   -168.220     49.530
      5.900     67.710    169.890    110.620     25.390   -167.290     44.970
      5.914     68.060    167.510    111.230     23.020   -167.420     39.950
      5.929     68.400    165.140    111.800     20.570   -167.210     36.030
      5.943     68.720    162.740    112.260     18.090   -167.690     30.260
      5.957     68.930    160.340    112.650     15.130   -167.290     25.810
      5.971     69.180    157.970    112.990     13.590   -167.870     21.820
      5.986     69.380    155.570    113.260     10.450   -168.930     17.550
      6.000     69.510    153.140    113.460      7.500   -168.930     11.790
      6.014     69.580    150.740    113.590      6.260   -167.140      7.100
      6.029     69.680    148.360    113.660      3.080   -166.410      2.550
      6.043     69.720    146.000    113.640      0.010   -166.630     -2.170
      6.057     69.710    143.640    113.600     -1.880   -166.660     -6.100
      6.071     69.660    141.250    113.490     -3.940   -165.880    -10.800
      6.086     69.640    138.890    113.320     -7.240   -165.320    -16.230
      6.100     69.520    136.550    113.060    -10.200   -163.920    -21.710
      6.114     69.350    134.200    112.720    -12.480   -163.030    -27.340
      6.129     69.130    131.890    112.300    -16.490   -161.880    -31.730
      6.143     69.420    129.690    112.220    -19.750   -160.550    -37.220
      6.157     69.060    127.400    111.590    -22.310   -158.990    -43.020
      6.171     68.260    125.050    110.580    -25.540   -158.570    -49.880
      6.186     67.910    122.780    109.810    -27.720   -158.440    -55.540
      6.200     67.530    120.540    109.030    -29.480   -156.170    -60.230
      6.214     67.710    118.500    108.460    -31.500   -155.080    -65.870
      6.229     66.650    116.100    107.130    -34.460   -152.690    -72.170
      6.243     66.170    113.950    106.080    -38.520   -149.270    -78.010
      6.257     65.690    111.870    104.970    -42.190   -147.590    -83.920
      6.271     65.050    109.780    103.710    -46.750   -144.960    -91.040
      6.286     64.280    107.670    102.290    -48.540   -142.220    -97.860
      6.300     63.680    105.680    100.870    -51.130   -139.820   -104.700
      6.314     62.860    103.680     99.300    -54.230   -135.930   -111.500
      6.329     62.160    101.790     97.680    -56.270   -132.460   -118.230
      6.343     61.280     99.910     95.930    -59.250   -128.990   -124.020
      6.357     60.410     98.090     94.090    -63.450   -125.090   -130.960
      6.371     59.450     96.320     92.180    -67.130   -120.900   -136.810
      6.386     58.470     94.620     90.170    -68.830   -117.220   -143.450
      6.400     57.470     92.980     88.090    -71.710   -111.840   -150.480
      6.414     56.420     91.410     85.900    -74.860   -107.650   -156.790
      6.429     55.340     89.890     83.610    -77.400   -102.710   -163.990
      6.443     54.200     88.470     81.250    -79.720    -97.990   -170.410
      6.457     53.030     87.120     78.780    -83.050    -92.090   -177.210
      6.471     51.850     85.850     76.220    -85.000    -84.710   -183.260
      6.486     50.620     84.680     73.540    -86.870    -77.820   -189.090
      6.500     49.380     83.650     70.890    -90.010    -71.030   -196.400
      6.514     48.040     82.690     68.060    -93.600    -62.960   -202.760
      6.529     46.680     81.870     65.140    -95.890    -54.980   -209.680
      6.543     45.300     81.150     62.100    -99.250    -45.970   -217.270
      6.557     43.860     80.560     58.960   -100.970    -36.440   -223.780
      6.571     42.410     80.130     55.720   -102.840    -25.890   -229.810
      6.586     40.970     79.840     52.380   -103.100    -15.410   -235.990
      6.600     39.500     79.700     48.960   -104.250     -4.300   -241.240
      6.614     38.010     79.740     45.490   -105.530      8.110   -245.380
      6.629     36.470     79.920     41.940   -107.760     20.460   -249.860
      6.643     34.910     80.300     38.340   -108.260     34.510   -253.860
      6.657     33.340     80.910     34.690   -108.670     51.030   -255.910
      6.671     31.760     81.770     31.040   -107.660     66.440   -257.600
      6.686     30.220     82.820     27.330   -106.820     82.200   -258.320
      6.700     28.670     84.110     23.650   -104.280     98.570   -256.760
      6.714     27.220     85.640     19.990    -99.910    115.450   -254.340
      6.729     25.810     87.410     16.350    -96.190    131.350   -250.810
      6.743     24.440     89.390     12.800    -92.240    145.970   -245.710
      6.757     23.190     91.590      9.350    -87.610    160.460   -237.880
      6.771     21.930     93.960      6.020    -82.000    173.610   -228.290
      6.786     20.810     96.530      2.840    -75.600    185.920   -217.070
      6.800     19.760     99.270     -0.150    -68.650    195.990   -204.610
      6.814     18.830    102.140     -2.990    -61.860    206.140   -192.360
      6.829     17.950    105.120     -5.620    -55.100    213.750   -178.550
      6.843     17.220    108.220     -8.070    -47.620    219.800   -166.230
      6.857     16.600    111.410    -10.340    -39.420    224.890   -152.370
      6.871     16.110    114.640    -12.410    -32.040    227.870   -139.850
      6.886     15.750    117.870    -14.480    -24.690    230.370   -127.490
      6.900     15.400    121.210    -16.050    -19.540    231.230   -113.660
      6.914     15.160    124.440    -17.760    -14.900    231.210   -102.140
      6.929     15.020    127.720    -19.120     -8.760    230.530    -89.470
      6.943     14.920    131.040    -20.300     -2.740    228.900    -77.870
      6.957     14.940    134.340    -21.180      2.590    226.150    -67.280
      6.971     15.020    137.540    -22.080      8.880    223.450    -57.230
      6.986     15.220    140.710    -22.830     14.090    220.240    -47.400
      7.000     15.470    143.820    -23.440     19.980    216.710    -37.000
      7.014     15.800    146.870    -23.910     24.090    212.320    -28.690
      7.029     16.180    149.870    -24.250     27.550    207.340    -20.290
      7.043     16.600    152.790    -24.500     31.150    203.800    -12.290
      7.057     17.050    155.670    -24.630     35.300    200.040     -2.780
      7.071     17.610    158.500    -24.610     39.620    195.490      3.720
      7.086     18.200    161.240    -24.550     43.210    191.120      9.540
      7.100     18.860    163.940    -24.400     46.270    186.490     15.030
      7.114     19.520    166.560    -24.140     49.420    181.880     22.590
      7.129     20.260    169.130    -23.750     52.460    176.470     29.690
      7.143     21.030    171.610    -23.280     55.800    171.810     36.280
      7.157     21.840    174.020    -22.760     58.110    166.040     41.950
      7.171     22.690    176.370    -22.100     60.930    161.130     46.410
      7.186     23.540    178.620    -21.430     62.980    154.440     51.650
      7.200     24.450    180.790    -20.640     64.430    150.400     57.440
      7.214     25.370    182.920    -19.780     66.270    145.540     62.870
      7.229     26.300    184.960    -18.840     67.230    140.940     69.090
      7.243     27.270    186.940    -17.820     69.730    134.980     73.930
      7.257     28.300    188.840    -16.730     72.000    129.550     77.030
      7.271     29.360    190.640    -15.580     74.590    123.170     81.530
      7.286     30.430    192.390    -14.360     76.780    119.520     86.260
      7.300     31.570    194.060    -13.100     79.230    113.630     89.990
      7.314     32.730    195.660    -11.770     81.620    108.490     92.300
      7.329     33.910    197.170    -10.440     82.210    102.530     96.740
      7.343     35.120    198.590     -9.020     83.970     95.640    100.310
      7.357     36.350    199.910     -7.560     85.320     90.300    104.430
      7.371     37.560    201.150     -6.080     86.480     84.080    106.760
      7.386     38.830    202.330     -4.540     87.880     78.390    110.960
      7.400     40.100    203.420     -2.920     89.890     74.530    114.330
      7.414     41.430    204.450     -1.290     91.710     68.940    117.540
      7.429     42.730    205.420      0.430     92.800     65.450    122.380
      7.443     44.070    206.320      2.190     94.190     59.180    124.400
      7.457     45.450    207.120      3.980     95.150     53.340    126.560
      7.471     46.840    207.830      5.810     96.490     45.670    129.740
      7.486     48.210    208.430      7.690     97.900     39.590    131.360
      7.500     49.610    208.950      9.570     98.420     33.500    134.690
      7.514     51.040    209.400     11.540    100.480     27.350    136.420
      7.529     52.480    209.740     13.490    100.520     21.370    138.550
      7.543     53.900    209.990     15.480    101.380     15.140    140.760
      7.557     55.370    210.140     17.510    102.220      8.830    142.070
      7.571     56.840    210.240     19.560    103.030      2.840    144.490
      7.586     58.320    210.230     21.630    103.010     -3.700    145.900
      7.600     59.790    210.120     23.730    103.480    -10.310    148.830
      7.614     61.280    209.950     25.860    104.300    -15.640    149.590
      7.629     62.730    209.670     27.990    102.850    -22.720    151.700
      7.643     64.200    209.300     30.210    103.220    -29.380    154.640
      7.657     65.640    208.830     32.430    103.910    -35.990    155.870
      7.671     67.140    208.250     34.670    103.340    -43.700    157.720
      7.686     68.610    207.600     36.910    104.120    -49.140    158.820
      7.700     70.090    206.840     39.220    104.360    -57.010    159.140
      7.714     71.550    205.990     41.500    103.110    -64.680    160.480
      7.729     73.020    205.010     43.820    103.120    -71.070    161.380
      7.743     74.490    203.980     46.140    102.580    -77.320    162.130
      7.757     75.940    202.810     48.470    103.160    -85.060    163.400
      7.771     77.450    201.550     50.810    104.870    -93.650    163.670
      7.786     78.960    200.180     53.180    104.790   -101.330    163.630
      7.800     80.450    198.670     55.500    104.210   -108.250    162.340
      7.814     81.940    197.080     57.810    103.270   -116.280    162.370
      7.829     83.420    195.370     60.130    102.950   -123.260    162.710
      7.843     84.870    193.520     62.450    102.420   -131.760    162.900
      7.857     86.350    191.580     64.750    102.420   -140.320    161.260
      7.871     87.810    189.510     67.030    102.000   -149.560    161.130
      7.886     89.270    187.330     69.360    102.410   -158.660    161.450
      7.900     90.750    185.000     71.670    101.540   -167.450    160.860
      7.914     92.170    182.530     73.960     98.980   -176.680    159.620
      7.929     93.570    179.930     76.210     97.370   -186.520    156.800
      7.943     94.940    177.190     78.450     95.660   -195.230    155.860
      7.957     96.320    174.360     80.670     95.710   -202.670    152.030
      7.971     97.670    171.400     82.810     92.990   -212.570    149.180
      7.986     98.990    168.270     84.890     90.970   -222.540    145.950
      8.000    100.290    165.040     86.960     89.200   -232.510    142.980
      8.014    101.560    161.650     88.980     85.780   -241.590    138.590
      8.029    102.740    158.100     90.920     82.400   -253.620    134.560
      8.043    103.900    154.400     92.810     79.750   -264.040    129.450
      8.057    105.020    150.540     94.620     76.130   -273.900    123.310
      8.071    106.070    146.570     96.330     72.310   -283.200    116.090
      8.086    107.070    142.460     97.930     68.140   -293.110    108.450
      8.100    108.010    138.210     99.410     63.150   -301.830     98.880
      8.114    108.830    133.840    100.790     56.710   -309.820     90.620
      8.129    109.620    129.350    101.990     52.030   -319.080     80.330
      8.143    110.310    124.730    103.080     46.100   -328.070     68.550
      8.157    110.930    120.000    103.930     39.640   -333.710     55.090
      8.171    111.430    115.180    104.620     32.440   -340.690     41.940
      8.186    111.850    110.280    105.090     25.180   -345.920     25.980
      8.200    112.150    105.300    105.340     17.570   -349.460     10.960
      8.214    112.330    100.290    105.390      9.760   -352.340     -5.810
      8.229    112.410     95.270    105.180      1.150   -351.920    -22.400
      8.243    112.370     90.230    104.740     -7.270   -351.370    -39.350
      8.257    112.190     85.230    104.070    -17.170   -345.710    -56.280
      8.271    111.900     80.350    103.140    -26.880   -338.950    -72.770
      8.286    111.470     75.570    101.940    -36.090   -328.930    -89.910
      8.300    110.890     70.950    100.570    -43.360   -317.790   -103.080
      8.314    110.210     66.500     98.990    -51.620   -305.710   -117.030
      8.329    109.420     62.220     97.230    -59.420   -292.200   -128.330
      8.343    108.500     58.140     95.280    -66.440   -278.380   -140.870
      8.357    107.530     54.270     93.220    -70.460   -263.740   -150.790
      8.371    106.470     50.620     91.020    -75.590   -248.290   -157.860
      8.386    105.350     47.190     88.720    -80.820   -233.160   -164.320
      8.400    104.180     43.960     86.330    -83.830   -217.860   -170.240
      8.414    102.970     40.970     83.870    -83.780   -202.220   -174.840
      8.429    101.780     38.180     81.360    -85.160   -186.750   -178.840
      8.443    100.550     35.620     78.780    -87.040   -171.500   -181.000
      8.457     99.310     33.250     76.200    -88.140   -157.580   -182.330
      8.471     98.040     31.130     73.590    -87.530   -142.490   -183.340
      8.486     96.830     29.200     70.980    -87.270   -127.860   -183.360
      8.500     95.660     27.500     68.350    -86.590   -115.920   -182.450
      8.514     94.350     25.910     65.760    -86.360   -101.870   -180.430
      8.529     93.150     24.540     63.180    -86.280    -87.140   -179.570
      8.543     91.920     23.400     60.630    -85.430    -74.300   -177.200
      8.557     90.730     22.440     58.120    -83.500    -62.840   -174.430
      8.571     89.560     21.620     55.640    -81.960    -52.080   -173.220
      8.586     88.410     20.930     53.170    -79.390    -43.250   -170.280
      8.600     87.300     20.390     50.760    -78.060    -32.010   -165.810
      8.614     86.180     20.000     48.410    -76.530    -22.260   -161.110
      8.629     85.100     19.750     46.140    -74.900    -13.170   -156.350
      8.643     84.040     19.650     43.930    -73.340     -3.250   -151.680
      8.657     82.970     19.650     41.820    -70.620      4.870   -146.650
      8.671     81.990     19.800     39.750    -66.770     13.680   -143.140
      8.686     81.000     20.030     37.710    -64.670     22.660   -136.840
      8.700     80.130     20.420     35.810    -61.340     29.240   -131.570
      8.714     79.270     20.880     33.950    -57.460     37.340   -126.100
      8.729     78.480     21.490     32.220    -53.720     46.080   -120.100
      8.743     77.720     22.190     30.560    -50.550     51.710   -113.910
      8.757     76.990     22.950     28.970    -48.060     57.850   -107.710
      8.771     76.310     23.850     27.490    -44.210     63.950   -102.510
      8.786     75.730     24.800     26.060    -41.090     69.900    -97.100
      8.800     75.180     25.830     24.710    -36.120     74.710    -90.770
      8.814     74.720     26.940     23.450    -31.440     80.470    -85.270
      8.829     74.310     28.130     22.280    -28.870     86.450    -78.880
      8.843     73.940     29.410     21.200    -26.200     90.810    -72.670
      8.857     73.590     30.740     20.220    -22.260     95.290    -65.330
      8.871     73.280     32.110     19.350    -18.380     99.140    -58.250
      8.886     73.070     33.570     18.540    -14.160    104.480    -51.610
      8.900     72.920     35.110     17.870     -9.620    108.770    -45.370
      8.914     72.800     36.690     17.280     -6.100    112.470    -38.050
      8.929     72.730     38.310     16.790     -1.230    115.470    -30.290
      8.943     72.750     39.990     16.370      1.130    119.200    -24.400
      8.957     72.800     41.720     16.080      3.570    123.000    -17.080
      8.971     72.860     43.510     15.880      7.980    126.770    -11.070
      8.986     73.010     45.330     15.760     11.430    127.880     -4.590
      9.000     73.190     47.180     15.750     16.280    131.440      4.270
      9.014     73.460     49.070     15.850     21.770    133.110     10.610
      9.029     73.810     50.980     16.040     25.530    135.060     17.440
      9.043     74.180     52.940     16.350     29.270    137.590     25.090
      9.057     74.620     54.930     16.760     33.020    139.770     32.280
      9.071     75.120     56.920     17.280     38.120    141.280     40.590
      9.086     75.680     58.940     17.870     41.730    143.050     47.970
      9.100     76.320     61.010     18.650     47.100    144.150     57.770
      9.114     77.040     63.060     19.550     52.400    144.080     67.370
      9.129     77.800     65.120     20.560     56.660    144.290     75.130
      9.143     78.660     67.190     21.720     61.960    144.730     83.640
      9.157     79.560     69.240     22.980     66.290    144.420     92.400
      9.171     80.530     71.300     24.380     70.180    144.450    100.410
      9.186     81.520     73.310     25.850     74.520    142.890    109.590
      9.200     82.640     75.370     27.510     80.310    141.830    118.950
      9.214     83.780     77.360     29.290     85.220    141.260    127.730
      9.229     85.080     79.380     31.160     91.810    138.630    137.930
      9.243     86.420     81.320     33.220     99.270    135.880    146.690
      9.257     87.870     83.240     35.380    103.850    134.160    156.340
      9.271     89.420     85.160     37.670    109.060    131.270    166.210
      9.286     91.040     87.030     40.130    116.440    127.880    176.480
      9.300     92.750     88.820     42.740    123.420    123.100    186.630
      9.314     94.560     90.550     45.450    130.140    118.110    197.190
      9.329     96.500     92.170     48.340    137.990    110.430    208.030
      9.343     98.520     93.710     51.400    144.090    104.620    220.030
      9.357    100.660     95.180     54.610    150.090     97.160    229.570
      9.371    102.840     96.490     57.950    156.690     88.330    239.560
      9.386    105.130     97.680     61.440    163.700     78.660    249.640
      9.400    107.510     98.710     65.080    169.220     66.710    260.620
      9.414    109.980     99.570     68.870    175.830     53.460    271.540
      9.429    112.560    100.200     72.820    182.720     37.870    280.730
      9.443    115.210    100.650     76.890    188.700     22.780    288.960
      9.457    117.960    100.860     81.080    194.520      6.460    296.280
      9.471    120.770    100.800     85.340    200.880    -12.120    302.010
      9.486    123.680    100.480     89.710    203.990    -32.820    307.210
      9.500    126.640     99.860     94.130    209.010    -55.140    310.270
      9.514    129.650     98.890     98.590    212.610    -79.190    310.780
      9.529    132.700     97.580    103.010    213.870   -102.350    308.120
      9.543    135.750     95.940    107.380    214.360   -127.350    304.060
      9.557    138.810     93.950    111.670    210.110   -150.290    297.370
      9.571    141.790     91.630    115.860    205.970   -173.870    286.560
      9.586    144.700     89.000    119.860    200.750   -194.080    274.910
      9.600    147.500     86.080    123.700    195.100   -211.810    259.580
      9.614    150.220     82.930    127.290    185.850   -226.540    242.560
      9.629    152.820     79.600    130.610    176.890   -237.270    224.540
      9.643    155.310     76.170    133.700    166.880   -245.840    204.750
      9.657    157.610     72.600    136.510    156.750   -251.770    189.040
      9.671    159.770     68.990    139.080    148.190   -256.130    172.980
      9.686    161.810     65.300    141.440    138.650   -258.680    157.020
      9.700    163.730     61.600    143.560    128.750   -260.320    140.790
      9.714    165.480     57.860    145.470    118.570   -259.560    125.900
      9.729    167.100     54.180    147.170    108.790   -257.120    111.270
      9.743    168.580     50.520    148.670    100.280   -254.270     96.860
      9.757    169.920     46.920    149.940     91.390   -251.660     83.510
      9.771    171.170     43.380    151.050     84.530   -246.710     71.410
      9.786    172.300     39.880    151.970     75.370   -241.800     60.680
      9.800    173.340     36.450    152.780     68.910   -237.080     49.910
      9.814    174.270     33.120    153.410     63.670   -230.610     40.650
      9.829    175.140     29.890    153.930     57.100   -224.640     30.470
      9.843    175.930     26.730    154.300     50.160   -218.780     20.390
      9.857    176.620     23.660    154.530     43.360   -212.800     11.180
      9.871    177.180     20.680    154.640     36.810   -205.490      3.090
      9.886    177.630     17.770    154.610     31.260   -198.830     -5.650
      9.900    178.060     15.020    154.480     25.850   -192.490    -12.420
      9.914    178.390     12.320    154.280     19.830   -186.050    -19.370
      9.929    178.650      9.720    153.950     14.950   -178.190    -27.020
      9.943    178.840      7.220    153.530     11.040   -170.890    -33.970
      9.957    178.960      4.850    153.000      6.200   -163.330    -39.610
      9.971    179.020      2.580    152.400      1.190   -154.960    -45.650
      9.986    179.030      0.420    151.700     -4.590   -148.110    -51.440
     10.000    178.940     -1.640    150.930     -8.290   -140.560    -56.720
     10.014    178.790     -3.580    150.090    -12.140   -131.540    -62.630
     10.029    178.600     -5.400    149.170    -15.740   -123.840    -68.030
     10.043    178.370     -7.100    148.130    -20.170   -115.510    -75.240
     10.057    178.070     -8.700    146.990    -23.780   -106.930    -81.100
     10.071    177.610    -10.160    145.820    -29.310    -98.070    -83.990
     10.086    177.190    -11.510    144.590    -33.710    -89.810    -86.930
     10.100    176.680    -12.740    143.340    -37.670    -82.060    -91.220
     10.114    176.100    -13.810    142.000    -40.290    -71.910    -95.650
     10.129    175.500    -14.790    140.610    -44.250    -62.420    -99.510
     10.143    174.840    -15.600    139.160    -47.170    -54.240   -103.780
     10.157    174.150    -16.320    137.620    -50.730    -43.850   -107.770
     10.171    173.400    -16.860    136.080    -53.970    -35.350   -111.500
     10.186    172.600    -17.300    134.470    -56.780    -24.730   -113.360
     10.200    171.770    -17.580    132.830    -60.380    -14.530   -115.700
     10.214    170.890    -17.710    131.170    -62.330     -2.630   -118.130
     10.229    169.980    -17.670    129.430    -66.410      7.500   -120.770
     10.243    169.010    -17.470    127.690    -69.240     18.350   -123.220
     10.257    168.000    -17.120    125.960    -71.450     30.090   -123.170
     10.271    166.960    -16.620    124.200    -73.320     40.600   -124.370
     10.286    165.910    -15.950    122.410    -75.440     53.520   -124.770
     10.300    164.800    -14.930    120.630    -79.280     66.130   -124.980
     10.314    163.660    -14.030    118.840    -80.480     79.470   -124.950
     10.329    162.490    -12.810    117.060    -82.240     92.180   -124.090
     10.343    161.320    -11.390    115.270    -83.050    105.960   -125.080
     10.357    160.120     -9.770    113.520    -83.940    119.150   -123.510
     10.371    158.920     -7.960    111.760    -84.110    134.630   -121.630
     10.386    157.710     -5.920    110.040    -85.910    149.200   -117.950
     10.400    156.480     -3.680    108.380    -85.870    164.500   -114.040
     10.414    155.250     -1.230    106.790    -84.590    179.410   -109.150
     10.429    154.080      1.470    105.250    -82.950    195.300   -103.650
     10.443    152.900      4.360    103.830    -81.210    210.160    -95.280
     10.457    151.740      7.480    102.530    -77.730    226.340    -86.100
     10.471    152.670     17.200    105.900    -73.220    242.700    -76.080
     10.486    149.660     14.440    100.380    -68.370    258.010    -64.050
     10.500    148.760     18.260     99.570    -59.910    274.310    -49.720
     10.514    147.980     22.300     98.980    -51.320    288.030    -33.950
     10.529    147.320     26.510     98.600    -40.770    299.820    -17.780
     10.543    146.820     30.890     98.490    -29.090    310.060     -0.010
     10.557    146.520     35.380     98.640    -15.390    316.390     20.360
     10.571    146.400     39.920     99.100     -1.640    317.370     43.010
     10.586    146.470     44.450     99.850     12.360    314.450     63.710
     10.600    146.760     48.930    100.920     27.810    308.880     83.740
     10.614    147.260     53.300    102.260     41.090    299.980    103.540
     10.629    147.930     57.510    103.850     55.500    288.650    120.720
     10.643    148.830     61.530    105.710     68.570    275.320    136.280
     10.657    149.880     65.370    107.740     79.850    260.110    147.570
     10.671    151.110     68.960    109.920     89.160    241.550    158.360
     10.686    152.430     72.290    112.250     97.090    225.160    167.560
     10.700    153.860     75.400    114.720    105.170    208.620    175.590
     10.714    155.440     78.260    117.250    112.780    191.760    180.420
     10.729    157.080     80.880    119.860    120.070    176.350    185.480
     10.743    158.870     83.270    122.530    126.030    159.480    187.340
     10.757    160.680     85.450    125.230    129.280    143.180    191.010
     10.771    162.540     87.330    127.980    132.250    125.430    192.700
     10.786    164.450     89.000    130.680    134.870    108.750    191.220
     10.800    166.390     90.470    133.440    136.880     94.080    192.960
     10.814    168.380     91.690    136.200    138.680     79.480    192.990
     10.829    170.340     92.730    138.930    140.190     65.630    191.810
     10.843    172.340     93.580    141.650    141.120     52.050    189.310
     10.857    174.380     94.240    144.330    143.150     38.510    187.160
     10.871    176.420     94.690    146.970    143.630     25.730    182.920
     10.886    178.460     94.970    149.560    144.050     13.030    179.880
     10.900    180.510     95.050    152.100    143.330     -0.660    176.820
     10.914    182.540     94.970    154.590    140.410    -11.090    173.140
     10.929    184.520     94.730    157.030    138.110    -23.620    170.160
     10.943    186.480     94.300    159.440    137.690    -36.670    165.900
     10.957    188.450     93.710    161.740    136.360    -47.470    160.690
     10.971    190.380     92.970    164.030    134.690    -57.880    156.300
     10.986    192.300     92.070    166.210    133.590    -69.150    151.270
     11.000    194.200     91.020    168.360    131.750    -78.500    145.520
     11.014    196.060     89.830    170.380    128.530    -89.310    138.380
     11.029    197.840     88.460    172.290    124.380    -99.790    132.740
     11.043    199.600     86.970    174.130    122.460   -109.180    127.070
     11.057    201.330     85.370    175.910    119.130   -116.260    120.010
     11.071    203.010     83.650    177.570    115.910   -125.870    113.820
     11.086    204.660     81.800    179.140    112.980   -134.820    105.740
     11.100    206.250     79.840    180.580    108.780   -141.870     98.480
     11.114    207.770     77.740    181.940    104.690   -151.770     91.720
     11.129    209.240     75.520    183.210    100.430   -159.040     84.780
     11.143    210.640     73.190    184.360     95.220   -166.490     78.060
     11.157    211.960     70.780    185.410     89.550   -173.980     68.860
     11.171    213.200     68.250    186.320     84.530   -180.200     60.220
     11.186    214.390     65.630    187.110     78.810   -186.320     51.600
     11.200    215.460     62.920    187.760     72.900   -193.610     41.870
     11.214    216.430     60.110    188.300     66.070   -198.820     33.500
     11.229    217.310     57.240    188.720     59.150   -203.770     24.670
     11.243    218.090     54.310    189.010     52.440   -209.250     15.100
     11.257    218.780     51.300    189.150     45.240   -212.830      3.700
     11.271    219.390     48.240    189.140     39.200   -217.800     -6.190
     11.286    219.890     45.090    189.000     32.120   -221.990    -15.420
     11.300    220.280     41.900    188.680     23.220   -225.840    -27.880
     11.314    220.560     38.630    188.170     15.530   -229.780    -40.780
     11.329    220.720     35.350    187.500      6.600   -231.550    -53.010
     11.343    220.780     32.040    186.660     -1.310   -233.300    -65.260
     11.357    220.690     28.670    185.640    -11.810   -235.340    -78.870
     11.371    220.430     25.310    184.400    -22.700   -233.910    -92.350
     11.386    220.000     21.970    182.970    -34.360   -232.410   -104.980
     11.400    219.420     18.670    181.380    -46.490   -230.230   -118.540
     11.414    218.660     15.410    179.610    -57.870   -224.650   -132.140
     11.429    217.770     12.260    177.620    -69.300   -218.840   -146.660
     11.443    217.770     12.260    177.610    -70.050   -218.600   -146.890
