#           t   pos_MW_M31  pos_M33_M31   pos_M33_MW   vel_MW_M31  vel_M33_M31  vels_M33_MW
        0.000      770.158      201.114      796.240      117.144      198.703      178.232
        0.014      767.475      198.981      794.605      119.545      200.676      179.568
        0.029      765.957      196.909      794.196      122.213      203.216      181.383
        0.043      764.350      194.742      793.668      121.436      204.486      182.250
        0.057      762.750      192.582      793.177      121.143      206.068      184.240
        0.071      761.981      190.383      793.444      122.700      208.455      187.318
        0.086      760.308      188.226      792.866      123.162      209.392      188.966
        0.100      758.455      186.054      792.135      124.384      209.570      189.807
        0.114      756.195      183.907      791.034      125.705      210.587      190.065
        0.129      755.045      181.748      790.955      125.133      212.046      192.265
        0.143      753.400      179.590      790.436      127.576      214.343      194.208
        0.157      751.516      177.442      789.730      129.078      216.284      197.315
        0.171      749.852      175.271      789.222      129.034      217.039      198.426
        0.186      747.964      173.043      788.488      128.692      219.159      201.088
        0.200      746.317      170.813      787.916      128.551      220.814      202.377
        0.214      744.445      168.618      787.203      127.858      222.674      204.645
        0.229      742.733      166.385      786.553      128.289      225.174      207.954
        0.243      740.942      164.121      785.812      126.976      227.429      210.719
        0.257      739.087      161.882      785.038      126.816      228.153      212.623
        0.271      737.440      159.670      784.467      127.364      232.056      217.227
        0.286      735.565      157.331      783.614      125.916      237.542      222.403
        0.300      733.764      154.983      782.934      125.134      240.471      225.741
        0.314      732.076      152.657      782.300      124.470      241.817      227.776
        0.329      730.284      150.391      781.709      126.546      244.756      230.580
        0.343      728.504      148.079      781.064      128.159      247.703      233.584
        0.357      726.726      145.623      780.185      128.468      250.763      237.587
        0.371      725.015      143.333      779.625      130.079      252.465      240.318
        0.386      723.096      140.947      778.708      130.924      254.171      243.859
        0.400      721.455      138.531      777.985      131.259      256.459      247.770
        0.414      719.560      136.233      777.167      130.589      258.188      250.528
        0.429      717.776      133.840      776.284      130.790      261.787      250.989
        0.443      715.881      131.583      775.474      130.742      263.308      253.286
        0.457      713.979      129.311      774.600      128.276      265.278      255.993
        0.471      712.288      126.971      773.776      127.817      267.444      259.098
        0.486      710.336      124.831      772.920      128.279      268.853      260.892
        0.500      708.481      122.622      772.028      126.670      271.125      263.909
        0.514      706.760      120.425      771.199      127.099      274.328      268.243
        0.529      704.895      118.332      770.368      124.135      275.756      272.517
        0.543      703.165      116.117      769.474      122.928      279.166      277.613
        0.557      701.326      113.964      768.504      122.972      282.376      281.169
        0.571      699.583      111.804      767.592      122.521      284.397      285.194
        0.586      697.782      109.710      766.617      122.799      286.698      289.172
        0.600      696.017      107.603      765.590      122.855      288.625      292.574
        0.614      694.229      105.502      764.509      121.081      291.264      296.695
        0.629      692.508      103.494      763.460      121.189      293.264      300.278
        0.643      690.746      101.523      762.325      121.204      295.975      303.496
        0.657      688.995       99.536      761.118      120.445      299.282      306.235
        0.671      687.375       97.527      759.936      120.018      302.347      312.453
        0.686      685.640       95.748      758.687      119.092      305.390      316.838
        0.700      683.875       93.908      757.287      118.433      306.990      321.000
        0.714      682.207       92.250      755.971      120.041      309.169      325.337
        0.729      680.558       90.592      754.546      120.299      309.446      328.116
        0.743      678.802       88.974      752.922      121.048      310.603      330.283
        0.757      677.004       87.617      751.324      120.103      312.650      333.692
        0.771      675.268       86.218      749.606      121.598      314.804      338.279
        0.786      673.509       85.144      747.993      120.668      316.504      342.108
        0.800      671.961       84.029      746.381      119.458      319.263      347.060
        0.814      670.123       83.079      744.439      117.290      321.849      351.060
        0.829      668.666       82.121      742.701      114.662      323.628      356.847
        0.843      666.977       81.432      740.755      113.751      325.450      360.477
        0.857      665.421       80.831      738.800      111.756      328.081      366.199
        0.871      663.766       80.365      736.682      111.436      328.867      368.693
        0.886      662.018       80.036      734.365      110.982      330.190      372.238
        0.900      660.578       79.830      732.252      111.461      330.233      374.681
        0.914      659.032       79.736      729.897      111.513      328.794      376.512
        0.929      657.272       79.812      727.263      112.744      328.118      379.061
        0.943      655.807       80.107      724.933      111.449      327.304      379.709
        0.957      654.232       80.514      722.388      110.631      326.391      380.598
        0.971      652.714       81.076      719.799      110.416      324.688      380.294
        0.986      650.959       81.833      717.015      109.077      322.304      378.940
        1.000      649.469       82.751      714.469      109.081      320.338      378.198
        1.014      647.881       83.724      711.675      106.152      318.885      375.383
        1.029      646.386       84.909      708.977      106.217      316.410      375.069
        1.043      644.852       86.132      706.141      106.993      312.616      373.426
        1.057      643.417       87.485      703.434      108.055      308.560      372.370
        1.071      641.862       88.952      700.575      107.568      306.733      371.809
        1.086      640.307       90.434      697.646      108.445      303.042      371.523
        1.100      638.763       92.021      694.694      110.337      299.398      370.147
        1.114      637.233       93.672      691.737      111.407      295.724      369.279
        1.129      635.611       95.396      688.656      114.127      292.042      369.022
        1.143      634.029       97.182      685.584      114.968      288.689      367.368
        1.157      632.353       98.985      682.420      115.123      285.910      365.055
        1.171      630.834      100.898      679.315      114.744      281.935      363.338
        1.186      629.180      102.734      676.113      115.610      278.175      362.089
        1.200      627.612      104.640      672.930      116.538      271.840      357.804
        1.214      625.971      106.515      669.676      116.386      268.468      356.181
        1.229      624.275      108.370      666.375      117.120      265.885      355.692
        1.243      622.643      110.304      663.094      117.633      263.116      354.272
        1.257      620.978      112.225      659.796      117.330      260.206      351.640
        1.271      619.384      114.161      656.569      118.648      256.535      349.702
        1.286      617.719      116.171      653.293      118.835      253.296      348.480
        1.300      616.080      118.182      650.014      119.265      251.247      348.004
        1.314      614.354      120.160      646.635      119.764      247.166      344.922
        1.329      612.767      122.160      643.423      121.272      242.192      342.732
        1.343      611.069      124.195      640.105      122.461      239.543      341.377
        1.357      609.403      126.226      636.855      123.016      237.048      340.280
        1.371      607.669      128.268      633.610      124.075      233.971      338.406
        1.386      606.033      130.288      630.345      124.730      231.551      337.250
        1.400      604.363      132.246      627.143      126.573      228.182      336.857
        1.414      602.640      134.198      623.830      126.988      224.258      333.736
        1.429      600.956      136.243      620.647      128.235      220.315      331.298
        1.443      599.232      138.139      617.412      129.680      216.101      329.044
        1.457      597.517      140.032      614.178      130.854      212.711      327.631
        1.471      595.812      141.872      610.984      132.593      211.529      328.477
        1.486      594.030      143.705      607.678      133.247      209.013      327.683
        1.500      592.252      145.459      604.435      133.588      206.323      325.651
        1.514      590.490      147.389      601.188      134.202      203.471      323.684
        1.529      588.638      149.151      597.946      134.566      200.398      320.998
        1.543      586.826      150.940      594.660      135.525      198.551      319.767
        1.557      584.980      152.671      591.387      136.988      195.777      318.401
        1.571      583.144      154.471      588.128      137.723      194.392      318.158
        1.586      581.291      156.200      584.873      137.608      192.198      316.905
        1.600      579.392      157.935      581.579      138.889      189.470      315.334
        1.614      577.482      159.664      578.363      139.642      187.038      314.043
        1.629      575.568      161.299      575.087      140.117      184.329      312.410
        1.643      573.649      162.961      571.866      141.742      181.661      312.381
        1.657      571.672      164.641      568.605      143.188      179.198      311.167
        1.671      569.681      166.267      565.313      145.296      175.854      310.032
        1.686      567.714      167.844      562.089      146.134      172.999      308.800
        1.700      565.689      169.406      558.812      147.690      170.406      308.065
        1.714      563.671      170.906      555.536      149.386      166.845      306.427
        1.729      561.622      172.398      552.275      150.035      162.894      303.733
        1.743      559.580      173.891      549.036      150.936      160.351      302.406
        1.757      557.534      175.308      545.801      152.334      158.112      301.752
        1.771      555.488      176.764      542.562      154.195      154.774      300.581
        1.786      553.337      178.130      539.291      156.036      153.550      300.753
        1.800      551.326      179.530      536.065      155.925      151.375      298.475
        1.814      549.190      180.881      532.843      155.871      150.661      297.680
        1.829      547.118      182.219      529.657      157.200      148.642      297.635
        1.843      544.964      183.502      526.428      157.604      147.275      296.866
        1.857      542.880      184.796      523.248      158.588      145.292      296.082
        1.871      540.779      186.045      520.080      160.316      143.960      296.559
        1.886      538.649      187.249      516.891      162.458      141.935      296.695
        1.900      536.468      188.427      513.684      164.679      140.448      297.970
        1.914      534.322      189.618      510.512      167.253      139.646      299.549
        1.929      532.099      190.777      507.261      168.644      137.103      298.497
        1.943      529.883      191.902      504.042      170.282      135.325      298.206
        1.957      527.554      193.015      500.728      170.955      134.511      297.932
        1.971      525.283      194.072      497.463      173.291      133.683      299.375
        1.986      523.052      195.147      494.284      174.395      132.850      299.741
        2.000      520.745      196.158      490.993      173.877      132.337      298.642
        2.014      518.410      197.134      487.708      174.969      130.156      297.902
        2.029      516.013      198.109      484.351      177.160      127.367      297.228
        2.043      513.632      199.044      481.073      177.533      125.735      295.410
        2.057      511.232      199.907      477.775      179.376      122.568      294.095
        2.071      508.809      200.807      474.531      180.798      119.715      292.733
        2.086      506.353      201.602      471.236      181.333      118.200      291.538
        2.100      503.864      202.427      467.967      181.919      116.025      289.116
        2.114      501.400      203.211      464.781      181.828      115.660      288.490
        2.129      498.989      204.035      461.572      181.013      115.514      287.234
        2.143      496.448      204.779      458.275      180.890      113.360      284.642
        2.157      494.014      205.575      455.092      182.856      111.570      284.143
        2.171      491.443      206.256      451.879      183.679      111.008      283.378
        2.186      488.882      206.901      448.710      183.688      108.799      281.635
        2.200      486.360      207.592      445.510      185.837      107.107      282.177
        2.214      483.796      208.223      442.300      185.704      106.553      281.198
        2.229      481.315      208.873      439.184      186.095      107.231      282.089
        2.243      478.677      209.448      435.918      186.392      107.928      283.240
        2.257      476.106      210.038      432.689      188.729      104.711      281.896
        2.271      473.477      210.624      429.535      189.546      104.809      282.503
        2.286      470.862      211.179      426.377      190.390      102.974      281.955
        2.300      468.297      211.752      423.228      192.427      101.762      282.073
        2.314      465.570      212.247      419.993      192.960      101.972      282.258
        2.329      462.955      212.747      416.807      194.141      100.607      281.450
        2.343      460.281      213.193      413.618      195.589       99.769      282.492
        2.357      457.633      213.623      410.410      196.941       98.389      282.202
        2.371      454.932      214.129      407.216      197.376       98.283      282.474
        2.386      452.265      214.562      404.017      198.212       97.002      281.160
        2.400      449.597      214.986      400.843      199.374       95.618      281.465
        2.414      446.839      215.406      397.671      199.976       94.322      280.713
        2.429      444.130      215.812      394.508      199.762       92.929      278.628
        2.443      441.416      216.179      391.409      200.956       92.452      278.631
        2.457      438.656      216.516      388.266      201.672       91.426      277.769
        2.471      435.905      216.837      385.148      202.095       91.004      277.867
        2.486      433.136      217.122      382.025      202.919       90.261      277.753
        2.500      430.331      217.401      378.848      205.408       91.323      279.977
        2.514      427.537      217.651      375.644      206.869       91.107      279.816
        2.529      424.629      217.859      372.447      208.631       90.015      280.052
        2.543      421.839      218.079      369.263      212.395       88.969      281.008
        2.557      418.907      218.196      366.046      211.874       89.155      279.875
        2.571      416.000      218.354      362.834      212.929       90.413      280.868
        2.586      413.101      218.450      359.635      212.434       89.988      280.051
        2.600      410.238      218.563      356.480      213.207       90.728      280.878
        2.614      407.246      218.607      353.214      212.983       92.088      281.141
        2.629      404.371      218.673      350.029      214.424       92.579      282.086
        2.643      401.362      218.735      346.734      213.935       94.817      283.317
        2.657      398.430      218.767      343.502      214.941       96.004      283.686
        2.671      395.488      218.860      340.273      217.066       96.435      284.416
        2.686      392.538      218.847      337.051      215.744       96.686      284.381
        2.700      389.506      218.784      333.778      217.252       97.224      284.090
        2.714      386.585      218.700      330.622      217.563       96.392      282.314
        2.729      383.510      218.590      327.349      219.897       94.514      281.045
        2.743      380.497      218.544      324.219      222.038       95.995      283.289
        2.757      377.466      218.409      320.954      223.122       96.587      283.474
        2.771      374.392      218.312      317.789      225.133       97.396      284.557
        2.786      371.321      218.164      314.592      225.637       97.802      285.192
        2.800      368.175      217.974      311.244      226.679       99.708      285.705
        2.814      365.046      217.792      308.028      229.025      100.630      287.783
        2.829      361.928      217.663      304.810      230.744      102.955      290.866
        2.843      358.761      217.384      301.438      233.295      102.955      291.833
        2.857      355.572      217.195      298.205      233.395      103.960      290.587
        2.871      352.332      216.807      294.829      233.848      105.286      290.561
        2.886      349.092      216.547      291.563      235.063      106.857      290.961
        2.900      345.869      216.182      288.249      235.470      107.885      290.837
        2.914      342.678      215.831      284.926      237.202      107.404      291.551
        2.929      339.382      215.400      281.566      238.448      108.157      293.254
        2.943      336.006      214.979      278.205      240.152      109.806      293.703
        2.957      332.735      214.576      274.876      242.893      110.077      294.338
        2.971      329.403      214.148      271.574      244.709      110.749      295.366
        2.986      326.004      213.678      268.167      246.532      111.292      296.849
        3.000      322.662      213.137      264.832      248.794      112.099      297.440
        3.014      319.227      212.659      261.487      250.402      113.001      298.495
        3.029      315.802      212.076      258.054      252.752      115.373      300.140
        3.043      312.337      211.479      254.661      255.072      116.069      302.490
        3.057      308.865      210.954      251.320      257.488      118.723      305.068
        3.071      305.274      210.317      247.894      257.953      120.541      305.111
        3.086      301.840      209.742      244.509      260.130      122.329      306.338
        3.100      298.285      209.079      241.124      262.382      123.678      306.857
        3.114      294.649      208.327      237.640      264.683      126.489      308.820
        3.129      291.081      207.644      234.277      266.222      128.201      309.998
        3.143      287.471      206.920      230.852      267.888      129.574      310.325
        3.157      283.792      206.077      227.327      269.497      131.610      311.419
        3.171      280.112      205.369      223.971      270.952      131.722      310.908
        3.186      276.435      204.522      220.584      273.325      134.791      312.270
        3.200      272.795      203.668      217.201      273.298      136.522      312.200
        3.214      269.078      202.727      213.748      275.996      138.441      314.625
        3.229      265.265      201.855      210.363      278.760      141.737      317.483
        3.243      261.597      200.888      206.931      279.365      144.503      317.401
        3.257      257.799      199.905      203.543      282.600      147.672      317.617
        3.271      253.883      198.915      200.086      284.576      150.360      319.809
        3.286      250.128      197.838      196.720      287.793      151.512      321.217
        3.300      246.129      196.681      193.229      292.389      152.476      322.621
        3.314      242.245      195.612      189.904      295.453      155.834      323.598
        3.329      238.290      194.444      186.529      296.952      158.735      325.276
        3.343      234.261      193.226      183.141      300.269      161.703      327.670
        3.357      230.280      192.098      179.781      304.885      165.631      330.647
        3.371      226.192      190.786      176.394      309.894      168.884      335.021
        3.386      222.137      189.522      173.081      312.499      171.913      337.743
        3.400      217.902      188.260      169.645      317.356      175.948      339.988
        3.414      213.768      186.741      166.304      320.280      178.931      342.972
        3.429      209.498      185.424      162.905      322.748      181.622      344.081
        3.443      205.257      183.824      159.539      325.975      185.636      347.099
        3.457      200.923      182.431      156.184      328.958      189.545      350.318
        3.471      196.588      180.743      152.795      332.346      191.839      353.055
        3.486      192.173      179.173      149.479      336.924      194.360      356.708
        3.500      187.766      177.710      146.249      341.743      197.447      359.541
        3.514      183.245      175.919      142.929      346.295      200.437      362.699
        3.529      178.687      174.269      139.756      350.961      204.458      366.821
        3.543      174.134      172.622      136.560      353.968      208.983      369.063
        3.557      169.510      170.938      133.519      358.270      212.476      372.596
        3.571      164.834      169.146      130.446      362.624      218.082      377.005
        3.586      160.117      167.290      127.360      366.788      222.607      381.951
        3.600      155.331      165.357      124.396      371.925      227.328      386.051
        3.614      150.505      163.507      121.582      376.829      230.528      390.310
        3.629      145.604      161.531      118.878      383.725      236.606      394.542
        3.643      140.642      159.536      116.170      388.024      242.177      396.724
        3.657      135.619      157.377      113.632      393.692      248.385      401.929
        3.671      130.501      155.163      111.296      399.435      254.002      406.799
        3.686      125.410      152.960      108.914      404.841      260.186      410.784
        3.700      120.165      150.626      106.777      412.181      265.933      415.036
        3.714      114.919      148.278      104.798      418.846      273.040      419.861
        3.729      109.613      145.815      103.031      426.455      280.359      423.357
        3.743      104.220      143.269      101.439      434.018      286.319      427.330
        3.757       98.851      140.674      100.150      442.341      291.367      431.123
        3.771       93.423      138.034       99.076      451.376      298.502      435.339
        3.786       87.923      135.222       98.281      460.323      305.659      440.824
        3.800       82.394      132.361       97.647      470.444      312.443      446.331
        3.814       76.865      129.449       97.325      479.973      319.630      450.201
        3.829       71.360      126.416       97.362      491.273      325.939      456.011
        3.843       65.845      123.352       97.646      504.010      332.653      464.332
        3.857       60.528      120.202       98.262      515.194      338.402      469.362
        3.871       55.281      116.987       99.227      528.713      342.799      477.443
        3.886       50.296      113.656      100.456      543.051      346.563      487.895
        3.900       45.641      110.295      102.010      555.137      348.720      496.493
        3.914       41.564      106.905      103.912      566.612      351.285      504.460
        3.929       38.289      103.383      105.935      575.740      350.168      511.886
        3.943       36.073       99.942      108.318      582.443      348.425      518.468
        3.957       35.122       96.329      110.704      584.618      345.304      524.688
        3.971       35.557       92.865      113.314      581.882      339.933      529.072
        3.986       37.344       89.408      115.955      573.183      335.706      530.759
        4.000       40.146       86.083      118.632      562.648      330.884      530.246
        4.014       43.777       82.899      121.351      547.928      326.137      526.286
        4.029       48.033       79.826      124.075      530.503      321.751      520.358
        4.043       52.584       76.850      126.710      511.216      318.446      510.802
        4.057       57.438       74.078      129.429      492.321      317.376      499.973
        4.071       62.273       71.615      132.189      471.723      316.076      487.639
        4.086       67.225       69.048      134.730      450.313      316.816      474.894
        4.100       72.211       66.816      137.413      429.312      316.728      458.858
        4.114       77.122       64.701      139.988      409.093      317.319      443.265
        4.129       81.833       62.779      142.406      389.293      320.891      426.050
        4.143       86.340       60.988      144.613      369.538      323.010      408.785
        4.157       90.793       59.401      146.730      351.897      323.621      392.645
        4.171       95.133       58.024      148.745      334.426      324.534      376.889
        4.186       99.268       56.818      150.455      319.790      325.534      362.183
        4.200      103.268       55.875      152.062      305.943      327.578      347.466
        4.214      106.405       56.126      153.431      292.295      332.391      332.589
        4.229      110.083       55.701      154.715      278.424      332.646      317.351
        4.243      113.643       55.454      155.786      266.603      331.615      305.552
        4.257      117.099       55.352      156.655      255.972      330.818      293.706
        4.271      120.471       55.506      157.357      244.856      328.294      279.981
        4.286      123.614       55.916      157.933      234.088      323.962      266.342
        4.300      126.668       56.446      158.325      223.721      320.261      255.649
        4.314      129.612       57.174      158.623      213.733      314.957      244.140
        4.329      132.353       58.064      158.696      203.373      310.319      232.380
        4.343      135.053       59.034      158.682      193.831      305.320      222.655
        4.357      137.598       60.117      158.518      186.367      301.664      216.360
        4.371      140.023       61.270      158.171      178.107      295.970      208.223
        4.386      142.408       62.547      157.788      170.804      291.828      202.917
        4.400      144.577       63.882      157.147      162.701      287.672      197.024
        4.414      146.714       65.271      156.513      155.230      282.893      192.740
        4.429      148.767       66.738      155.784      147.955      277.789      188.311
        4.443      150.697       68.118      154.889      141.453      272.259      183.849
        4.457      153.497       70.178      153.944      134.624      265.462      178.986
        4.471      155.220       71.852      152.875      126.139      260.760      177.528
        4.486      156.879       73.515      151.800      119.059      255.975      175.186
        4.500      158.466       75.184      150.597      113.620      253.083      174.558
        4.514      159.862       76.831      149.240      107.993      249.369      173.823
        4.529      161.255       78.532      147.899      101.918      246.839      175.129
        4.543      162.533       80.098      146.466       96.905      243.126      174.115
        4.557      163.724       81.832      144.921       91.336      239.100      173.999
        4.571      164.828       83.384      143.367       84.375      234.104      173.856
        4.586      165.828       85.035      141.693       79.251      230.316      173.300
        4.600      166.795       86.623      140.047       75.544      228.398      174.025
        4.614      167.635       88.137      138.235       71.261      226.744      175.184
        4.629      168.472       89.671      136.484       66.458      225.335      177.625
        4.643      169.185       91.216      134.605       62.292      222.894      178.665
        4.657      169.846       92.788      132.677       58.552      220.930      180.659
        4.671      170.445       94.184      130.707       55.980      219.895      181.183
        4.686      171.007       95.744      128.689       53.642      218.616      182.438
        4.700      171.459       97.280      126.618       49.544      218.549      186.429
        4.714      171.830       98.652      124.455       46.384      217.031      188.513
        4.729      172.179      100.231      122.317       44.037      215.189      191.065
        4.743      172.409      101.655      120.048       40.623      213.785      194.046
        4.757      172.548      103.086      117.698       40.480      214.095      197.138
        4.771      172.683      104.516      115.350       41.581      213.191      199.404
        4.786      172.729      105.888      112.896       41.492      213.032      201.388
        4.800      172.726      107.284      110.493       42.305      213.318      204.619
        4.814      172.654      108.684      107.963       42.776      212.393      207.726
        4.829      172.501      110.002      105.460       44.102      212.460      210.597
        4.843      172.274      111.253      102.870       44.267      210.943      212.196
        4.857      172.064      112.758      100.186       45.210      210.761      215.445
        4.871      171.751      113.958       97.635       47.554      211.345      217.928
        4.886      171.359      115.232       94.910       49.477      211.238      220.362
        4.900      170.972      116.802       92.142       51.875      211.407      223.131
        4.914      170.479      118.168       89.360       54.494      211.897      226.627
        4.929      169.975      119.346       86.653       56.867      212.273      229.698
        4.943      169.378      120.894       83.766       59.793      212.268      233.815
        4.957      168.731      122.320       80.806       62.451      213.813      237.078
        4.971      168.035      123.371       78.019       65.222      215.412      241.700
        4.986      167.263      125.065       74.992       68.313      216.090      245.253
        5.000      166.454      126.488       71.918       71.335      218.345      250.121
        5.014      165.560      127.931       68.940       74.728      220.329      254.572
        5.029      164.636      129.408       65.886       77.640      222.370      259.571
        5.043      163.648      130.897       62.776       80.941      225.708      265.209
        5.057      162.641      132.428       59.625       83.737      229.786      270.729
        5.071      161.528      134.014       56.463       87.465      233.330      277.367
        5.086      160.360      135.573       53.255       91.542      236.250      282.279
        5.100      159.115      137.150       50.067       94.671      239.973      288.633
        5.114      157.867      138.817       46.811       98.829      245.819      296.588
        5.129      156.549      140.507       43.569      101.349      251.438      303.290
        5.143      155.122      142.227       40.360      105.343      258.140      312.721
        5.157      153.701      143.960       37.219      108.078      263.391      320.640
        5.171      152.213      145.764       34.107      110.512      271.922      330.914
        5.186      150.671      147.682       31.114      113.805      280.657      341.075
        5.200      149.044      149.507       28.439      117.021      289.673      351.803
        5.214      147.390      151.462       26.079      119.933      299.035      362.166
        5.229      145.714      153.295       24.248      122.248      306.600      369.227
        5.243      143.952      155.102       23.123      126.171      312.016      373.501
        5.257      142.195      156.781       22.773      128.405      317.374      376.149
        5.271      140.330      158.260       23.336      129.558      318.131      374.542
        5.286      138.537      159.647       24.737      131.281      317.088      367.352
        5.300      136.632      160.745       26.692      133.238      313.335      359.035
        5.314      134.755      161.674       29.143      135.818      308.073      348.848
        5.329      132.849      162.440       31.960      137.798      301.998      337.376
        5.343      130.928      163.018       34.902      140.726      297.191      328.302
        5.357      128.944      163.493       38.043      143.500      289.315      317.121
        5.371      126.910      163.835       41.250      144.791      283.214      305.503
        5.386      124.852      164.039       44.407      150.887      277.568      296.441
        5.400      122.698      164.255       47.756      154.644      269.666      285.061
        5.414      120.528      164.305       50.946      158.087      264.388      274.572
        5.429      118.291      164.280       54.086      161.254      259.318      265.150
        5.443      116.006      164.195       57.222      164.557      255.285      256.228
        5.457      113.664      163.984       60.245      168.595      251.219      246.459
        5.471      111.247      163.726       63.227      172.914      248.217      238.435
        5.486      108.761      163.357       66.084      178.598      245.342      228.165
        5.500      106.238      162.821       68.702      184.091      243.739      220.162
        5.514      103.629      162.425       71.620      190.466      241.308      211.957
        5.529      100.917      162.017       74.485      196.859      241.092      204.143
        5.543       98.109      161.051       76.655      201.866      240.198      196.862
        5.557       95.248      160.340       79.206      207.615      240.784      190.092
        5.571       92.280      159.925       82.109      214.418      239.434      183.665
        5.586       89.281      158.705       84.003      222.223      240.745      178.068
        5.600       86.116      157.748       86.265      230.725      240.855      171.683
        5.614       82.841      156.753       88.518      239.710      242.125      166.450
        5.629       79.415      155.638       90.696      248.733      243.774      162.089
        5.643       75.901      154.499       92.873      255.230      245.309      157.602
        5.657       72.292      153.999       95.750      264.641      248.562      155.571
        5.671       68.491      152.091       97.163      275.105      251.949      153.078
        5.686       64.557      150.780       99.280      287.152      258.600      150.490
        5.700       60.454      149.381      101.399      298.968      263.799      147.871
        5.714       56.231      147.920      103.488      311.309      269.426      146.171
        5.729       51.814      146.362      105.532      327.891      277.299      144.616
        5.743       47.180      144.723      107.611      343.683      283.753      145.914
        5.757       42.291      143.038      109.725      363.716      292.386      147.293
        5.771       37.179      141.216      111.868      385.430      301.646      150.168
        5.786       31.839      139.328      114.056      410.027      311.836      157.332
        5.800       26.219      137.316      116.321      441.182      324.475      166.681
        5.814       20.286      135.222      118.788      482.533      340.556      184.127
        5.829       14.196      132.811      121.417      540.180      363.323      214.019
        5.843        8.817      130.215      124.465      617.574      391.665      260.020
        5.857        7.833      127.364      127.828      574.205      363.324      259.683
        5.871       11.667      124.812      130.749      464.779      310.556      223.364
        5.886       16.399      122.673      133.069      382.466      275.660      192.639
        5.900       20.794      120.887      134.894      320.648      249.843      170.567
        5.914       24.723      119.369      136.324      276.031      229.952      158.731
        5.929       28.053      118.112      137.426      234.369      213.501      147.458
        5.943       30.929      117.032      138.195      193.778      201.096      137.073
        5.957       33.271      116.061      138.625      151.472      189.742      127.551
        5.971       35.179      115.244      138.840      110.175      180.481      124.853
        5.986       36.608      114.554      138.770       72.546      174.957      127.805
        6.000       37.679      113.920      138.501       41.737      170.008      135.362
        6.014       38.395      113.351      138.005       22.205      164.866      142.873
        6.029       38.802      112.831      137.382       22.676      160.653      154.451
        6.043       38.882      112.304      136.544       39.838      156.705      167.732
        6.057       38.733      111.867      135.607       58.733      152.694      180.981
        6.071       38.333      111.416      134.518       78.983      147.627      194.713
        6.086       37.520      110.983      133.251       97.438      143.136      208.777
        6.100       36.609      110.519      131.882      119.407      136.800      224.175
        6.114       35.380      110.059      130.384      139.438      130.533      239.917
        6.129       33.873      109.517      128.716      159.815      124.323      255.823
        6.143       32.138      109.523      127.580      181.670      117.674      272.770
        6.157       30.201      108.799      125.581      205.732      110.528      290.632
        6.171       27.907      107.698      123.051      232.975      104.161      313.077
        6.186       25.443      107.015      120.951      266.456       95.572      337.481
        6.200       22.503      106.346      118.734      312.271       81.347      367.895
        6.214       19.189      106.150      116.983      381.250       62.922      412.920
        6.229       15.136      104.978      113.916      539.102       52.344      513.988
        6.243       11.727      104.328      111.397      317.486       65.874      383.094
        6.257       10.359      103.497      109.245      147.344      138.872      282.856
        6.271        9.839      102.253      107.377       19.491      191.047      200.461
        6.286        9.615      100.786      105.509       82.753      230.206      148.200
        6.300        4.737       99.244       99.770      146.307      266.299      121.326
        6.314        9.815       97.464      102.610      163.145      266.436      119.763
        6.329        9.625       95.996      100.678       37.381      209.271      226.440
        6.343        9.272       94.485       98.484       34.716      223.382      207.550
        6.357        8.966       92.931       96.393       47.258      235.957      198.280
        6.371        8.884       91.184       94.400       53.917      241.954      194.320
        6.386        8.702       89.421       92.356       62.191      248.620      193.608
        6.400        8.377       87.644       90.261       53.222      247.585      202.234
        6.414        8.106       85.786       88.089       46.884      248.751      210.189
        6.429        7.816       83.927       85.946       27.060      243.843      228.137
        6.443        3.950       82.032       83.280       21.833      242.425      242.538
        6.457        6.782       80.082       81.242       24.450      246.778      249.535
        6.471        6.526       78.103       79.095       23.960      253.998      249.609
        6.486        6.129       76.065       76.813       24.295      260.148      254.518
        6.500        5.723       74.054       74.562       25.718      270.199      255.940
        6.514        5.328       71.903       72.258       28.010      280.590      260.044
        6.529        4.875       69.765       70.009       32.574      290.439      262.701
        6.543        4.349       67.629       67.702       35.853      300.962      268.893
        6.557        1.423       65.464       66.164       31.320      307.067      281.066
        6.571        3.398       63.315       63.082       26.728      310.706      289.459
        6.586        2.923       61.202       60.851       28.322      318.284      295.210
        6.600        0.613       59.232       59.792       31.317      326.336      300.020
        6.614        0.768       57.179       57.876       20.662      329.118      311.560
        6.629        1.779       55.342       54.680       15.426      333.117      319.105
        6.643        0.892       53.668       54.316       11.154      338.472      328.336
        6.657        0.672       52.018       52.640       13.851      345.303      331.715
        6.671        0.703       50.522       51.120       22.534      352.909      331.834
        6.686        0.704       49.283       49.851        6.961      352.626      345.810
        6.700        0.772       48.273       48.879        4.383      354.103      349.780
        6.714        0.799       47.441       48.030        8.869      357.682      349.559
        6.729        0.812       46.928       47.502        4.305      358.232      354.983
        6.743        0.834       46.670       47.278       11.359      361.280      351.665
        6.757        0.829       46.703       47.300       15.064      361.033      348.690
        6.771        0.728       47.077       47.591        8.331      354.128      355.131
        6.786        2.514       47.651       47.973       13.221      350.173      353.226
        6.800        0.941       48.458       49.191        5.902      348.310      343.557
        6.814        0.893       49.496       50.116        2.493      343.718      342.055
        6.829        2.825       50.759       51.657        3.224      336.653      336.509
        6.843        2.950       52.151       53.264        5.180      330.952      332.330
        6.857        3.107       53.673       54.986        2.704      324.842      325.547
        6.871        3.231       55.315       56.848        2.705      318.805      318.856
        6.886        3.308       57.236       58.929        3.130      312.385      313.075
        6.900        3.315       58.888       60.664        6.340      305.703      303.584
        6.914        3.464       60.953       62.938       10.157      300.097      297.677
        6.929        3.486       62.821       64.851        4.883      292.754      289.369
        6.943        3.467       64.820       66.885        7.325      285.961      281.408
        6.957        3.610       66.619       68.951        8.975      279.520      272.858
        6.971        3.523       68.679       70.973       10.158      273.439      265.145
        6.986        3.451       70.581       72.829        8.681      266.382      257.702
        7.000        3.487       72.571       74.898        7.395      259.407      252.371
        7.014        3.411       74.408       76.739       11.082      252.535      244.096
        7.029        3.388       76.219       78.553       10.105      245.137      238.002
        7.043        3.409       78.107       80.472        7.098      239.887      233.457
        7.057        3.335       79.893       82.204        8.254      234.040      228.364
        7.071        3.268       81.663       83.924       18.910      230.313      221.079
        7.086        3.313       83.310       85.625       16.547      225.305      215.250
        7.100        3.222       85.041       87.216       12.404      219.496      210.442
        7.114        3.335       86.665       88.856       10.306      213.586      205.655
        7.129        3.188       88.273       90.264       13.735      208.842      199.064
        7.143        3.283       89.721       91.705        9.505      204.213      196.550
        7.157        3.246       91.243       93.065        5.264      197.893      194.366
        7.171        3.242       92.650       94.369        8.048      194.384      188.510
        7.186        3.279       93.992       95.624        4.852      188.071      185.239
        7.200        3.248       95.344       96.832        5.117      185.781      182.824
        7.214        3.283       96.589       97.976        6.672      182.626      178.315
        7.229        3.275       97.796       99.098        4.427      178.884      175.782
        7.243        3.322       98.948      100.213        5.151      173.959      174.575
        7.257        3.281       99.956      101.155        6.302      170.400      172.645
        7.271        3.288      100.948      102.076        7.572      169.114      166.099
        7.286        3.197      101.916      102.969        8.832      168.617      162.603
        7.300        3.272      102.772      103.755        5.173      163.662      162.789
        7.314        3.192      103.616      104.535        4.785      159.220      160.115
        7.329        3.215      104.365      105.345        4.073      156.202      154.934
        7.343        3.146      105.090      105.997        5.040      151.382      153.086
        7.357        3.067      105.747      106.638        4.838      148.734      151.149
        7.371        3.129      106.299      107.222        7.969      147.784      144.383
        7.386        3.214      106.772      107.758        9.267      147.406      142.368
        7.400        3.209      107.231      108.243        9.202      147.494      141.999
        7.414        3.092      107.613      108.662        9.121      146.331      142.988
        7.429        3.100      107.982      109.095        9.466      147.607      143.254
        7.443        3.057      108.283      109.347        9.613      145.820      142.924
        7.457        2.982      108.481      109.667       10.340      143.211      143.751
        7.471        2.929      108.682      109.903       11.772      142.866      140.635
        7.486        2.863      108.765      109.965       11.657      141.968      138.270
        7.500        2.857      108.810      110.064        9.141      140.541      141.294
        7.514        2.736      108.804      110.076        8.120      140.386      142.465
        7.529        2.703      108.724      109.962        8.051      139.138      142.257
        7.543        2.579      108.576      109.893        7.196      140.036      141.530
        7.557        2.535      108.345      109.700        8.477      139.952      142.681
        7.571        2.449      108.122      109.484       11.214      140.182      145.611
        7.586        2.412      107.781      109.284       12.128      139.623      145.768
        7.600        2.395      107.372      108.914       13.601      141.626      147.682
        7.614        2.297      106.922      108.578       14.287      142.323      147.761
        7.629        2.236      106.465      108.105       10.244      146.170      142.558
        7.643        2.228      105.868      107.603       10.288      149.796      145.475
        7.657        2.212      105.273      107.038        9.272      151.069      148.586
        7.671        2.131      104.567      106.285        8.709      153.586      150.070
        7.686        2.110      103.900      105.607        5.729      155.807      153.733
        7.700        2.069      103.096      104.819        6.534      159.091      156.117
        7.714        2.033      102.243      103.964        4.755      162.166      159.580
        7.729        2.007      101.291      102.999        4.296      166.442      163.397
        7.743        1.970      100.351      102.027        5.400      169.708      165.776
        7.757        1.961       99.312      100.985        5.011      172.376      173.613
        7.771        1.952       98.219       99.911        6.700      176.210      178.739
        7.786        1.847       97.086       98.691        4.996      180.413      182.296
        7.800        1.867       95.840       97.428        9.408      182.035      186.122
        7.814        1.951       94.554       96.265       11.636      186.138      190.557
        7.829        1.890       93.264       94.891        6.995      189.983      192.747
        7.843        1.867       91.773       93.384        1.791      195.911      196.732
        7.857        1.926       90.356       92.021        0.837      199.615      200.153
        7.871        1.845       88.883       90.416        2.249      204.906      205.221
        7.886        1.976       87.337       88.975        1.351      212.103      211.735
        7.900        1.928       85.661       87.212        2.458      217.726      217.572
        7.914        2.017       83.971       85.571        1.375      223.024      222.873
        7.929        2.018       82.225       83.814        1.384      226.896      226.896
        7.943        1.972       80.454       81.981        2.768      232.603      231.314
        7.957        1.995       78.644       80.148        2.760      235.269      233.901
        7.971        1.987       76.767       78.280        2.035      239.559      240.206
        7.986        2.018       74.863       76.383        3.446      245.935      245.537
        8.000        1.991       72.923       74.380        4.366      252.637      253.437
        8.014        1.985       70.939       72.424        2.457      258.233      258.185
        8.029        1.905       68.916       70.302        1.424      265.996      265.980
        8.043        1.890       66.861       68.257        2.676      272.446      273.343
        8.057        1.821       64.774       66.130        3.443      278.388      278.912
        8.071        1.824       62.703       64.063        3.059      282.790      283.430
        8.086        1.777       60.637       61.986        2.414      290.031      289.636
        8.100        1.614       58.642       59.897        3.927      295.644      295.247
        8.114        1.699       56.577       57.947        5.470      301.545      299.823
        8.129        1.627       54.651       55.958        5.753      308.550      306.294
        8.143        1.526       52.777       54.081        6.321      316.051      311.602
        8.157        1.512       50.925       52.220        6.257      320.445      315.378
        8.171        1.493       49.222       50.506        6.879      326.219      321.445
        8.186        1.373       47.689       48.844        6.891      331.453      327.843
        8.200        1.274       46.299       47.286        5.800      335.123      332.640
        8.214        1.264       45.079       46.023        6.614      338.741      338.005
        8.229        1.179       44.101       44.871        6.426      339.903      340.663
        8.243        1.044       43.444       43.983        7.935      343.076      346.175
        8.257        0.962       43.019       43.253       11.234      341.257      347.403
        8.271        0.801       42.850       42.886        8.690      341.190      346.127
        8.286        0.691       42.838       42.751        8.978      340.060      345.558
        8.300        0.640       43.152       42.795        7.728      337.442      341.815
        8.314        0.636       43.687       43.238        6.458      334.981      338.232
        8.329        0.659       44.414       43.824        6.125      331.369      332.990
        8.343        0.714       45.347       44.651        6.516      328.471      330.135
        8.357        0.753       46.478       45.750        5.389      325.084      323.841
        8.371        0.842       47.727       46.922        4.142      318.272      317.761
        8.386        0.963       49.174       48.283        4.089      312.290      314.387
        8.400        0.970       50.660       49.831        3.259      307.122      309.371
        8.414        1.000       52.234       51.456        4.329      299.237      302.183
        8.429        1.191       53.902       53.093        4.627      292.462      296.686
        8.443        1.197       55.574       54.889        3.207      286.299      289.475
        8.457        1.189       57.241       56.706        4.391      280.216      284.397
        8.471        1.293       58.935       58.487        2.350      274.702      275.661
        8.486        1.318       60.624       60.237        2.512      268.553      268.542
        8.500        1.331       62.269       61.983        2.712      261.854      262.343
        8.514        1.322       63.924       63.838        2.294      255.359      254.906
        8.529        1.399       65.561       65.557        3.913      250.786      248.004
        8.543        1.323       67.135       67.166        4.130      245.787      242.877
        8.557        1.307       68.650       68.827        5.837      241.208      236.033
        8.571        1.270       70.141       70.370        5.617      235.888      231.430
        8.586        1.223       71.656       71.908        4.137      229.501      226.912
        8.600        1.252       73.048       73.398        4.279      222.810      222.837
        8.614        1.197       74.451       74.932        4.117      217.319      217.758
        8.629        1.172       75.714       76.408        7.227      211.991      213.724
        8.643        1.194       77.010       77.636        8.165      207.210      209.453
        8.657        1.156       78.224       79.067        7.357      202.789      204.442
        8.671        1.281       79.366       80.253        6.686      199.381      201.365
        8.686        1.309       80.470       81.432        4.568      194.849      196.199
        8.700        1.290       81.488       82.505        3.095      190.497      191.122
        8.714        1.238       82.510       83.578        1.951      186.867      185.770
        8.729        1.222       83.381       84.370        3.795      183.436      179.895
        8.743        1.201       84.202       85.229        5.951      179.908      174.945
        8.757        1.136       85.023       86.076        8.847      177.316      170.136
        8.771        0.945       85.796       86.673        9.246      174.497      167.077
        8.786        0.841       86.452       87.235        9.438      172.367      164.906
        8.800        0.795       87.101       87.869        8.653      168.336      161.395
        8.814        0.725       87.634       88.327        7.485      165.591      160.046
        8.829        0.718       88.064       88.747        5.648      164.120      159.449
        8.843        0.642       88.457       89.084        5.138      162.716      157.961
        8.857        0.641       88.813       89.431        3.841      160.599      156.991
        8.871        0.613       89.002       89.614        3.294      158.255      155.082
        8.886        0.602       89.260       89.857        2.207      157.370      156.110
        8.900        0.627       89.238       89.859        4.532      156.348      155.530
        8.914        0.682       89.301       89.942        4.909      155.363      154.991
        8.929        0.668       89.217       89.859        5.258      153.880      154.185
        8.943        0.769       89.094       89.830        4.138      155.732      155.930
        8.957        0.718       88.893       89.573        3.659      156.291      156.057
        8.971        0.805       88.676       89.420        3.637      157.517      157.625
        8.986        0.824       88.361       89.055        3.609      157.705      155.646
        9.000        0.784       88.027       88.691        2.460      159.333      157.934
        9.014        0.760       87.583       88.191        2.241      160.371      158.941
        9.029        0.905       87.028       87.752        1.370      161.230      159.915
        9.043        0.868       86.469       87.100        2.430      164.313      161.896
        9.057        0.947       85.850       86.456        1.822      165.668      163.873
        9.071        0.887       85.180       85.706        1.942      167.821      166.060
        9.086        0.951       84.424       84.951        2.185      170.069      169.663
        9.100        1.047       83.557       84.031        1.401      172.971      173.784
        9.114        1.024       82.573       82.932        1.289      176.352      177.363
        9.129        1.041       81.567       81.809        2.154      179.548      181.099
        9.143        1.200       80.396       80.704        2.706      183.494      185.991
        9.157        1.155       79.313       79.489        3.612      186.566      189.684
        9.171        1.226       78.063       78.163        2.085      191.319      193.390
        9.186        1.334       76.858       76.867        1.839      194.746      194.974
        9.200        1.377       75.471       75.456        2.427      199.435      200.863
        9.214        1.406       74.039       74.006        2.808      205.630      205.693
        9.229        1.399       72.546       72.376        3.247      211.598      210.182
        9.243        1.433       70.929       70.805        3.345      216.928      214.940
        9.257        1.534       69.288       69.143        3.263      223.326      221.338
        9.271        1.535       67.553       67.381        2.237      228.390      227.341
        9.286        1.651       65.752       65.553        2.165      235.796      233.772
        9.300        1.666       63.951       63.688        2.275      241.508      241.658
        9.314        1.684       62.145       61.759        2.167      247.271      249.165
        9.329        1.733       60.171       59.680        3.235      254.265      256.978
        9.343        1.770       58.199       57.669        3.679      261.949      265.254
        9.357        1.775       56.197       55.566        4.576      268.185      272.529
        9.371        1.815       54.177       53.450        4.164      275.898      279.027
        9.386        1.748       52.157       51.388        4.347      283.220      286.309
        9.400        1.759       50.115       49.298        5.270      291.154      293.266
        9.414        1.711       48.111       47.220        4.456      300.495      302.306
        9.429        1.719       46.140       45.151        4.340      308.781      309.101
        9.443        1.713       44.225       43.241        4.855      316.568      314.514
        9.457        1.662       42.453       41.401        4.733      324.212      322.183
        9.471        1.639       40.752       39.679        4.751      331.163      328.931
        9.486        1.557       39.316       38.240        5.167      337.682      333.761
        9.500        1.544       38.064       36.951        5.557      343.470      340.443
        9.514        1.471       37.078       35.949        4.585      348.987      345.483
        9.529        1.495       36.400       35.219        6.079      352.782      347.069
        9.543        1.510       36.085       34.841        5.028      356.404      351.877
        9.557        1.446       36.109       34.862        5.342      357.341      352.317
        9.571        1.486       36.494       35.199        4.838      356.937      352.308
        9.586        1.412       37.176       35.928        3.418      355.643      352.808
        9.600        1.413       38.194       36.928        3.315      351.407      349.355
        9.614        1.475       39.491       38.194        1.982      344.859      343.645
        9.629        1.456       40.959       39.718        2.489      336.221      335.240
        9.643        1.393       42.617       41.452        2.501      326.251      324.350
        9.657        1.367       44.377       43.264        2.135      317.312      316.528
        9.671        1.412       46.209       45.120        0.636      308.102      308.193
        9.686        1.370       48.122       47.166        1.263      298.777      299.079
        9.700        1.314       50.083       49.171        1.584      289.292      290.075
        9.714        1.292       51.997       51.191        0.925      280.050      280.872
        9.729        1.246       53.928       53.237        1.172      269.530      269.578
        9.743        1.272       55.792       55.113        2.167      260.380      258.942
        9.757        1.187       57.559       57.015        1.779      251.762      250.777
        9.771        1.112       59.279       58.822        1.563      241.995      240.869
        9.786        1.066       60.970       60.519        1.487      233.823      232.383
        9.800        1.052       62.595       62.214        2.618      226.312      223.905
        9.814        0.900       64.157       63.807        1.830      216.948      216.125
        9.829        0.905       65.611       65.357        0.785      209.367      208.758
        9.843        0.798       67.051       66.835        0.915      202.275      201.891
        9.857        0.810       68.362       68.091        1.502      195.669      196.478
        9.871        0.710       69.530       69.397        2.668      188.393      189.547
        9.886        0.661       70.650       70.496        3.374      182.257      184.511
        9.900        0.651       71.692       71.458        4.790      176.898      181.050
        9.914        0.714       72.667       72.489        3.517      173.018      176.082
        9.929        0.305       73.562       73.655        4.626      168.049      172.025
        9.943        0.728       74.331       74.114        3.785      164.677      167.099
        9.957        0.745       74.997       74.822        3.928      160.998      163.815
        9.971        0.429       75.622       75.605        3.215      157.850      159.068
        9.986        0.779       76.129       75.875        2.340      156.785      157.683
       10.000        0.728       76.583       76.278        1.900      155.041      155.056
       10.014        0.705       76.902       76.618        2.003      152.919      152.081
       10.029        0.737       77.183       76.820        1.710      152.800      152.104
       10.043        0.789       77.307       76.899        2.047      153.710      152.741
       10.057        0.722       77.388       76.958        2.396      154.271      153.159
       10.071        0.782       77.323       76.848        2.767      154.258      153.409
       10.086        0.793       77.223       76.661        2.510      154.726      153.400
       10.100        0.778       77.048       76.490        1.111      155.700      155.787
       10.114        0.764       76.691       76.112        1.196      157.738      157.662
       10.129        0.762       76.341       75.725        1.497      159.429      160.097
       10.143        0.712       75.787       75.189        1.463      162.505      163.348
       10.157        0.726       75.276       74.684        2.086      165.092      166.189
       10.171        0.670       74.630       74.049        2.290      168.306      169.690
       10.186        0.708       73.885       73.234        2.014      170.728      170.709
       10.200        0.697       73.059       72.461        2.684      174.782      174.504
       10.214        0.700       72.138       71.560        3.139      178.682      177.801
       10.229        0.696       71.098       70.558        2.992      184.111      184.118
       10.243        0.780       69.964       69.393        3.767      189.192      188.888
       10.257        0.732       68.768       68.365        2.991      192.439      192.737
       10.271        0.807       67.476       67.058        2.812      197.456      197.585
       10.286        0.841       66.134       65.806        3.460      203.874      203.256
       10.300        0.973       64.458       64.172        3.110      210.118      210.120
       10.314        0.977       63.107       62.854        5.291      216.273      215.100
       10.329        1.048       61.437       61.363        4.860      223.226      222.753
       10.343        1.083       59.810       59.701        5.151      232.448      229.723
       10.357        1.193       58.047       57.975        5.191      239.449      235.815
       10.371        1.224       56.223       56.286        4.681      247.682      243.516
       10.386        1.250       54.393       54.336        3.827      256.203      252.710
       10.400        1.403       52.524       52.483        4.297      264.780      260.510
       10.414        1.438       50.646       50.553        3.225      271.866      268.678
       10.429        1.590       48.753       48.484        3.830      281.166      277.425
       10.443        1.636       46.863       46.600        4.175      289.038      285.505
       10.457        1.800       45.015       44.580        3.932      297.614      294.516
       10.471        1.887       35.173       34.571        3.654      307.110      303.589
       10.486        1.983       41.521       40.723        3.393      316.320      313.097
       10.500        2.188       39.938       38.814        3.832      325.387      322.437
       10.514        2.345       38.496       37.105        4.581      333.707      329.247
       10.529        2.379       37.278       35.702        3.259      340.621      337.449
       10.543        2.492       36.275       34.391        2.828      347.081      344.661
       10.557        2.571       35.571       33.426        2.702      351.274      348.901
       10.571        2.709       35.202       32.772        3.015      351.420      349.297
       10.586        2.838       35.173       32.493        3.301      349.679      347.608
       10.600        2.997       35.468       32.571        3.100      346.371      344.453
       10.614        2.874       36.009       33.283        3.603      341.487      341.741
       10.629        3.071       36.854       33.993        3.623      335.696      336.831
       10.643        3.138       37.875       35.088        2.541      329.383      329.539
       10.657        3.253       39.162       36.468        3.198      320.847      322.381
       10.671        2.976       40.534       38.285        3.315      309.364      312.055
       10.686        3.296       42.003       39.729        2.895      301.409      303.469
       10.700        3.346       43.607       41.508        1.937      293.638      295.464
       10.714        3.336       45.227       43.355        3.079      284.197      287.250
       10.729        3.156       46.902       45.400        2.238      277.797      279.773
       10.743        3.355       48.543       47.109        2.579      268.972      270.788
       10.757        3.027       50.212       49.219        2.337      262.016      263.821
       10.771        3.350       51.822       50.881        2.063      252.742      253.860
       10.786        3.352       53.452       52.608        2.267      242.266      243.910
       10.800        3.210       54.975       54.352        1.464      237.016      236.684
       10.814        3.267       56.428       55.933        1.975      231.095      231.050
       10.829        3.102       57.902       57.441        1.546      224.761      224.751
       10.843        3.022       59.312       58.976        2.192      218.327      216.951
       10.857        2.940       60.680       60.410        1.992      213.126      211.230
       10.871        2.863       61.903       61.766        2.756      206.308      205.063
       10.886        2.735       63.041       62.982        3.094      201.328      198.249
       10.900        2.596       64.129       64.078        4.365      196.228      191.903
       10.914        2.559       65.168       65.058        4.212      189.243      185.034
       10.929        2.328       66.117       66.053        4.102      184.463      180.467
       10.943        2.236       66.971       66.934        2.967      180.639      177.761
       10.957        2.058       67.712       67.656        4.830      177.012      172.204
       10.971        1.971       68.416       68.307        4.633      174.264      169.632
       10.986        1.788       69.022       68.847        3.400      172.156      168.836
       11.000        1.682       69.499       69.327        3.611      169.850      166.546
       11.014        1.567       69.881       69.703        4.975      167.470      162.560
       11.029        1.404       70.150       69.974        4.673      166.704      162.163
       11.043        1.310       70.341       70.131        5.212      166.388      161.598
       11.057        1.221       70.504       70.189        4.737      164.263      160.070
       11.071        1.105       70.569       70.237        3.353      163.273      160.424
       11.086        1.016       70.519       70.203        2.700      163.312      161.063
       11.100        0.843       70.460       70.103        2.429      162.782      160.422
       11.114        0.808       70.225       69.833        2.123      165.878      164.685
       11.129        0.715       69.918       69.540        2.458      166.527      164.616
       11.143        0.698       69.537       69.132        3.643      169.019      165.775
       11.157        0.609       69.064       68.661        2.514      170.538      168.380
       11.171        0.565       68.507       68.065        2.444      172.346      170.220
       11.186        0.544       67.853       67.402        3.089      175.367      172.986
       11.200        0.557       67.102       66.609        4.516      180.141      175.885
       11.214        0.547       66.220       65.697        3.036      182.927      179.989
       11.229        0.508       65.258       64.752        3.683      186.840      183.313
       11.243        0.533       64.205       63.673        4.211      192.712      188.768
       11.257        0.614       63.103       62.494        3.451      197.408      194.260
       11.271        0.562       61.861       61.305        3.195      203.380      200.218
       11.286        0.601       60.597       60.009        1.521      208.709      207.200
       11.300        0.639       59.215       58.588        1.677      214.791      213.886
       11.314        0.680       57.713       57.089        2.162      222.279      220.581
       11.329        0.681       56.171       55.567        2.087      227.526      225.931
       11.343        0.662       54.493       53.900        1.526      234.380      233.641
       11.357        0.650       52.766       52.225        1.400      242.097      243.372
       11.371        0.701       50.942       50.366        1.410      248.651      249.838
       11.386        0.854       49.104       48.426        1.331      256.282      257.111
       11.400        0.833       47.174       46.498        1.211      265.401      265.724
       11.414        0.804       45.233       44.610        2.009      272.366      273.995
       11.429        0.821       43.244       42.631        2.326      281.611      282.028
       11.443        0.798       43.249       42.655        2.891      281.669      282.393
