#         t      sigma
      0.000    152.838
      0.014    149.614
      0.029    150.508
      0.043    152.271
      0.057    153.767
      0.071    155.863
      0.086    155.110
      0.100    153.201
      0.114    153.139
      0.129    156.196
      0.143    152.992
      0.157    150.427
      0.171    151.217
      0.186    156.185
      0.200    150.629
      0.214    153.172
      0.229    156.602
      0.243    155.500
      0.257    151.150
      0.271    150.900
      0.286    151.833
      0.300    151.936
      0.314    153.230
      0.329    154.640
      0.343    155.931
      0.357    153.142
      0.371    151.037
      0.386    151.609
      0.400    152.156
      0.414    155.897
      0.429    156.971
      0.443    156.080
      0.457    155.224
      0.471    153.024
      0.486    151.141
      0.500    150.315
      0.514    151.717
      0.529    155.403
      0.543    153.182
      0.557    151.229
      0.571    151.816
      0.586    152.369
      0.600    154.855
      0.614    155.884
      0.629    156.008
      0.643    151.279
      0.657    149.662
      0.671    150.337
      0.686    155.171
      0.700    154.745
      0.714    155.474
      0.729    149.517
      0.743    148.971
      0.757    149.982
      0.771    150.334
      0.786    150.256
      0.800    153.670
      0.814    152.604
      0.829    155.382
      0.843    155.090
      0.857    153.701
      0.871    152.096
      0.886    152.588
      0.900    148.766
      0.914    148.578
      0.929    152.456
      0.943    152.783
      0.957    149.703
      0.971    153.086
      0.986    155.488
      1.000    155.596
      1.014    151.893
      1.029    152.552
      1.043    152.220
      1.057    151.225
      1.071    151.554
      1.086    153.282
      1.100    156.327
      1.114    156.945
      1.129    153.797
      1.143    149.274
      1.157    153.406
      1.171    155.987
      1.186    155.399
      1.200    152.969
      1.214    149.106
      1.229    147.699
      1.243    148.977
      1.257    149.961
      1.271    151.380
      1.286    154.721
      1.300    156.856
      1.314    155.381
      1.329    152.251
      1.343    149.331
      1.357    149.693
      1.371    152.231
      1.386    154.764
      1.400    154.427
      1.414    151.021
      1.429    148.503
      1.443    149.931
      1.457    153.317
      1.471    156.676
      1.486    157.010
      1.500    152.122
      1.514    148.525
      1.529    147.019
      1.543    149.596
      1.557    153.913
      1.571    156.099
      1.586    156.202
      1.600    152.989
      1.614    150.008
      1.629    147.553
      1.643    149.130
      1.657    152.484
      1.671    155.350
      1.686    155.964
      1.700    153.604
      1.714    149.017
      1.729    147.133
      1.743    148.267
      1.757    151.346
      1.771    154.446
      1.786    156.689
      1.800    155.046
      1.814    151.696
      1.829    148.951
      1.843    147.078
      1.857    149.794
      1.871    153.681
      1.886    155.395
      1.900    153.798
      1.914    150.523
      1.929    147.627
      1.943    148.073
      1.957    151.513
      1.971    154.817
      1.986    157.508
      2.000    156.350
      2.014    149.583
      2.029    147.019
      2.043    148.369
      2.057    151.846
      2.071    155.852
      2.086    154.561
      2.100    149.947
      2.114    146.320
      2.129    146.266
      2.143    149.940
      2.157    153.101
      2.171    155.794
      2.186    154.445
      2.200    149.756
      2.214    146.288
      2.229    147.559
      2.243    152.736
      2.257    155.356
      2.271    155.573
      2.286    153.892
      2.300    152.364
      2.314    148.599
      2.329    146.764
      2.343    146.670
      2.357    149.756
      2.371    154.403
      2.386    156.382
      2.400    156.136
      2.414    154.689
      2.429    150.011
      2.443    146.874
      2.457    145.954
      2.471    146.085
      2.486    149.178
      2.500    154.169
      2.514    155.657
      2.529    155.294
      2.543    151.975
      2.557    148.562
      2.571    146.395
      2.586    145.783
      2.600    150.121
      2.614    153.335
      2.629    156.646
      2.643    153.244
      2.657    148.118
      2.671    144.739
      2.686    145.396
      2.700    148.502
      2.714    153.580
      2.729    155.851
      2.743    155.985
      2.757    153.482
      2.771    148.518
      2.786    146.477
      2.800    146.713
      2.814    147.814
      2.829    149.054
      2.843    153.630
      2.857    155.345
      2.871    154.617
      2.886    150.395
      2.900    146.948
      2.914    145.419
      2.929    144.746
      2.943    149.090
      2.957    154.458
      2.971    155.382
      2.986    156.015
      3.000    154.882
      3.014    150.694
      3.029    145.704
      3.043    145.180
      3.057    146.929
      3.071    149.973
      3.086    150.888
      3.100    154.212
      3.114    155.782
      3.129    154.774
      3.143    154.171
      3.157    150.685
      3.171    149.997
      3.186    147.111
      3.200    147.712
      3.214    146.012
      3.229    145.969
      3.243    146.259
      3.257    148.408
      3.271    153.590
      3.286    156.171
      3.300    154.298
      3.314    151.744
      3.329    147.561
      3.343    143.801
      3.357    144.670
      3.371    149.005
      3.386    149.249
      3.400    156.055
      3.414    156.222
      3.429    154.448
      3.443    152.512
      3.457    149.947
      3.471    148.580
      3.486    146.063
      3.500    144.830
      3.514    145.279
      3.529    149.222
      3.543    153.026
      3.557    156.317
      3.571    156.566
      3.586    153.968
      3.600    147.524
      3.614    145.108
      3.629    144.221
      3.643    147.069
      3.657    153.040
      3.671    157.330
      3.686    156.741
      3.700    153.056
      3.714    148.845
      3.729    144.959
      3.743    145.893
      3.757    150.712
      3.771    155.699
      3.786    157.332
      3.800    154.137
      3.814    148.483
      3.829    145.573
      3.843    146.956
      3.857    151.640
      3.871    153.968
      3.886    150.839
      3.900    146.223
      3.914    141.925
      3.929    141.165
      3.943    142.233
      3.957    144.839
      3.971    148.644
      3.986    152.879
      4.000    158.081
      4.014    163.017
      4.029    165.358
      4.043    166.427
      4.057    164.623
      4.071    160.849
      4.086    157.608
      4.100    156.960
      4.114    158.361
      4.129    160.172
      4.143    160.903
      4.157    158.404
      4.171    152.677
      4.186    145.920
      4.200    141.088
      4.214    139.163
      4.229    141.111
      4.243    145.398
      4.257    149.088
      4.271    151.311
      4.286    150.768
      4.300    147.374
      4.314    142.969
      4.329    140.000
      4.343    139.539
      4.357    142.277
      4.371    146.930
      4.386    152.083
      4.400    155.080
      4.414    153.922
      4.429    150.293
      4.443    144.451
      4.457    139.986
      4.471    137.626
      4.486    138.728
      4.500    141.780
      4.514    145.214
      4.529    148.222
      4.543    149.661
      4.557    148.612
      4.571    145.173
      4.586    141.353
      4.600    139.311
      4.614    139.367
      4.629    142.077
      4.643    145.985
      4.657    149.444
      4.671    150.625
      4.686    148.624
      4.700    145.759
      4.714    141.332
      4.729    138.313
      4.743    137.584
      4.757    139.399
      4.771    143.073
      4.786    147.443
      4.800    150.699
      4.814    152.041
      4.829    150.001
      4.843    145.298
      4.857    139.523
      4.871    135.040
      4.886    133.644
      4.900    135.761
      4.914    140.680
      4.929    146.071
      4.943    150.237
      4.957    152.312
      4.971    151.033
      4.986    147.840
      5.000    143.501
      5.014    140.146
      5.029    138.570
      5.043    140.101
      5.057    143.298
      5.071    146.648
      5.086    149.284
      5.100    148.647
      5.114    147.435
      5.129    144.289
      5.143    140.915
      5.157    138.610
      5.171    139.242
      5.186    141.566
      5.200    145.385
      5.214    149.247
      5.229    152.743
      5.243    153.051
      5.257    152.106
      5.271    148.660
      5.286    143.828
      5.300    139.081
      5.314    136.328
      5.329    136.890
      5.343    140.228
      5.357    144.661
      5.371    148.919
      5.386    151.261
      5.400    150.053
      5.414    146.356
      5.429    141.719
      5.443    137.302
      5.457    135.625
      5.471    136.914
      5.486    141.392
      5.500    146.789
      5.514    151.287
      5.529    153.485
      5.543    153.409
      5.557    150.452
      5.571    145.089
      5.586    139.678
      5.600    136.074
      5.614    135.756
      5.629    137.564
      5.643    142.354
      5.657    146.843
      5.671    149.689
      5.686    149.861
      5.700    147.246
      5.714    143.486
      5.729    139.313
      5.743    136.061
      5.757    135.115
      5.771    137.361
      5.786    140.393
      5.800    145.554
      5.814    148.749
      5.829    150.697
      5.843    156.547
      5.857    182.967
      5.871    185.567
      5.886    170.835
      5.900    158.427
      5.914    150.693
      5.929    147.329
      5.943    146.402
      5.957    146.410
      5.971    144.908
      5.986    142.296
      6.000    138.343
      6.014    133.635
      6.029    129.167
      6.043    126.370
      6.057    126.347
      6.071    127.756
      6.086    130.256
      6.100    132.530
      6.114    134.130
      6.129    134.111
      6.143    133.634
      6.157    132.656
      6.171    132.684
      6.186    132.484
      6.200    136.526
      6.214    147.446
      6.229    171.650
      6.243    164.911
      6.257    152.117
      6.271    146.102
      6.286    140.404
      6.300    133.111
      6.314    147.815
      6.329    139.465
      6.343    137.120
      6.357    136.764
      6.371    138.744
      6.386    140.020
      6.400    139.247
      6.414    137.386
      6.429    136.418
      6.443    138.625
      6.457    141.930
      6.471    141.835
      6.486    139.221
      6.500    137.255
      6.514    136.733
      6.529    135.973
      6.543    136.313
      6.557    136.756
      6.571    137.584
      6.586    139.011
      6.600    139.412
      6.614    139.208
      6.629    138.569
      6.643    137.402
      6.657    136.594
      6.671    136.824
      6.686    136.551
      6.700    136.784
      6.714    137.906
      6.729    137.936
      6.743    138.950
      6.757    140.539
      6.771    139.954
      6.786    140.241
      6.800    140.611
      6.814    140.283
      6.829    140.647
      6.843    141.350
      6.857    142.027
      6.871    142.464
      6.886    144.030
      6.900    145.384
      6.914    145.982
      6.929    147.405
      6.943    148.349
      6.957    149.596
      6.971    151.806
      6.986    153.627
      7.000    154.005
      7.014    154.806
      7.029    155.462
      7.043    154.662
      7.057    154.518
      7.071    154.917
      7.086    153.722
      7.100    152.144
      7.114    152.468
      7.129    153.168
      7.143    151.598
      7.157    149.922
      7.171    149.311
      7.186    148.889
      7.200    148.413
      7.214    146.746
      7.229    146.083
      7.243    145.504
      7.257    145.777
      7.271    145.456
      7.286    145.331
      7.300    145.461
      7.314    146.828
      7.329    147.121
      7.343    147.285
      7.357    146.378
      7.371    145.430
      7.386    146.292
      7.400    147.624
      7.414    148.179
      7.429    148.273
      7.443    148.874
      7.457    149.764
      7.471    149.551
      7.486    149.393
      7.500    148.501
      7.514    148.453
      7.529    147.872
      7.543    146.937
      7.557    146.008
      7.571    144.387
      7.586    144.422
      7.600    144.010
      7.614    143.333
      7.629    142.380
      7.643    141.457
      7.657    141.637
      7.671    140.793
      7.686    139.476
      7.700    139.248
      7.714    139.538
      7.729    140.779
      7.743    141.079
      7.757    140.693
      7.771    139.085
      7.786    139.784
      7.800    140.829
      7.814    141.280
      7.829    141.565
      7.843    142.085
      7.857    142.824
      7.871    142.449
      7.886    142.854
      7.900    142.316
      7.914    142.931
      7.929    143.217
      7.943    143.291
      7.957    143.413
      7.971    143.790
      7.986    143.806
      8.000    144.096
      8.014    142.996
      8.029    142.220
      8.043    141.727
      8.057    140.879
      8.071    142.047
      8.086    142.165
      8.100    142.492
      8.114    142.739
      8.129    142.750
      8.143    143.028
      8.157    142.767
      8.171    142.421
      8.186    143.154
      8.200    143.668
      8.214    143.660
      8.229    143.371
      8.243    143.767
      8.257    144.280
      8.271    144.229
      8.286    143.928
      8.300    143.491
      8.314    144.146
      8.329    144.233
      8.343    144.327
      8.357    144.720
      8.371    144.476
      8.386    144.683
      8.400    145.251
      8.414    145.789
      8.429    146.192
      8.443    147.035
      8.457    147.525
      8.471    148.096
      8.486    148.525
      8.500    147.827
      8.514    148.536
      8.529    148.606
      8.543    148.541
      8.557    148.169
      8.571    148.203
      8.586    148.496
      8.600    148.217
      8.614    149.354
      8.629    149.489
      8.643    150.254
      8.657    150.500
      8.671    151.114
      8.686    150.294
      8.700    150.224
      8.714    150.220
      8.729    149.515
      8.743    149.797
      8.757    149.113
      8.771    148.992
      8.786    148.393
      8.800    148.418
      8.814    147.292
      8.829    147.171
      8.843    146.328
      8.857    145.795
      8.871    145.538
      8.886    145.120
      8.900    145.832
      8.914    145.722
      8.929    145.233
      8.943    145.046
      8.957    144.993
      8.971    144.260
      8.986    143.670
      9.000    143.020
      9.014    142.874
      9.029    142.591
      9.043    141.690
      9.057    141.581
      9.071    141.608
      9.086    141.219
      9.100    141.811
      9.114    141.756
      9.129    142.026
      9.143    141.569
      9.157    141.642
      9.171    141.944
      9.186    142.391
      9.200    141.855
      9.214    141.954
      9.229    142.087
      9.243    141.761
      9.257    141.843
      9.271    141.460
      9.286    141.443
      9.300    141.785
      9.314    140.918
      9.329    141.307
      9.343    141.155
      9.357    141.351
      9.371    141.595
      9.386    141.343
      9.400    141.539
      9.414    141.724
      9.429    142.766
      9.443    142.407
      9.457    143.209
      9.471    143.268
      9.486    143.905
      9.500    144.329
      9.514    144.683
      9.529    144.659
      9.543    145.336
      9.557    145.183
      9.571    145.665
      9.586    145.469
      9.600    146.102
      9.614    145.440
      9.629    145.290
      9.643    144.612
      9.657    144.552
      9.671    143.373
      9.686    142.432
      9.700    142.373
      9.714    141.374
      9.729    140.475
      9.743    140.163
      9.757    140.313
      9.771    140.670
      9.786    140.478
      9.800    140.985
      9.814    141.325
      9.829    141.774
      9.843    141.974
      9.857    143.079
      9.871    143.417
      9.886    144.164
      9.900    144.543
      9.914    145.530
      9.929    145.861
      9.943    145.513
      9.957    145.396
      9.971    145.293
      9.986    145.175
     10.000    145.066
     10.014    145.352
     10.029    145.110
     10.043    145.197
     10.057    145.149
     10.071    145.061
     10.086    145.116
     10.100    144.201
     10.114    144.084
     10.129    143.817
     10.143    143.146
     10.157    143.184
     10.171    142.578
     10.186    142.912
     10.200    142.289
     10.214    142.001
     10.229    141.729
     10.243    141.789
     10.257    141.422
     10.271    141.395
     10.286    141.535
     10.300    141.799
     10.314    142.296
     10.329    142.527
     10.343    143.004
     10.357    142.934
     10.371    143.757
     10.386    143.829
     10.400    144.037
     10.414    144.009
     10.429    143.819
     10.443    144.224
     10.457    144.367
     10.471    144.229
     10.486    144.039
     10.500    144.184
     10.514    144.009
     10.529    143.916
     10.543    144.329
     10.557    143.907
     10.571    143.651
     10.586    144.042
     10.600    143.468
     10.614    143.528
     10.629    142.928
     10.643    142.968
     10.657    143.318
     10.671    143.554
     10.686    143.642
     10.700    144.111
     10.714    144.860
     10.729    145.009
     10.743    145.266
     10.757    145.283
     10.771    144.801
     10.786    144.654
     10.800    145.007
     10.814    145.050
     10.829    145.528
     10.843    145.537
     10.857    145.399
     10.871    145.987
     10.886    146.059
     10.900    146.851
     10.914    147.030
     10.929    147.835
     10.943    148.149
     10.957    148.586
     10.971    149.263
     10.986    149.647
     11.000    150.288
     11.014    150.678
     11.029    150.606
     11.043    150.999
     11.057    150.772
     11.071    150.574
     11.086    150.438
     11.100    150.747
     11.114    149.997
     11.129    150.274
     11.143    149.903
     11.157    150.066
     11.171    149.849
     11.186    150.566
     11.200    150.666
     11.214    150.683
     11.229    150.584
     11.243    150.809
     11.257    150.758
     11.271    150.728
     11.286    150.595
     11.300    150.585
     11.314    149.776
     11.329    149.848
     11.343    149.915
     11.357    149.879
     11.371    149.678
     11.386    150.123
     11.400    150.762
     11.414    150.933
     11.429    151.866
     11.443    152.005
