#         t      sigma
      0.000     74.972
      0.014     77.287
      0.029     77.018
      0.043     74.854
      0.057     73.297
      0.071     74.756
      0.086     75.920
      0.100     75.909
      0.114     74.076
      0.129     72.897
      0.143     73.706
      0.157     75.378
      0.171     74.823
      0.186     72.342
      0.200     72.091
      0.214     73.767
      0.229     75.593
      0.243     74.517
      0.257     73.209
      0.271     72.971
      0.286     74.665
      0.300     76.336
      0.314     75.207
      0.329     73.909
      0.343     72.471
      0.357     73.743
      0.371     76.185
      0.386     76.013
      0.400     74.112
      0.414     73.596
      0.429     74.374
      0.443     75.734
      0.457     75.764
      0.471     73.759
      0.486     72.524
      0.500     73.643
      0.514     75.167
      0.529     74.504
      0.543     73.014
      0.557     71.516
      0.571     71.703
      0.586     73.409
      0.600     74.082
      0.614     74.086
      0.629     72.796
      0.643     73.213
      0.657     74.846
      0.671     76.530
      0.686     76.773
      0.700     73.985
      0.714     73.272
      0.729     73.481
      0.743     74.471
      0.757     73.588
      0.771     72.112
      0.786     71.044
      0.800     71.764
      0.814     73.739
      0.829     73.750
      0.843     72.725
      0.857     71.127
      0.871     71.732
      0.886     72.714
      0.900     73.538
      0.914     72.856
      0.929     71.405
      0.943     71.697
      0.957     72.301
      0.971     72.755
      0.986     72.666
      1.000     71.582
      1.014     71.587
      1.029     73.944
      1.043     74.823
      1.057     74.347
      1.071     72.647
      1.086     72.541
      1.100     73.377
      1.114     74.892
      1.129     75.026
      1.143     73.016
      1.157     72.143
      1.171     73.512
      1.186     74.371
      1.200     75.265
      1.214     73.462
      1.229     71.796
      1.243     71.504
      1.257     72.724
      1.271     73.819
      1.286     74.329
      1.300     72.619
      1.314     72.025
      1.329     72.175
      1.343     73.987
      1.357     74.449
      1.371     74.114
      1.386     71.804
      1.400     71.077
      1.414     72.452
      1.429     73.914
      1.443     74.528
      1.457     72.739
      1.471     71.325
      1.486     70.469
      1.500     71.715
      1.514     73.640
      1.529     74.121
      1.543     72.004
      1.557     70.708
      1.571     70.725
      1.586     72.381
      1.600     73.181
      1.614     72.507
      1.629     70.464
      1.643     69.704
      1.657     70.012
      1.671     71.524
      1.686     73.329
      1.700     72.598
      1.714     71.103
      1.729     70.182
      1.743     70.927
      1.757     72.322
      1.771     73.120
      1.786     72.771
      1.800     71.102
      1.814     69.579
      1.829     69.318
      1.843     71.028
      1.857     73.233
      1.871     73.215
      1.886     71.431
      1.900     69.843
      1.914     69.115
      1.929     70.029
      1.943     72.339
      1.957     73.604
      1.971     72.753
      1.986     71.424
      2.000     69.438
      2.014     69.642
      2.029     70.940
      2.043     72.845
      2.057     73.929
      2.071     72.003
      2.086     70.035
      2.100     68.844
      2.114     68.922
      2.129     71.046
      2.143     73.548
      2.157     73.570
      2.171     72.671
      2.186     70.665
      2.200     69.269
      2.214     69.163
      2.229     70.737
      2.243     73.178
      2.257     73.314
      2.271     71.430
      2.286     70.042
      2.300     68.880
      2.314     69.414
      2.329     71.786
      2.343     73.404
      2.357     73.552
      2.371     72.183
      2.386     70.039
      2.400     68.997
      2.414     69.589
      2.429     72.064
      2.443     73.830
      2.457     72.815
      2.471     71.547
      2.486     69.721
      2.500     68.540
      2.514     68.430
      2.529     70.354
      2.543     71.612
      2.557     72.897
      2.571     72.193
      2.586     71.073
      2.600     69.031
      2.614     68.797
      2.629     70.770
      2.643     72.744
      2.657     73.445
      2.671     72.678
      2.686     71.646
      2.700     69.264
      2.714     68.454
      2.729     68.635
      2.743     71.063
      2.757     72.852
      2.771     73.183
      2.786     72.130
      2.800     70.698
      2.814     68.946
      2.829     68.552
      2.843     69.723
      2.857     71.606
      2.871     72.995
      2.886     73.971
      2.900     72.367
      2.914     70.496
      2.929     67.917
      2.943     67.527
      2.957     67.940
      2.971     69.991
      2.986     72.649
      3.000     73.496
      3.014     72.457
      3.029     71.236
      3.043     69.090
      3.057     68.564
      3.071     68.653
      3.086     70.204
      3.100     72.552
      3.114     73.383
      3.129     73.835
      3.143     72.125
      3.157     70.328
      3.171     68.687
      3.186     69.115
      3.200     70.533
      3.214     72.435
      3.229     73.336
      3.243     73.741
      3.257     71.319
      3.271     69.365
      3.286     67.954
      3.300     67.518
      3.314     68.987
      3.329     70.992
      3.343     72.672
      3.357     73.148
      3.371     73.119
      3.386     71.348
      3.400     69.716
      3.414     67.953
      3.429     67.652
      3.443     69.238
      3.457     70.965
      3.471     72.217
      3.486     73.275
      3.500     72.295
      3.514     70.370
      3.529     68.126
      3.543     67.511
      3.557     68.306
      3.571     69.895
      3.586     71.077
      3.600     72.981
      3.614     72.419
      3.629     71.429
      3.643     68.777
      3.657     67.553
      3.671     67.586
      3.686     68.941
      3.700     71.284
      3.714     72.813
      3.729     73.347
      3.743     72.219
      3.757     71.183
      3.771     69.103
      3.786     67.538
      3.800     66.872
      3.814     68.217
      3.829     69.124
      3.843     71.346
      3.857     72.249
      3.871     71.445
      3.886     70.485
      3.900     68.740
      3.914     67.219
      3.929     66.267
      3.943     66.970
      3.957     68.944
      3.971     70.094
      3.986     72.679
      4.000     73.133
      4.014     72.536
      4.029     70.439
      4.043     69.527
      4.057     68.306
      4.071     68.884
      4.086     69.826
      4.100     72.863
      4.114     74.113
      4.129     74.964
      4.143     74.482
      4.157     73.281
      4.171     71.309
      4.186     70.107
      4.200     69.247
      4.214     70.165
      4.229     71.106
      4.243     72.470
      4.257     72.649
      4.271     71.261
      4.286     69.312
      4.300     67.847
      4.314     65.724
      4.329     64.922
      4.343     65.182
      4.357     66.056
      4.371     68.000
      4.386     69.334
      4.400     68.868
      4.414     68.677
      4.429     66.211
      4.443     64.247
      4.457     63.116
      4.471     63.276
      4.486     64.351
      4.500     65.682
      4.514     67.919
      4.529     69.033
      4.543     70.216
      4.557     69.504
      4.571     68.011
      4.586     66.532
      4.600     65.266
      4.614     64.482
      4.629     64.866
      4.643     67.013
      4.657     68.069
      4.671     69.211
      4.686     68.863
      4.700     67.522
      4.714     67.083
      4.729     65.546
      4.743     64.767
      4.757     64.724
      4.771     66.746
      4.786     67.852
      4.800     68.664
      4.814     69.811
      4.829     68.976
      4.843     68.310
      4.857     66.152
      4.871     64.882
      4.886     63.847
      4.900     64.714
      4.914     65.713
      4.929     67.373
      4.943     69.358
      4.957     70.324
      4.971     70.465
      4.986     69.846
      5.000     67.927
      5.014     65.447
      5.029     64.770
      5.043     63.813
      5.057     64.070
      5.071     65.155
      5.086     66.886
      5.100     68.889
      5.114     71.701
      5.129     72.603
      5.143     73.596
      5.157     73.359
      5.171     72.807
      5.186     70.704
      5.200     69.271
      5.214     67.515
      5.229     66.414
      5.243     63.466
      5.257     63.928
      5.271     64.905
      5.286     65.567
      5.300     64.142
      5.314     65.785
      5.329     65.413
      5.343     63.799
      5.357     60.280
      5.371     61.304
      5.386     60.661
      5.400     58.123
      5.414     57.564
      5.429     55.448
      5.443     55.593
      5.457     54.281
      5.471     54.069
      5.486     55.283
      5.500     55.045
      5.514     55.750
      5.529     57.285
      5.543     57.859
      5.557     58.782
      5.571     60.035
      5.586     62.964
      5.600     59.542
      5.614     57.918
      5.629     60.491
      5.643     57.323
      5.657     60.010
      5.671     60.956
      5.686     62.397
      5.700     62.159
      5.714     65.005
      5.729     67.735
      5.743     68.651
      5.757     69.368
      5.771     69.474
      5.786     68.132
      5.800     64.922
      5.814     61.895
      5.829     62.987
      5.843     60.571
      5.857     58.937
      5.871     55.417
      5.886     58.897
      5.900     58.471
      5.914     59.327
      5.929     57.818
      5.943     60.624
      5.957     64.028
      5.971     57.099
      5.986     56.516
      6.000     57.789
      6.014     52.563
      6.029     50.519
      6.043     47.954
      6.057     53.549
      6.071     49.312
      6.086     51.016
      6.100     50.003
      6.114     50.897
      6.129     50.789
      6.143     54.144
      6.157     51.546
      6.171     52.830
      6.186     52.907
      6.200     51.004
      6.214     53.639
      6.229     52.950
      6.243     54.316
      6.257     55.730
      6.271     61.755
      6.286     56.803
      6.300     58.946
      6.314     61.677
      6.329     60.762
      6.343     61.141
      6.357     62.312
      6.371     61.427
      6.386     63.436
      6.400     64.143
      6.414     66.055
      6.429     66.389
      6.443     67.091
      6.457     68.786
      6.471     66.631
      6.486     68.841
      6.500     69.114
      6.514     71.177
      6.529     72.320
      6.543     71.991
      6.557     72.827
      6.571     73.478
      6.586     74.650
      6.600     75.525
      6.614     77.313
      6.629     79.502
      6.643     80.946
      6.657     82.069
      6.671     83.427
      6.686     83.309
      6.700     84.249
      6.714     83.635
      6.729     83.468
      6.743     83.752
      6.757     82.778
      6.771     82.324
      6.786     81.690
      6.800     80.145
      6.814     79.875
      6.829     79.119
      6.843     77.800
      6.857     76.568
      6.871     73.535
      6.886     72.792
      6.900     69.906
      6.914     69.077
      6.929     67.190
      6.943     66.784
      6.957     66.792
      6.971     67.337
      6.986     68.219
      7.000     69.304
      7.014     70.819
      7.029     70.596
      7.043     70.537
      7.057     70.671
      7.071     69.409
      7.086     68.384
      7.100     68.273
      7.114     68.312
      7.129     69.455
      7.143     69.600
      7.157     71.411
      7.171     72.219
      7.186     73.418
      7.200     74.282
      7.214     75.098
      7.229     75.263
      7.243     75.164
      7.257     74.341
      7.271     73.695
      7.286     73.878
      7.300     73.316
      7.314     73.206
      7.329     73.823
      7.343     74.808
      7.357     75.680
      7.371     76.962
      7.386     78.181
      7.400     77.937
      7.414     78.839
      7.429     78.368
      7.443     78.584
      7.457     77.205
      7.471     77.252
      7.486     77.114
      7.500     77.931
      7.514     77.978
      7.529     80.100
      7.543     80.737
      7.557     81.592
      7.571     83.608
      7.586     84.744
      7.600     85.383
      7.614     86.120
      7.629     86.167
      7.643     86.213
      7.657     86.244
      7.671     85.813
      7.686     87.072
      7.700     87.833
      7.714     88.433
      7.729     88.734
      7.743     89.088
      7.757     90.458
      7.771     92.148
      7.786     92.675
      7.800     92.362
      7.814     92.281
      7.829     91.499
      7.843     90.615
      7.857     90.084
      7.871     88.397
      7.886     89.089
      7.900     89.704
      7.914     88.569
      7.929     88.069
      7.943     88.315
      7.957     88.379
      7.971     86.842
      7.986     87.013
      8.000     86.183
      8.014     83.851
      8.029     83.321
      8.043     81.718
      8.057     79.997
      8.071     77.841
      8.086     76.195
      8.100     75.963
      8.114     74.515
      8.129     74.623
      8.143     74.822
      8.157     74.074
      8.171     74.714
      8.186     74.630
      8.200     74.148
      8.214     74.925
      8.229     76.184
      8.243     77.464
      8.257     79.060
      8.271     81.294
      8.286     84.632
      8.300     88.286
      8.314     92.272
      8.329     96.128
      8.343     98.338
      8.357    103.457
      8.371    105.144
      8.386    108.617
      8.400    109.419
      8.414    112.118
      8.429    113.347
      8.443    113.552
      8.457    113.014
      8.471    115.390
      8.486    114.139
      8.500    112.797
      8.514    113.479
      8.529    115.189
      8.543    115.138
      8.557    114.992
      8.571    114.689
      8.586    112.999
      8.600    115.351
      8.614    112.531
      8.629    111.904
      8.643    112.249
      8.657    108.533
      8.671    108.246
      8.686    106.755
      8.700    103.812
      8.714    104.568
      8.729    102.879
      8.743    100.867
      8.757    100.334
      8.771     99.600
      8.786     98.753
      8.800     98.471
      8.814     98.232
      8.829     97.825
      8.843     97.653
      8.857     97.024
      8.871     95.732
      8.886     95.298
      8.900     94.097
      8.914     93.138
      8.929     92.479
      8.943     91.772
      8.957     91.777
      8.971     91.948
      8.986     92.378
      9.000     92.321
      9.014     92.355
      9.029     93.287
      9.043     92.621
      9.057     92.697
      9.071     92.939
      9.086     90.245
      9.100     91.312
      9.114     90.654
      9.129     89.785
      9.143     88.957
      9.157     89.714
      9.171     88.482
      9.186     89.608
      9.200     90.551
      9.214     92.988
      9.229     95.191
      9.243     97.925
      9.257    101.022
      9.271    103.353
      9.286    108.158
      9.300    111.559
      9.314    115.558
      9.329    118.258
      9.343    124.399
      9.357    126.896
      9.371    130.572
      9.386    133.747
      9.400    136.709
      9.414    142.453
      9.429    144.575
      9.443    148.432
      9.457    152.476
      9.471    155.052
      9.486    156.632
      9.500    158.913
      9.514    157.849
      9.529    158.658
      9.543    156.691
      9.557    155.178
      9.571    149.217
      9.586    145.439
      9.600    139.169
      9.614    133.921
      9.629    127.214
      9.643    120.938
      9.657    117.180
      9.671    112.466
      9.686    108.145
      9.700    104.130
      9.714    101.233
      9.729     98.910
      9.743     96.896
      9.757     95.284
      9.771     94.133
      9.786     93.554
      9.800     92.852
      9.814     91.540
      9.829     90.054
      9.843     90.157
      9.857     89.817
      9.871     89.308
      9.886     88.955
      9.900     88.728
      9.914     89.166
      9.929     88.388
      9.943     89.656
      9.957     88.923
      9.971     90.520
      9.986     92.236
     10.000     93.004
     10.014     94.429
     10.029     95.667
     10.043     96.853
     10.057     98.999
     10.071    100.588
     10.086    101.467
     10.100    103.874
     10.114    102.621
     10.129    105.290
     10.143    106.115
     10.157    108.343
     10.171    109.156
     10.186    110.341
     10.200    111.987
     10.214    114.819
     10.229    117.065
     10.243    118.751
     10.257    120.592
     10.271    121.117
     10.286    123.537
     10.300    122.923
     10.314    124.212
     10.329    123.869
     10.343    123.196
     10.357    122.944
     10.371    122.208
     10.386    120.910
     10.400    118.630
     10.414    117.171
     10.429    115.001
     10.443    111.820
     10.457    108.622
     10.471    106.701
     10.486    103.514
     10.500     99.937
     10.514     99.645
     10.529     97.433
     10.543     97.526
     10.557     99.661
     10.571    102.366
     10.586    104.782
     10.600    109.838
     10.614    114.622
     10.629    119.733
     10.643    124.119
     10.657    128.609
     10.671    131.075
     10.686    133.271
     10.700    135.912
     10.714    138.517
     10.729    141.606
     10.743    141.328
     10.757    143.290
     10.771    143.582
     10.786    142.989
     10.800    144.786
     10.814    144.745
     10.829    142.767
     10.843    143.504
     10.857    142.941
     10.871    140.591
     10.886    140.088
     10.900    138.701
     10.914    137.974
     10.929    134.627
     10.943    132.658
     10.957    131.514
     10.971    129.221
     10.986    127.982
     11.000    127.725
     11.014    125.883
     11.029    124.463
     11.043    122.929
     11.057    120.063
     11.071    119.968
     11.086    115.768
     11.100    115.499
     11.114    114.333
     11.129    112.421
     11.143    110.770
     11.157    109.721
     11.171    108.125
     11.186    106.280
     11.200    105.061
     11.214    104.236
     11.229    104.029
     11.243    104.839
     11.257    105.086
     11.271    105.079
     11.286    106.763
     11.300    109.049
     11.314    112.552
     11.329    117.353
     11.343    120.072
     11.357    124.909
     11.371    129.877
     11.386    133.662
     11.400    138.598
     11.414    145.801
     11.429    152.416
     11.443    153.501
