#         t      sigma
      0.000    166.054
      0.014    161.336
      0.029    158.904
      0.043    159.661
      0.057    162.259
      0.071    166.199
      0.086    167.643
      0.100    166.701
      0.114    163.589
      0.129    160.512
      0.143    159.488
      0.157    160.888
      0.171    164.928
      0.186    168.218
      0.200    168.868
      0.214    167.106
      0.229    163.036
      0.243    159.568
      0.257    156.782
      0.271    156.092
      0.286    158.610
      0.300    163.019
      0.314    166.650
      0.329    167.720
      0.343    166.255
      0.357    162.309
      0.371    158.106
      0.386    155.811
      0.400    156.402
      0.414    160.198
      0.429    165.161
      0.443    168.631
      0.457    169.289
      0.471    167.517
      0.486    163.209
      0.500    159.604
      0.514    158.486
      0.529    159.439
      0.543    162.774
      0.557    167.406
      0.571    170.885
      0.586    171.668
      0.600    170.254
      0.614    166.171
      0.629    160.510
      0.643    156.655
      0.657    155.809
      0.671    157.836
      0.686    161.269
      0.700    164.780
      0.714    166.375
      0.729    166.576
      0.743    164.605
      0.757    161.153
      0.771    157.676
      0.786    157.332
      0.800    159.467
      0.814    163.384
      0.829    167.962
      0.843    170.319
      0.857    169.733
      0.871    166.667
      0.886    162.559
      0.900    158.403
      0.914    156.420
      0.929    156.417
      0.943    159.576
      0.957    163.395
      0.971    167.178
      0.986    168.926
      1.000    167.327
      1.014    163.282
      1.029    158.925
      1.043    156.307
      1.057    156.700
      1.071    159.449
      1.086    163.955
      1.100    167.498
      1.114    170.061
      1.129    170.031
      1.143    167.299
      1.157    163.476
      1.171    159.167
      1.186    156.204
      1.200    155.718
      1.214    158.215
      1.229    162.073
      1.243    165.681
      1.257    167.768
      1.271    167.088
      1.286    164.914
      1.300    161.179
      1.314    158.034
      1.329    157.082
      1.343    158.290
      1.357    161.885
      1.371    166.146
      1.386    168.908
      1.400    169.610
      1.414    167.653
      1.429    164.245
      1.443    160.427
      1.457    156.553
      1.471    154.812
      1.486    156.159
      1.500    159.240
      1.514    163.662
      1.529    167.315
      1.543    169.214
      1.557    167.928
      1.571    164.243
      1.586    159.464
      1.600    155.903
      1.614    154.215
      1.629    155.167
      1.643    158.436
      1.657    162.071
      1.671    165.776
      1.686    167.259
      1.700    167.348
      1.714    164.805
      1.729    161.268
      1.743    158.361
      1.757    156.534
      1.771    157.151
      1.786    160.157
      1.800    164.032
      1.814    166.757
      1.829    168.002
      1.843    166.659
      1.857    163.269
      1.871    158.917
      1.886    155.362
      1.900    153.342
      1.914    154.137
      1.929    157.295
      1.943    161.181
      1.957    165.128
      1.971    168.165
      1.986    168.697
      2.000    166.759
      2.014    163.020
      2.029    158.722
      2.043    155.075
      2.057    153.656
      2.071    154.624
      2.086    158.093
      2.100    162.269
      2.114    165.911
      2.129    167.476
      2.143    166.851
      2.157    164.008
      2.171    159.469
      2.186    155.806
      2.200    153.726
      2.214    153.896
      2.229    156.505
      2.243    160.361
      2.257    164.806
      2.271    167.535
      2.286    167.872
      2.300    166.454
      2.314    163.146
      2.329    159.013
      2.343    155.565
      2.357    153.982
      2.371    154.537
      2.386    157.747
      2.400    161.636
      2.414    165.436
      2.429    167.805
      2.443    167.860
      2.457    165.813
      2.471    162.610
      2.486    158.374
      2.500    154.510
      2.514    152.694
      2.529    153.386
      2.543    155.705
      2.557    159.712
      2.571    163.742
      2.586    167.223
      2.600    167.751
      2.614    166.561
      2.629    163.754
      2.643    159.811
      2.657    156.003
      2.671    153.627
      2.686    152.991
      2.700    155.116
      2.714    158.977
      2.729    163.264
      2.743    166.821
      2.757    168.298
      2.771    167.296
      2.786    165.135
      2.800    161.330
      2.814    157.311
      2.829    154.389
      2.843    153.443
      2.857    154.220
      2.871    157.355
      2.886    161.697
      2.900    165.133
      2.914    167.432
      2.929    168.077
      2.943    165.823
      2.957    162.492
      2.971    157.838
      2.986    154.167
      3.000    152.227
      3.014    152.128
      3.029    154.443
      3.043    158.255
      3.057    162.442
      3.071    165.851
      3.086    167.947
      3.100    167.531
      3.114    165.221
      3.129    161.504
      3.143    157.343
      3.157    153.913
      3.171    152.193
      3.186    152.782
      3.200    155.894
      3.214    159.506
      3.229    164.126
      3.243    167.510
      3.257    169.140
      3.271    168.181
      3.286    165.298
      3.300    160.935
      3.314    156.766
      3.329    153.201
      3.343    151.805
      3.357    152.498
      3.371    155.297
      3.386    159.241
      3.400    163.907
      3.414    167.211
      3.429    168.544
      3.443    168.047
      3.457    165.852
      3.471    162.437
      3.486    157.881
      3.500    154.261
      3.514    152.503
      3.529    152.396
      3.543    154.186
      3.557    158.261
      3.571    162.330
      3.586    166.123
      3.600    168.728
      3.614    169.656
      3.629    168.142
      3.643    164.891
      3.657    161.030
      3.671    157.122
      3.686    154.571
      3.700    153.269
      3.714    154.487
      3.729    157.154
      3.743    161.409
      3.757    165.476
      3.771    168.944
      3.786    171.008
      3.800    171.258
      3.814    169.602
      3.829    166.526
      3.843    163.221
      3.857    159.811
      3.871    157.979
      3.886    157.937
      3.900    160.044
      3.914    164.238
      3.929    169.408
      3.943    174.670
      3.957    179.479
      3.971    183.556
      3.986    186.119
      4.000    187.524
      4.014    185.841
      4.029    183.292
      4.043    179.877
      4.057    176.640
      4.071    174.183
      4.086    172.860
      4.100    172.854
      4.114    174.112
      4.129    175.920
      4.143    177.418
      4.157    177.452
      4.171    175.604
      4.186    171.835
      4.200    167.209
      4.214    161.314
      4.229    155.825
      4.243    151.705
      4.257    149.134
      4.271    149.568
      4.286    151.852
      4.300    155.653
      4.314    159.764
      4.329    163.217
      4.343    165.648
      4.357    166.518
      4.371    165.494
      4.386    162.785
      4.400    159.133
      4.414    154.937
      4.429    151.451
      4.443    148.427
      4.457    147.439
      4.471    148.858
      4.486    151.558
      4.500    155.299
      4.514    159.539
      4.529    163.438
      4.543    166.054
      4.557    167.100
      4.571    166.529
      4.586    163.965
      4.600    159.643
      4.614    155.258
      4.629    150.364
      4.643    147.226
      4.657    146.115
      4.671    146.442
      4.686    148.401
      4.700    151.620
      4.714    155.499
      4.729    159.469
      4.743    162.241
      4.757    163.777
      4.771    163.859
      4.786    163.404
      4.800    160.850
      4.814    157.658
      4.829    154.461
      4.843    150.975
      4.857    148.759
      4.871    147.930
      4.886    149.197
      4.900    151.888
      4.914    155.592
      4.929    159.125
      4.943    161.718
      4.957    163.150
      4.971    163.141
      4.986    161.870
      5.000    158.825
      5.014    155.513
      5.029    151.599
      5.043    148.255
      5.057    146.675
      5.071    145.975
      5.086    146.861
      5.100    149.732
      5.114    153.537
      5.129    157.473
      5.143    161.735
      5.157    165.045
      5.171    166.973
      5.186    167.086
      5.200    164.716
      5.214    161.449
      5.229    156.692
      5.243    151.261
      5.257    146.057
      5.271    143.031
      5.286    141.450
      5.300    142.400
      5.314    145.300
      5.329    149.024
      5.343    153.725
      5.357    157.748
      5.371    161.382
      5.386    164.224
      5.400    165.674
      5.414    164.896
      5.429    163.304
      5.443    160.607
      5.457    156.949
      5.471    153.124
      5.486    149.733
      5.500    147.435
      5.514    146.894
      5.529    148.258
      5.543    150.317
      5.557    153.563
      5.571    157.333
      5.586    160.571
      5.600    162.745
      5.614    163.272
      5.629    162.250
      5.643    160.061
      5.657    157.268
      5.671    154.154
      5.686    151.358
      5.700    149.482
      5.714    149.180
      5.729    150.399
      5.743    153.733
      5.757    158.218
      5.771    163.381
      5.786    167.897
      5.800    172.024
      5.814    175.109
      5.829    178.588
      5.843    184.976
      5.857    201.027
      5.871    201.814
      5.886    195.973
      5.900    188.840
      5.914    182.609
      5.929    176.975
      5.943    173.168
      5.957    169.744
      5.971    168.111
      5.986    165.802
      6.000    164.104
      6.014    161.852
      6.029    159.227
      6.043    155.548
      6.057    152.018
      6.071    148.192
      6.086    144.391
      6.100    141.401
      6.114    139.393
      6.129    139.077
      6.143    139.779
      6.157    142.199
      6.171    145.461
      6.186    149.435
      6.200    154.219
      6.214    160.084
      6.229    173.638
      6.243    200.465
      6.257    169.089
      6.271    153.324
      6.286    147.570
      6.300    146.129
      6.314    159.464
      6.329    155.241
      6.343    151.568
      6.357    150.323
      6.371    150.548
      6.386    150.512
      6.400    149.557
      6.414    148.488
      6.429    150.241
      6.443    152.090
      6.457    153.066
      6.471    152.645
      6.486    151.555
      6.500    150.909
      6.514    151.275
      6.529    150.908
      6.543    151.009
      6.557    150.609
      6.571    151.488
      6.586    151.497
      6.600    152.541
      6.614    152.430
      6.629    152.370
      6.643    153.041
      6.657    152.556
      6.671    153.405
      6.686    153.269
      6.700    153.786
      6.714    154.568
      6.729    154.866
      6.743    157.880
      6.757    156.643
      6.771    157.543
      6.786    157.340
      6.800    157.559
      6.814    157.273
      6.829    156.866
      6.843    157.531
      6.857    157.296
      6.871    157.173
      6.886    157.131
      6.900    157.203
      6.914    157.588
      6.929    157.815
      6.943    156.667
      6.957    157.346
      6.971    156.691
      6.986    156.978
      7.000    156.810
      7.014    157.303
      7.029    156.889
      7.043    157.416
      7.057    157.596
      7.071    157.682
      7.086    156.511
      7.100    156.513
      7.114    157.106
      7.129    158.544
      7.143    159.489
      7.157    158.577
      7.171    157.447
      7.186    157.663
      7.200    157.117
      7.214    156.141
      7.229    155.304
      7.243    155.538
      7.257    156.147
      7.271    156.168
      7.286    155.135
      7.300    154.377
      7.314    154.529
      7.329    155.057
      7.343    154.498
      7.357    153.195
      7.371    153.424
      7.386    154.124
      7.400    155.353
      7.414    155.365
      7.429    153.652
      7.443    153.645
      7.457    154.379
      7.471    154.705
      7.486    154.601
      7.500    153.667
      7.514    154.370
      7.529    154.813
      7.543    154.626
      7.557    153.284
      7.571    152.915
      7.586    152.404
      7.600    153.003
      7.614    152.778
      7.629    152.369
      7.643    152.286
      7.657    152.714
      7.671    152.812
      7.686    152.455
      7.700    151.997
      7.714    151.899
      7.729    152.547
      7.743    152.109
      7.757    151.274
      7.771    150.214
      7.786    150.592
      7.800    150.155
      7.814    150.435
      7.829    150.393
      7.843    150.693
      7.857    151.060
      7.871    151.147
      7.886    151.117
      7.900    150.756
      7.914    150.621
      7.929    150.773
      7.943    151.008
      7.957    150.863
      7.971    150.777
      7.986    151.682
      8.000    152.284
      8.014    151.586
      8.029    150.527
      8.043    150.291
      8.057    150.685
      8.071    150.565
      8.086    151.173
      8.100    151.281
      8.114    150.981
      8.129    151.617
      8.143    151.796
      8.157    151.618
      8.171    151.205
      8.186    151.153
      8.200    152.075
      8.214    152.523
      8.229    152.349
      8.243    152.100
      8.257    152.195
      8.271    152.845
      8.286    152.465
      8.300    152.407
      8.314    152.421
      8.329    152.221
      8.343    152.485
      8.357    153.056
      8.371    153.273
      8.386    153.076
      8.400    153.297
      8.414    154.121
      8.429    154.353
      8.443    155.085
      8.457    155.411
      8.471    156.914
      8.486    157.549
      8.500    158.168
      8.514    158.766
      8.529    158.898
      8.543    159.175
      8.557    159.222
      8.571    159.263
      8.586    159.083
      8.600    159.296
      8.614    159.649
      8.629    159.555
      8.643    159.503
      8.657    159.525
      8.671    159.990
      8.686    159.996
      8.700    160.210
      8.714    159.540
      8.729    159.140
      8.743    158.968
      8.757    158.404
      8.771    158.328
      8.786    158.609
      8.800    158.765
      8.814    158.702
      8.829    158.869
      8.843    158.852
      8.857    158.682
      8.871    158.159
      8.886    158.174
      8.900    158.331
      8.914    157.963
      8.929    157.920
      8.943    157.887
      8.957    158.117
      8.971    157.759
      8.986    157.866
      9.000    157.192
      9.014    156.720
      9.029    157.144
      9.043    156.803
      9.057    156.371
      9.071    156.814
      9.086    156.673
      9.100    157.175
      9.114    157.099
      9.129    157.089
      9.143    156.661
      9.157    156.684
      9.171    156.310
      9.186    157.054
      9.200    157.025
      9.214    157.166
      9.229    157.964
      9.243    158.073
      9.257    157.827
      9.271    158.008
      9.286    157.920
      9.300    157.931
      9.314    157.361
      9.329    157.233
      9.343    156.890
      9.357    156.845
      9.371    155.867
      9.386    155.594
      9.400    154.817
      9.414    154.445
      9.429    153.804
      9.443    153.357
      9.457    153.279
      9.471    152.908
      9.486    153.185
      9.500    153.221
      9.514    153.477
      9.529    153.821
      9.543    153.886
      9.557    154.316
      9.571    154.565
      9.586    154.816
      9.600    155.059
      9.614    155.020
      9.629    155.421
      9.643    155.875
      9.657    156.073
      9.671    156.176
      9.686    156.297
      9.700    156.170
      9.714    156.760
      9.729    156.870
      9.743    157.186
      9.757    157.428
      9.771    157.976
      9.786    158.103
      9.800    158.584
      9.814    158.761
      9.829    159.112
      9.843    159.895
      9.857    159.855
      9.871    159.732
      9.886    159.665
      9.900    159.430
      9.914    159.315
      9.929    159.027
      9.943    158.239
      9.957    157.781
      9.971    156.896
      9.986    156.411
     10.000    155.912
     10.014    155.647
     10.029    155.263
     10.043    154.929
     10.057    155.558
     10.071    155.342
     10.086    155.178
     10.100    155.363
     10.114    155.116
     10.129    155.013
     10.143    155.006
     10.157    155.415
     10.171    155.225
     10.186    154.945
     10.200    154.741
     10.214    154.776
     10.229    154.721
     10.243    154.365
     10.257    153.932
     10.271    153.829
     10.286    154.052
     10.300    153.858
     10.314    154.198
     10.329    154.385
     10.343    153.929
     10.357    153.958
     10.371    153.798
     10.386    153.888
     10.400    153.590
     10.414    152.948
     10.429    153.133
     10.443    152.987
     10.457    152.772
     10.471    152.700
     10.486    152.097
     10.500    151.883
     10.514    151.880
     10.529    151.591
     10.543    151.943
     10.557    151.876
     10.571    151.804
     10.586    151.994
     10.600    151.974
     10.614    152.413
     10.629    152.905
     10.643    153.013
     10.657    153.629
     10.671    154.067
     10.686    154.126
     10.700    154.082
     10.714    154.509
     10.729    154.830
     10.743    154.868
     10.757    154.566
     10.771    154.183
     10.786    153.817
     10.800    153.670
     10.814    153.062
     10.829    152.897
     10.843    152.680
     10.857    152.564
     10.871    152.205
     10.886    151.812
     10.900    152.050
     10.914    151.665
     10.929    151.459
     10.943    151.453
     10.957    151.216
     10.971    151.423
     10.986    151.542
     11.000    151.754
     11.014    152.004
     11.029    152.052
     11.043    152.105
     11.057    152.997
     11.071    153.017
     11.086    153.705
     11.100    154.105
     11.114    154.422
     11.129    154.155
     11.143    154.604
     11.157    154.606
     11.171    154.498
     11.186    154.767
     11.200    154.733
     11.214    154.131
     11.229    154.376
     11.243    154.246
     11.257    154.344
     11.271    153.868
     11.286    153.636
     11.300    153.397
     11.314    152.665
     11.329    152.080
     11.343    152.091
     11.357    151.936
     11.371    151.700
     11.386    151.304
     11.400    150.720
     11.414    150.576
     11.429    150.641
     11.443    150.836
