#         t         Lx         Ly         Lz
      0.000     -0.007     -0.004     -0.105
      0.014     -0.002     -0.010      0.104
      0.029      0.034     -0.006      0.010
      0.043      0.012      0.077     -0.020
      0.057     -0.058     -0.021      0.045
      0.071      0.084     -0.158     -0.073
      0.086     -0.035      0.024      0.012
      0.100     -0.036      0.049     -0.030
      0.114      0.015     -0.010     -0.133
      0.129     -0.062      0.016      0.087
      0.143     -0.020     -0.047     -0.068
      0.157      0.007      0.021     -0.023
      0.171      0.030     -0.063     -0.037
      0.186     -0.088     -0.009      0.062
      0.200      0.082     -0.108      0.028
      0.214     -0.020     -0.052      0.098
      0.229     -0.003     -0.095      0.040
      0.243     -0.049      0.095      0.080
      0.257     -0.006     -0.112      0.018
      0.271     -0.014     -0.188      0.105
      0.286     -0.090     -0.057     -0.076
      0.300     -0.040     -0.039     -0.004
      0.314     -0.045      0.009     -0.078
      0.329     -0.107     -0.105      0.030
      0.343     -0.057     -0.101      0.085
      0.357     -0.037     -0.014     -0.075
      0.371      0.024     -0.053      0.064
      0.386     -0.024     -0.118     -0.101
      0.400     -0.026      0.003     -0.041
      0.414      0.008      0.025      0.112
      0.429      0.056      0.043     -0.090
      0.443     -0.001      0.075     -0.060
      0.457      0.095     -0.021     -0.044
      0.471     -0.035      0.094      0.010
      0.486      0.094      0.004      0.016
      0.500     -0.027      0.145     -0.027
      0.514     -0.022      0.045      0.155
      0.529      0.041     -0.014     -0.078
      0.543     -0.010     -0.001      0.053
      0.557     -0.050     -0.066      0.070
      0.571      0.011     -0.037     -0.044
      0.586     -0.066      0.004      0.011
      0.600      0.064     -0.064      0.083
      0.614      0.104      0.011     -0.088
      0.629     -0.050      0.028      0.018
      0.643     -0.112      0.070      0.091
      0.657     -0.050      0.096      0.096
      0.671      0.011      0.047     -0.004
      0.686     -0.069     -0.032      0.056
      0.700      0.029     -0.037     -0.146
      0.714      0.061      0.039      0.070
      0.729      0.019     -0.098     -0.003
      0.743      0.056      0.054     -0.051
      0.757      0.009      0.020     -0.049
      0.771     -0.015     -0.014     -0.027
      0.786     -0.041     -0.098      0.029
      0.800     -0.004     -0.054     -0.007
      0.814      0.159      0.100      0.040
      0.829      0.007     -0.075     -0.019
      0.843      0.065     -0.017     -0.085
      0.857     -0.013     -0.042     -0.074
      0.871     -0.011      0.030     -0.009
      0.886     -0.079      0.124     -0.051
      0.900      0.048     -0.058     -0.098
      0.914      0.003     -0.023      0.058
      0.929      0.049     -0.104     -0.031
      0.943     -0.086      0.131      0.058
      0.957     -0.024     -0.002      0.053
      0.971      0.030      0.012     -0.090
      0.986     -0.083     -0.012     -0.078
      1.000      0.112     -0.013      0.040
      1.014     -0.024      0.026      0.049
      1.029      0.141     -0.106      0.001
      1.043      0.001     -0.004      0.120
      1.057     -0.006      0.142      0.039
      1.071      0.030     -0.023     -0.084
      1.086     -0.074     -0.025     -0.050
      1.100      0.019      0.096     -0.032
      1.114      0.041      0.075     -0.041
      1.129      0.077      0.113     -0.022
      1.143     -0.052     -0.031      0.133
      1.157      0.026      0.045      0.072
      1.171     -0.078      0.056      0.065
      1.186     -0.001      0.071      0.064
      1.200      0.009      0.038      0.044
      1.214      0.175      0.090      0.007
      1.229      0.027      0.112     -0.008
      1.243     -0.091     -0.006     -0.038
      1.257     -0.016      0.078      0.055
      1.271     -0.015     -0.089      0.069
      1.286     -0.022     -0.022     -0.160
      1.300     -0.022     -0.063     -0.055
      1.314     -0.043      0.091     -0.154
      1.329     -0.013      0.020     -0.110
      1.343     -0.051      0.100      0.040
      1.357     -0.051      0.128     -0.024
      1.371      0.105      0.116      0.041
      1.386     -0.016      0.080     -0.099
      1.400     -0.018     -0.126     -0.081
      1.414      0.023     -0.069      0.099
      1.429     -0.012     -0.034     -0.091
      1.443      0.067     -0.111      0.105
      1.457      0.014     -0.057     -0.117
      1.471     -0.094      0.021      0.049
      1.486      0.044      0.037      0.016
      1.500     -0.023     -0.011      0.053
      1.514      0.056     -0.000      0.028
      1.529      0.062     -0.049     -0.038
      1.543     -0.006      0.003     -0.060
      1.557     -0.043      0.086     -0.043
      1.571      0.025      0.092     -0.054
      1.586      0.076     -0.010      0.021
      1.600     -0.068      0.066     -0.014
      1.614      0.096     -0.003     -0.028
      1.629      0.010      0.033      0.029
      1.643      0.068     -0.025      0.084
      1.657      0.002      0.037     -0.112
      1.671     -0.001     -0.020      0.055
      1.686     -0.065      0.152     -0.059
      1.700     -0.026      0.084     -0.032
      1.714     -0.103      0.048      0.004
      1.729      0.066      0.033     -0.073
      1.743      0.004     -0.002     -0.117
      1.757     -0.058      0.001      0.028
      1.771     -0.046      0.064     -0.021
      1.786     -0.094     -0.070     -0.029
      1.800     -0.032      0.032     -0.026
      1.814     -0.042     -0.022      0.105
      1.829     -0.008     -0.073      0.026
      1.843      0.044     -0.003     -0.053
      1.857     -0.016     -0.059      0.033
      1.871     -0.060      0.038     -0.019
      1.886      0.025     -0.049     -0.024
      1.900      0.078      0.180      0.017
      1.914      0.056     -0.060      0.004
      1.929      0.017      0.091     -0.073
      1.943     -0.052     -0.022      0.069
      1.957      0.025     -0.008      0.037
      1.971      0.049      0.054      0.010
      1.986      0.027      0.034      0.002
      2.000     -0.016      0.090      0.058
      2.014      0.089      0.030     -0.003
      2.029     -0.017     -0.099      0.021
      2.043     -0.005      0.041      0.102
      2.057      0.047     -0.006      0.015
      2.071      0.012      0.056     -0.076
      2.086     -0.058      0.053     -0.164
      2.100     -0.153     -0.063      0.090
      2.114     -0.002     -0.071      0.007
      2.129     -0.142      0.001     -0.017
      2.143      0.064     -0.038      0.121
      2.157      0.000      0.024     -0.003
      2.171     -0.039      0.026      0.151
      2.186     -0.006      0.013     -0.027
      2.200     -0.018     -0.002     -0.077
      2.214     -0.084     -0.084      0.001
      2.229      0.079      0.048      0.159
      2.243      0.013     -0.082      0.029
      2.257      0.023     -0.006     -0.036
      2.271      0.048      0.084     -0.149
      2.286     -0.078      0.020      0.057
      2.300     -0.007     -0.034      0.012
      2.314     -0.030      0.161      0.006
      2.329     -0.095     -0.050     -0.007
      2.343      0.069     -0.046      0.003
      2.357     -0.048     -0.045     -0.050
      2.371     -0.079     -0.017      0.046
      2.386     -0.103      0.138     -0.027
      2.400     -0.114     -0.076      0.075
      2.414     -0.079     -0.026     -0.038
      2.429      0.065      0.039     -0.047
      2.443     -0.073     -0.047     -0.090
      2.457     -0.100     -0.101      0.019
      2.471     -0.008     -0.014     -0.009
      2.486     -0.037     -0.047      0.034
      2.500     -0.004     -0.046      0.022
      2.514     -0.022      0.050     -0.009
      2.529     -0.035      0.095     -0.051
      2.543     -0.113      0.087      0.131
      2.557     -0.055      0.140     -0.055
      2.571      0.046     -0.037      0.042
      2.586     -0.026     -0.082      0.001
      2.600     -0.003      0.128     -0.012
      2.614      0.211     -0.082     -0.121
      2.629      0.055      0.003     -0.058
      2.643      0.072      0.075     -0.021
      2.657      0.021     -0.082      0.011
      2.671      0.044      0.031     -0.028
      2.686      0.020      0.118     -0.057
      2.700      0.002     -0.024     -0.057
      2.714      0.056     -0.083      0.129
      2.729     -0.046     -0.079      0.047
      2.743     -0.065     -0.010     -0.011
      2.757      0.005      0.087     -0.018
      2.771      0.083      0.093     -0.078
      2.786      0.033      0.022      0.027
      2.800     -0.040      0.024      0.041
      2.814     -0.038      0.030      0.052
      2.829     -0.092     -0.060     -0.081
      2.843     -0.078      0.001     -0.081
      2.857      0.062     -0.055     -0.055
      2.871      0.021     -0.041      0.023
      2.886     -0.052     -0.067     -0.046
      2.900      0.044     -0.122     -0.063
      2.914     -0.043      0.022     -0.067
      2.929     -0.061      0.083     -0.068
      2.943     -0.011     -0.078      0.048
      2.957     -0.115     -0.058     -0.039
      2.971      0.061      0.025      0.066
      2.986      0.011     -0.036     -0.026
      3.000      0.086     -0.088      0.010
      3.014      0.042      0.061     -0.058
      3.029     -0.066      0.057     -0.175
      3.043     -0.049     -0.096     -0.096
      3.057     -0.148      0.081      0.025
      3.071     -0.060      0.066      0.051
      3.086     -0.080      0.037      0.022
      3.100      0.027      0.046     -0.010
      3.114      0.061      0.007      0.095
      3.129     -0.022     -0.237      0.013
      3.143     -0.028      0.061      0.161
      3.157      0.021     -0.055      0.018
      3.171     -0.098     -0.027     -0.039
      3.186     -0.029     -0.077      0.078
      3.200      0.038      0.057     -0.096
      3.214      0.093     -0.119     -0.028
      3.229     -0.009     -0.128     -0.010
      3.243     -0.057      0.028     -0.087
      3.257      0.049     -0.059      0.016
      3.271     -0.018      0.058     -0.011
      3.286      0.039     -0.039      0.016
      3.300      0.058     -0.118     -0.049
      3.314     -0.067     -0.058     -0.121
      3.329     -0.022      0.027     -0.034
      3.343      0.013     -0.035      0.041
      3.357     -0.048     -0.013     -0.130
      3.371      0.036     -0.059      0.023
      3.386      0.014      0.021     -0.056
      3.400      0.071     -0.117      0.004
      3.414     -0.082      0.043      0.001
      3.429      0.070      0.001      0.007
      3.443     -0.008      0.010     -0.055
      3.457      0.038      0.106      0.010
      3.471      0.050     -0.082     -0.088
      3.486     -0.063     -0.052      0.049
      3.500     -0.043     -0.090      0.034
      3.514      0.049      0.008     -0.002
      3.529      0.062      0.065     -0.101
      3.543     -0.103     -0.044     -0.027
      3.557      0.012      0.112      0.065
      3.571     -0.010      0.021      0.023
      3.586     -0.003      0.084      0.050
      3.600      0.054      0.036     -0.003
      3.614     -0.026      0.104      0.019
      3.629     -0.038      0.024      0.082
      3.643      0.105     -0.068      0.081
      3.657     -0.017      0.017      0.032
      3.671     -0.011     -0.013     -0.079
      3.686      0.034     -0.026     -0.032
      3.700      0.022      0.032      0.010
      3.714     -0.095      0.010      0.036
      3.729     -0.094     -0.003      0.066
      3.743      0.037     -0.043      0.004
      3.757     -0.022     -0.027     -0.050
      3.771      0.005      0.036      0.071
      3.786     -0.013      0.036      0.090
      3.800     -0.049      0.061     -0.030
      3.814      0.068     -0.075      0.072
      3.829      0.025     -0.083     -0.059
      3.843     -0.001      0.036      0.045
      3.857      0.003      0.014     -0.045
      3.871     -0.046      0.031      0.028
      3.886     -0.067      0.011      0.019
      3.900     -0.061     -0.126      0.002
      3.914      0.083      0.019     -0.120
      3.929     -0.046      0.102     -0.073
      3.943     -0.029      0.020     -0.095
      3.957      0.068     -0.082     -0.071
      3.971      0.037      0.025     -0.099
      3.986     -0.004      0.060      0.031
      4.000      0.057      0.102     -0.091
      4.014      0.060      0.035     -0.124
      4.029      0.074     -0.016      0.041
      4.043      0.022     -0.030      0.055
      4.057      0.118      0.060      0.060
      4.071     -0.041      0.105      0.045
      4.086      0.097     -0.099      0.055
      4.100      0.049     -0.006     -0.107
      4.114      0.094     -0.060      0.033
      4.129      0.034      0.001     -0.068
      4.143     -0.028     -0.043      0.036
      4.157     -0.109      0.083     -0.139
      4.171     -0.178     -0.021     -0.017
      4.186      0.023      0.074     -0.025
      4.200      0.004      0.075      0.034
      4.214     -0.037      0.033      0.017
      4.229     -0.027     -0.132      0.097
      4.243      0.015      0.159     -0.064
      4.257     -0.038      0.008      0.169
      4.271      0.033     -0.041      0.023
      4.286      0.167     -0.013      0.039
      4.300      0.101      0.004      0.072
      4.314      0.001     -0.017      0.127
      4.329      0.021     -0.041      0.030
      4.343     -0.156      0.058     -0.094
      4.357     -0.003      0.025      0.035
      4.371     -0.099      0.087      0.079
      4.386     -0.067      0.018     -0.001
      4.400      0.075     -0.033      0.067
      4.414      0.033     -0.031      0.063
      4.429      0.015     -0.081      0.013
      4.443     -0.064     -0.047      0.004
      4.457      0.040      0.020     -0.021
      4.471     -0.080      0.002     -0.002
      4.486     -0.006     -0.070      0.068
      4.500      0.048      0.077     -0.061
      4.514     -0.014     -0.178      0.018
      4.529      0.052      0.015     -0.073
      4.543     -0.062      0.057      0.022
      4.557      0.088      0.008     -0.029
      4.571      0.038     -0.014     -0.040
      4.586     -0.059     -0.074      0.207
      4.600     -0.032     -0.073      0.138
      4.614      0.028      0.013     -0.133
      4.629      0.103     -0.022     -0.071
      4.643      0.029      0.017     -0.088
      4.657      0.026     -0.035      0.169
      4.671     -0.115      0.000     -0.038
      4.686      0.105     -0.074     -0.136
      4.700     -0.156      0.087     -0.099
      4.714      0.181     -0.128      0.022
      4.729      0.056      0.133     -0.053
      4.743      0.110     -0.133      0.101
      4.757     -0.056     -0.090      0.051
      4.771     -0.068      0.019     -0.011
      4.786     -0.140     -0.035      0.182
      4.800     -0.062     -0.037     -0.001
      4.814      0.048      0.009      0.091
      4.829      0.023      0.086     -0.021
      4.843     -0.038      0.067     -0.031
      4.857      0.021     -0.097     -0.007
      4.871     -0.022     -0.051     -0.024
      4.886     -0.047     -0.056      0.061
      4.900     -0.009     -0.080     -0.057
      4.914      0.114      0.023     -0.099
      4.929     -0.016     -0.047     -0.049
      4.943      0.053      0.110      0.014
      4.957      0.011      0.064     -0.054
      4.971     -0.040     -0.002     -0.033
      4.986      0.026      0.020      0.005
      5.000     -0.016      0.030      0.107
      5.014      0.022      0.061     -0.009
      5.029     -0.037      0.018     -0.044
      5.043     -0.066      0.073     -0.092
      5.057     -0.035     -0.016      0.112
      5.071     -0.040      0.033     -0.100
      5.086      0.101      0.012     -0.030
      5.100     -0.007     -0.032     -0.018
      5.114      0.004      0.073     -0.093
      5.129      0.103     -0.032     -0.042
      5.143      0.063      0.011      0.059
      5.157     -0.037     -0.086      0.009
      5.171     -0.100     -0.072      0.033
      5.186      0.009      0.010     -0.023
      5.200     -0.032     -0.007      0.051
      5.214     -0.002     -0.036      0.064
      5.229      0.046     -0.066      0.059
      5.243     -0.025      0.027     -0.061
      5.257     -0.008     -0.011     -0.014
      5.271      0.110      0.027     -0.006
      5.286     -0.027     -0.022     -0.019
      5.300      0.029      0.008     -0.067
      5.314     -0.151     -0.082      0.090
      5.329     -0.029      0.091      0.028
      5.343     -0.013      0.046      0.016
      5.357      0.041     -0.033     -0.135
      5.371     -0.085     -0.094     -0.020
      5.386     -0.014     -0.091     -0.028
      5.400      0.008      0.085     -0.000
      5.414      0.017      0.036     -0.056
      5.429     -0.107     -0.041     -0.041
      5.443     -0.092     -0.098      0.120
      5.457     -0.066     -0.038     -0.083
      5.471      0.072      0.083     -0.059
      5.486     -0.063     -0.006     -0.259
      5.500     -0.106      0.002     -0.147
      5.514      0.087      0.038     -0.044
      5.529      0.071     -0.033     -0.015
      5.543      0.019      0.041      0.031
      5.557      0.028     -0.011      0.033
      5.571      0.018     -0.071      0.032
      5.586     -0.046      0.103      0.094
      5.600      0.002      0.031      0.061
      5.614      0.101     -0.068      0.022
      5.629      0.049      0.020     -0.069
      5.643     -0.040      0.058      0.024
      5.657      0.035     -0.056     -0.061
      5.671      0.026      0.036     -0.097
      5.686     -0.021     -0.032     -0.001
      5.700      0.019      0.069      0.002
      5.714      0.009     -0.002      0.124
      5.729      0.062     -0.060     -0.048
      5.743      0.026      0.063      0.057
      5.757     -0.076     -0.014     -0.115
      5.771     -0.029     -0.047      0.053
      5.786      0.004     -0.056      0.002
      5.800      0.016      0.061     -0.087
      5.814      0.032      0.054      0.004
      5.829     -0.113     -0.015     -0.101
      5.843     -0.010      0.018     -0.107
      5.857     -0.076     -0.049     -0.032
      5.871     -0.023      0.043      0.107
      5.886     -0.018      0.004     -0.153
      5.900      0.004     -0.015     -0.066
      5.914     -0.003     -0.062     -0.066
      5.929      0.067      0.012     -0.129
      5.943      0.028     -0.040      0.031
      5.957     -0.024     -0.039     -0.034
      5.971     -0.056      0.027      0.121
      5.986      0.080      0.004     -0.146
      6.000      0.002     -0.005     -0.077
      6.014      0.068      0.118     -0.027
      6.029      0.020      0.034     -0.062
      6.043     -0.028      0.058      0.010
      6.057      0.116     -0.143     -0.068
      6.071      0.063      0.021     -0.082
      6.086      0.117      0.001     -0.020
      6.100      0.002     -0.048      0.036
      6.114     -0.044      0.057     -0.054
      6.129     -0.026      0.116     -0.073
      6.143      0.082     -0.023      0.004
      6.157     -0.132     -0.073      0.061
      6.171     -0.120      0.150      0.031
      6.186      0.019     -0.099      0.027
      6.200     -0.124      0.076      0.012
      6.214      0.088     -0.069     -0.036
      6.229     -0.070      0.146      0.033
      6.243     -0.060     -0.043      0.013
      6.257     -0.053      0.024      0.022
      6.271      0.099      0.075      0.050
      6.286      0.086     -0.028      0.068
      6.300      0.073      0.086     -0.056
      6.314     -0.085     -0.128     -0.015
      6.329     -0.137     -0.014      0.009
      6.343      0.042     -0.027      0.018
      6.357     -0.125     -0.011      0.056
      6.371      0.038     -0.055      0.064
      6.386     -0.010     -0.165      0.021
      6.400      0.083     -0.074      0.010
      6.414      0.017     -0.057      0.077
      6.429     -0.093     -0.060     -0.162
      6.443     -0.020      0.049     -0.165
      6.457      0.096      0.074      0.066
      6.471     -0.043      0.088     -0.048
      6.486     -0.072     -0.044     -0.011
      6.500      0.039      0.080      0.004
      6.514     -0.003     -0.068     -0.143
      6.529      0.052      0.060      0.112
      6.543      0.111     -0.041      0.052
      6.557      0.056     -0.023     -0.099
      6.571      0.007      0.024     -0.006
      6.586      0.079     -0.082     -0.028
      6.600     -0.060     -0.048      0.024
      6.614      0.143      0.016      0.034
      6.629      0.027     -0.055     -0.038
      6.643     -0.004     -0.004     -0.010
      6.657     -0.009     -0.068      0.057
      6.671     -0.040     -0.039     -0.123
      6.686      0.059     -0.082      0.107
      6.700     -0.021     -0.079     -0.025
      6.714      0.065     -0.184      0.036
      6.729     -0.036     -0.020     -0.026
      6.743     -0.102      0.102     -0.026
      6.757     -0.062     -0.011      0.093
      6.771      0.138      0.139     -0.123
      6.786      0.004      0.058     -0.031
      6.800     -0.092      0.059     -0.029
      6.814      0.043     -0.004      0.000
      6.829     -0.061      0.028     -0.019
      6.843      0.019      0.104      0.099
      6.857     -0.035     -0.072      0.102
      6.871      0.070     -0.075      0.088
      6.886     -0.055      0.020     -0.056
      6.900     -0.017      0.024     -0.028
      6.914      0.040      0.057      0.021
      6.929     -0.003     -0.044      0.030
      6.943     -0.023      0.032      0.065
      6.957     -0.027     -0.021      0.035
      6.971      0.019      0.024      0.040
      6.986      0.059      0.034     -0.065
      7.000      0.079      0.054      0.028
      7.014      0.042     -0.061      0.032
      7.029      0.026     -0.030     -0.028
      7.043     -0.117     -0.026      0.097
      7.057      0.066     -0.038      0.062
      7.071     -0.107      0.005     -0.062
      7.086      0.005     -0.051     -0.050
      7.100      0.043      0.047      0.034
      7.114      0.039      0.004     -0.025
      7.129      0.019     -0.050     -0.015
      7.143      0.015     -0.101     -0.145
      7.157     -0.001     -0.012      0.043
      7.171     -0.091     -0.005     -0.014
      7.186      0.211      0.086     -0.003
      7.200     -0.030     -0.057      0.014
      7.214     -0.035      0.035      0.109
      7.229     -0.058     -0.134      0.091
      7.243     -0.220     -0.089     -0.150
      7.257      0.122     -0.035     -0.115
      7.271     -0.083      0.039     -0.014
      7.286      0.013      0.116      0.030
      7.300      0.013      0.002     -0.041
      7.314     -0.168     -0.005      0.111
      7.329      0.068     -0.046     -0.021
      7.343      0.066     -0.067      0.020
      7.357      0.101     -0.037      0.016
      7.371      0.056      0.030     -0.102
      7.386     -0.056      0.019      0.086
      7.400     -0.009      0.092     -0.024
      7.414      0.057      0.017      0.053
      7.429      0.015      0.070     -0.029
      7.443     -0.072     -0.035      0.047
      7.457     -0.102     -0.022      0.063
      7.471      0.007      0.092      0.057
      7.486      0.000      0.117      0.057
      7.500     -0.097      0.088     -0.035
      7.514      0.088      0.120      0.010
      7.529     -0.029      0.005      0.069
      7.543     -0.026     -0.015     -0.091
      7.557     -0.004     -0.000     -0.008
      7.571      0.052      0.030     -0.141
      7.586     -0.015     -0.041      0.022
      7.600      0.043     -0.094      0.077
      7.614      0.005     -0.179      0.105
      7.629      0.002     -0.016     -0.052
      7.643     -0.073      0.032      0.099
      7.657      0.034     -0.098     -0.037
      7.671      0.104      0.011      0.058
      7.686     -0.012     -0.092     -0.065
      7.700      0.079     -0.021      0.060
      7.714     -0.001      0.056     -0.012
      7.729      0.069      0.001     -0.005
      7.743      0.023     -0.047     -0.101
      7.757     -0.126      0.113      0.110
      7.771      0.054      0.012     -0.009
      7.786     -0.059     -0.090     -0.010
      7.800      0.123      0.042      0.068
      7.814      0.040     -0.004     -0.064
      7.829     -0.018      0.025     -0.001
      7.843     -0.080      0.083      0.041
      7.857      0.032     -0.014      0.109
      7.871     -0.049      0.111      0.005
      7.886      0.087     -0.040     -0.119
      7.900     -0.048     -0.038     -0.017
      7.914     -0.061      0.016     -0.023
      7.929     -0.068     -0.017      0.008
      7.943      0.076      0.134     -0.006
      7.957     -0.022     -0.027     -0.052
      7.971      0.061     -0.016     -0.096
      7.986     -0.002      0.006     -0.092
      8.000      0.011      0.019     -0.054
      8.014     -0.000     -0.104     -0.042
      8.029     -0.037      0.040      0.030
      8.043     -0.056      0.115     -0.021
      8.057      0.094     -0.016      0.034
      8.071      0.033     -0.048      0.017
      8.086      0.072      0.035      0.071
      8.100     -0.019      0.034     -0.032
      8.114      0.047     -0.133      0.098
      8.129     -0.038      0.210      0.024
      8.143     -0.048     -0.058      0.073
      8.157     -0.028      0.029      0.093
      8.171      0.051      0.088     -0.053
      8.186     -0.004     -0.080     -0.038
      8.200      0.027     -0.060     -0.001
      8.214      0.030      0.051     -0.019
      8.229      0.068      0.139      0.093
      8.243     -0.046      0.066      0.015
      8.257      0.061     -0.046     -0.033
      8.271      0.079      0.023     -0.116
      8.286     -0.025      0.040      0.083
      8.300      0.081      0.003      0.088
      8.314      0.130     -0.077      0.031
      8.329     -0.090     -0.000      0.035
      8.343      0.000      0.023     -0.001
      8.357     -0.116     -0.048     -0.002
      8.371      0.040      0.078      0.018
      8.386      0.086     -0.026     -0.223
      8.400     -0.002     -0.098     -0.049
      8.414     -0.016      0.074     -0.075
      8.429     -0.029     -0.030      0.092
      8.443     -0.015      0.053      0.058
      8.457      0.013     -0.000     -0.060
      8.471     -0.016      0.047     -0.041
      8.486      0.078      0.009     -0.075
      8.500      0.013      0.040     -0.018
      8.514      0.039     -0.043     -0.043
      8.529     -0.045      0.088     -0.030
      8.543     -0.016      0.031      0.073
      8.557      0.002     -0.110      0.070
      8.571     -0.058     -0.062      0.071
      8.586      0.123     -0.124      0.033
      8.600      0.092     -0.040     -0.008
      8.614      0.138      0.083     -0.100
      8.629      0.012     -0.042     -0.041
      8.643      0.013      0.047      0.016
      8.657     -0.045     -0.057      0.135
      8.671     -0.017      0.016     -0.000
      8.686      0.020     -0.018      0.080
      8.700     -0.076      0.086      0.007
      8.714     -0.102     -0.079     -0.030
      8.729      0.035     -0.144     -0.145
      8.743     -0.056      0.069     -0.123
      8.757      0.109     -0.032      0.084
      8.771     -0.107      0.025     -0.099
      8.786      0.161      0.040     -0.045
      8.800      0.128     -0.025     -0.033
      8.814      0.071     -0.058     -0.071
      8.829     -0.099      0.015     -0.089
      8.843     -0.073      0.024     -0.072
      8.857     -0.090     -0.047      0.006
      8.871     -0.027      0.013     -0.115
      8.886     -0.014      0.060      0.005
      8.900      0.012     -0.041     -0.195
      8.914     -0.013      0.078      0.023
      8.929      0.069     -0.062     -0.004
      8.943      0.016      0.097     -0.099
      8.957     -0.110      0.011      0.029
      8.971      0.113      0.041      0.114
      8.986      0.061     -0.034      0.080
      9.000      0.085     -0.026      0.051
      9.014      0.026     -0.000      0.018
      9.029     -0.016     -0.020     -0.137
      9.043      0.036      0.025      0.025
      9.057      0.042      0.019      0.075
      9.071     -0.054     -0.038      0.024
      9.086     -0.036      0.015      0.000
      9.100     -0.052      0.089      0.039
      9.114      0.002      0.090      0.087
      9.129     -0.019     -0.003      0.022
      9.143      0.006      0.098     -0.090
      9.157      0.020      0.168     -0.019
      9.171      0.105     -0.025      0.034
      9.186      0.052      0.051     -0.090
      9.200     -0.072     -0.034      0.015
      9.214     -0.023     -0.030      0.142
      9.229      0.070      0.035      0.103
      9.243     -0.013     -0.013     -0.118
      9.257     -0.112     -0.052      0.144
      9.271      0.058      0.064     -0.055
      9.286      0.108     -0.167      0.114
      9.300      0.036     -0.006     -0.078
      9.314      0.103     -0.053     -0.101
      9.329      0.023      0.103     -0.099
      9.343     -0.201      0.023      0.055
      9.357      0.020      0.057      0.008
      9.371      0.026     -0.038      0.069
      9.386     -0.040     -0.029      0.059
      9.400      0.022     -0.052      0.039
      9.414     -0.005      0.007     -0.013
      9.429     -0.018      0.007     -0.100
      9.443      0.039      0.137      0.015
      9.457     -0.072     -0.008     -0.003
      9.471      0.054      0.072     -0.076
      9.486     -0.036      0.048      0.008
      9.500     -0.002      0.021     -0.026
      9.514     -0.075      0.171     -0.076
      9.529     -0.046     -0.031     -0.005
      9.543      0.061      0.066     -0.057
      9.557      0.004      0.009     -0.098
      9.571     -0.007     -0.002      0.060
      9.586      0.076     -0.035      0.077
      9.600     -0.046     -0.090      0.035
      9.614      0.087     -0.062      0.090
      9.629      0.075      0.081      0.008
      9.643      0.158      0.034      0.029
      9.657     -0.043      0.045     -0.003
      9.671     -0.120     -0.195      0.001
      9.686     -0.019     -0.052     -0.013
      9.700     -0.003      0.089      0.126
      9.714      0.004      0.045      0.041
      9.729      0.041     -0.027     -0.133
      9.743     -0.012     -0.149      0.016
      9.757     -0.027      0.118     -0.047
      9.771      0.045     -0.128     -0.098
      9.786     -0.089     -0.004      0.025
      9.800     -0.003      0.050      0.029
      9.814     -0.042      0.013     -0.053
      9.829      0.000      0.055     -0.030
      9.843     -0.023     -0.028     -0.051
      9.857      0.052      0.012     -0.010
      9.871      0.003      0.010      0.006
      9.886     -0.012      0.171      0.054
      9.900     -0.100      0.074      0.062
      9.914      0.084     -0.130      0.079
      9.929     -0.005      0.006     -0.004
      9.943      0.017      0.002     -0.016
      9.957     -0.030      0.037     -0.142
      9.971      0.088      0.061      0.209
      9.986     -0.080      0.057     -0.026
     10.000      0.024      0.016      0.004
     10.014      0.012      0.077      0.057
     10.029      0.015     -0.060      0.025
     10.043      0.004      0.097      0.071
     10.057      0.020     -0.078      0.057
     10.071      0.061      0.069     -0.032
     10.086      0.073      0.008      0.094
     10.100     -0.025      0.002      0.050
     10.114     -0.068     -0.018      0.024
     10.129      0.148     -0.009      0.059
     10.143     -0.025     -0.011     -0.081
     10.157     -0.021     -0.010     -0.007
     10.171      0.062      0.055      0.006
     10.186      0.003      0.088      0.073
     10.200     -0.063     -0.062      0.008
     10.214      0.038      0.024     -0.022
     10.229      0.003      0.098     -0.155
     10.243      0.009      0.038      0.057
     10.257     -0.077     -0.108     -0.013
     10.271      0.044     -0.131      0.036
     10.286      0.024     -0.005      0.035
     10.300     -0.021     -0.009     -0.070
     10.314      0.007      0.092     -0.024
     10.329      0.075      0.009      0.064
     10.343      0.170     -0.038      0.038
     10.357      0.024      0.152      0.025
     10.371     -0.142     -0.067     -0.040
     10.386     -0.099     -0.033     -0.081
     10.400     -0.179     -0.124     -0.081
     10.414     -0.176      0.017      0.025
     10.429      0.106     -0.070      0.079
     10.443      0.035     -0.049     -0.054
     10.457      0.001     -0.156     -0.006
     10.471     -0.069      0.010      0.060
     10.486     -0.119     -0.089      0.000
     10.500      0.077     -0.050      0.039
     10.514     -0.146     -0.097      0.030
     10.529     -0.102      0.033      0.066
     10.543     -0.072     -0.021      0.019
     10.557     -0.041      0.031     -0.099
     10.571     -0.141      0.029     -0.054
     10.586     -0.010      0.078      0.034
     10.600      0.025      0.019     -0.029
     10.614     -0.002      0.021     -0.188
     10.629     -0.015     -0.200     -0.123
     10.643      0.079     -0.002     -0.033
     10.657      0.006      0.024     -0.026
     10.671     -0.040     -0.076      0.007
     10.686     -0.061      0.112     -0.003
     10.700     -0.026     -0.083      0.030
     10.714      0.006     -0.048     -0.113
     10.729     -0.069      0.051      0.207
     10.743     -0.012     -0.020     -0.038
     10.757     -0.169     -0.003      0.047
     10.771      0.077     -0.004     -0.046
     10.786      0.077      0.091      0.006
     10.800     -0.001      0.008      0.070
     10.814      0.037     -0.036      0.006
     10.829      0.006      0.113     -0.038
     10.843     -0.069     -0.032      0.035
     10.857      0.095      0.019      0.001
     10.871      0.050      0.050      0.056
     10.886      0.018     -0.027      0.006
     10.900     -0.053      0.012      0.000
     10.914      0.054     -0.019      0.044
     10.929      0.007      0.047     -0.010
     10.943      0.010      0.008     -0.025
     10.957      0.166     -0.053     -0.021
     10.971      0.033     -0.083      0.049
     10.986      0.127      0.014     -0.019
     11.000     -0.003     -0.107      0.006
     11.014      0.040     -0.051      0.171
     11.029     -0.014     -0.035      0.075
     11.043     -0.012     -0.163      0.001
     11.057     -0.038     -0.049     -0.035
     11.071      0.050      0.065     -0.035
     11.086      0.033     -0.084     -0.052
     11.100     -0.016     -0.085     -0.122
     11.114      0.061      0.071     -0.105
     11.129     -0.041      0.101      0.104
     11.143      0.040      0.075      0.038
     11.157      0.021     -0.100     -0.068
     11.171     -0.044      0.024     -0.010
     11.186      0.085     -0.014     -0.016
     11.200      0.023     -0.086      0.130
     11.214     -0.016      0.071      0.043
     11.229      0.114      0.004     -0.035
     11.243      0.100     -0.062     -0.038
     11.257      0.063     -0.009      0.107
     11.271      0.025     -0.014      0.019
     11.286      0.187      0.032     -0.039
     11.300      0.036      0.063      0.080
     11.314      0.012     -0.038     -0.091
     11.329     -0.031     -0.018     -0.098
     11.343     -0.004     -0.059      0.096
     11.357     -0.117      0.009     -0.024
     11.371      0.060      0.023     -0.011
     11.386     -0.042     -0.143      0.020
     11.400      0.042      0.028      0.024
     11.414      0.044     -0.052      0.091
     11.429      0.043     -0.070      0.009
     11.443     -0.038      0.019      0.038
