#         t          x          y          z         vx         vy         vz
      0.000   -203.122    314.769   -155.696     36.624    -28.570     29.818
      0.014   -201.953    314.012   -155.105     36.774    -28.561     29.910
      0.029   -200.193    314.380   -153.454     36.566    -28.575     29.923
      0.043   -200.740    314.190   -153.727     36.728    -28.581     30.090
      0.057   -199.499    312.361   -152.442     36.830    -28.519     29.903
      0.071   -198.839    312.692   -153.663     36.640    -28.329     29.966
      0.086   -198.457    312.522   -152.191     36.983    -28.329     29.968
      0.100   -197.404    312.341   -152.111     36.718    -28.464     29.856
      0.114   -198.154    309.911   -151.484     36.749    -28.722     29.988
      0.129   -197.556    310.743   -152.063     36.784    -28.514     29.924
      0.143   -195.625    309.364   -150.648     36.670    -28.578     29.973
      0.157   -195.816    309.489   -150.460     36.712    -28.435     29.992
      0.171   -194.099    309.230   -148.471     36.904    -28.426     29.983
      0.186   -195.234    308.951   -148.566     36.809    -28.502     29.950
      0.200   -196.023    308.751   -151.013     36.939    -28.394     29.891
      0.214   -194.737    307.939   -148.622     36.736    -28.683     29.909
      0.229   -193.834    308.744   -148.797     36.565    -28.546     30.175
      0.243   -193.768    306.869   -147.322     36.569    -28.491     30.099
      0.257   -192.271    306.498   -145.439     36.795    -28.189     30.128
      0.271   -191.202    307.578   -146.021     36.656    -28.341     30.058
      0.286   -191.923    308.303   -145.519     36.693    -28.348     29.972
      0.300   -190.632    307.638   -146.337     36.542    -28.525     30.082
      0.314   -188.610    305.124   -145.991     36.609    -28.406     30.263
      0.329   -189.432    305.578   -144.971     36.847    -28.480     30.003
      0.343   -188.814    304.039   -145.103     36.587    -28.417     30.143
      0.357   -188.447    305.829   -144.797     36.590    -28.449     30.103
      0.371   -188.357    303.156   -142.771     36.612    -28.765     30.101
      0.386   -187.863    303.506   -143.973     36.520    -28.341     30.052
      0.400   -188.269    303.818   -142.251     36.602    -28.870     30.119
      0.414   -186.741    303.538   -143.222     36.233    -28.634     29.865
      0.429   -188.081    302.750   -141.543     36.461    -28.570     29.886
      0.443   -184.430    301.687   -140.471     36.758    -28.677     30.002
      0.457   -184.723    300.611   -141.647     36.545    -28.455     30.193
      0.471   -183.078    301.003   -141.613     36.402    -28.547     30.077
      0.486   -185.027    301.434   -141.262     36.575    -28.576     30.144
      0.500   -183.237    298.935   -139.815     36.333    -28.663     30.163
      0.514   -183.399    300.167   -138.015     36.530    -28.477     30.194
      0.529   -182.242    299.539   -140.010     36.545    -28.540     30.145
      0.543   -182.461    297.366   -136.779     36.372    -28.487     30.208
      0.557   -181.410    299.170   -138.825     36.362    -28.460     30.334
      0.571   -181.291    299.257   -138.018     36.588    -28.610     30.218
      0.586   -179.493    297.419   -136.292     36.374    -28.370     30.429
      0.600   -179.375    298.517   -138.180     36.706    -28.766     30.302
      0.614   -178.372    296.366   -136.453     36.596    -28.735     30.032
      0.629   -178.715    297.639   -135.996     36.532    -28.601     30.265
      0.643   -178.691    296.236   -136.582     36.442    -28.630     30.429
      0.657   -178.565    295.849   -135.387     36.451    -28.381     30.483
      0.671   -175.308    295.753   -132.946     36.333    -28.518     30.461
      0.686   -177.313    296.752   -131.542     36.484    -28.497     30.474
      0.700   -176.144    294.866   -132.724     36.172    -28.321     30.534
      0.714   -174.480    295.197   -133.193     36.547    -28.549     30.610
      0.729   -174.040    291.825   -132.756     36.423    -28.585     30.417
      0.743   -174.175    292.762   -132.711     36.435    -28.795     30.396
      0.757   -173.661    291.507   -131.165     36.565    -28.549     30.481
      0.771   -173.848    292.036   -132.833     36.669    -28.721     30.168
      0.786   -173.996    291.215   -132.143     36.408    -28.449     30.525
      0.800   -171.990    292.091   -129.220     36.468    -28.879     30.187
      0.814   -173.074    289.209   -130.015     36.524    -28.617     30.471
      0.829   -170.549    291.671   -130.493     36.586    -28.756     30.159
      0.843   -172.085    289.746   -129.498     36.418    -28.614     30.138
      0.857   -169.486    290.195   -129.269     36.474    -28.653     30.472
      0.871   -169.500    289.169   -128.317     36.542    -28.530     30.474
      0.886   -170.107    289.090   -130.040     36.502    -28.686     30.376
      0.900   -168.362    290.329   -129.534     36.549    -28.729     30.427
      0.914   -166.781    288.743   -128.194     36.474    -28.683     30.548
      0.929   -166.099    288.848   -125.752     36.551    -28.714     30.311
      0.943   -168.809    287.072   -127.341     36.369    -28.787     30.398
      0.957   -167.620    288.180   -126.027     36.310    -28.839     30.305
      0.971   -165.123    285.928   -124.625     36.729    -28.765     30.325
      0.986   -164.873    286.947   -126.353     36.462    -28.738     30.464
      1.000   -164.565    285.003   -125.356     36.340    -28.841     30.062
      1.014   -163.716    286.004   -123.510     36.507    -28.987     30.307
      1.029   -163.576    285.477   -122.785     36.581    -28.778     30.347
      1.043   -162.882    283.925   -123.318     36.272    -28.839     30.204
      1.057   -162.699    283.912   -122.414     36.327    -28.852     30.188
      1.071   -162.180    284.361   -122.704     36.424    -28.979     30.143
      1.086   -161.135    282.725   -121.236     36.380    -28.865     30.169
      1.100   -159.762    283.779   -121.824     36.497    -28.729     30.433
      1.114   -160.396    282.972   -122.266     36.299    -28.967     30.348
      1.129   -159.339    283.997   -120.066     36.308    -28.920     30.187
      1.143   -159.604    281.413   -119.989     36.329    -29.106     30.194
      1.157   -159.182    281.642   -118.977     36.617    -28.633     30.402
      1.171   -157.265    282.020   -118.983     36.209    -28.900     30.025
      1.186   -158.768    281.571   -120.582     36.355    -29.006     30.088
      1.200   -157.322    279.525   -117.718     36.484    -28.909     30.255
      1.214   -158.773    279.950   -116.865     36.225    -29.043     30.186
      1.229   -157.331    277.431   -117.040     36.260    -29.062     30.030
      1.243   -157.210    278.637   -116.979     36.332    -29.032     30.355
      1.257   -155.418    278.165   -116.755     36.306    -28.697     30.276
      1.271   -154.662    280.076   -116.511     36.347    -28.906     30.198
      1.286   -153.822    278.797   -116.618     36.232    -29.002     30.316
      1.300   -153.440    277.374   -114.263     36.141    -28.914     30.298
      1.314   -154.347    276.092   -113.904     36.311    -28.921     30.238
      1.329   -153.040    276.461   -114.403     36.513    -29.198     30.363
      1.343   -153.203    276.534   -114.082     36.429    -28.855     30.449
      1.357   -151.619    275.576   -115.006     36.576    -29.013     30.162
      1.371   -150.898    275.174   -112.447     36.348    -28.857     30.012
      1.386   -150.653    275.192   -112.565     36.241    -29.212     30.122
      1.400   -151.304    275.430   -112.700     36.233    -29.018     30.036
      1.414   -148.335    272.854   -111.946     36.333    -29.171     30.161
      1.429   -149.358    273.158   -110.532     36.167    -28.780     30.163
      1.443   -149.478    273.687   -110.455     36.367    -28.998     30.187
      1.457   -147.151    273.542   -111.293     36.506    -28.849     30.199
      1.471   -147.000    273.070   -109.611     36.270    -28.990     30.204
      1.486   -148.347    272.329   -108.585     36.533    -29.226     30.091
      1.500   -147.268    271.568   -109.301     36.509    -28.961     29.923
      1.514   -146.955    271.241   -109.118     36.381    -28.909     29.932
      1.529   -145.892    269.186   -108.581     36.524    -28.917     30.072
      1.543   -144.192    271.536   -107.957     35.992    -29.203     30.039
      1.557   -144.280    270.251   -109.007     36.331    -28.939     30.122
      1.571   -143.989    269.491   -107.532     36.608    -29.093     30.034
      1.586   -145.841    267.952   -106.960     36.367    -29.120     29.887
      1.600   -142.660    267.387   -106.966     36.047    -28.962     30.131
      1.614   -142.943    267.016   -106.577     36.465    -29.029     30.029
      1.629   -142.861    267.912   -106.250     36.472    -28.918     29.995
      1.643   -140.897    267.420   -105.776     36.259    -28.980     29.698
      1.657   -141.150    267.019   -105.089     36.435    -28.802     29.957
      1.671   -140.070    264.971   -104.328     36.397    -29.156     29.849
      1.686   -139.780    266.615   -105.087     36.242    -28.951     29.831
      1.700   -139.273    265.985   -104.077     36.589    -29.120     29.855
      1.714   -140.020    264.410   -103.032     36.520    -29.126     30.031
      1.729   -139.548    265.407   -101.111     36.598    -29.222     29.831
      1.743   -136.816    264.859   -100.964     36.560    -29.124     29.890
      1.757   -137.419    263.848   -101.785     36.619    -29.036     29.631
      1.771   -136.565    261.685    -99.895     36.648    -29.118     29.949
      1.786   -137.562    262.723   -101.345     36.590    -28.910     30.079
      1.800   -136.716    262.562   -100.173     36.348    -28.955     29.927
      1.814   -134.247    261.935    -99.180     36.244    -29.380     29.969
      1.829   -135.544    260.555    -98.328     36.360    -29.151     29.687
      1.843   -133.622    262.175    -98.346     36.153    -29.141     29.797
      1.857   -133.159    261.381    -97.933     36.593    -29.156     29.902
      1.871   -133.937    261.286    -98.429     36.411    -29.041     29.875
      1.886   -132.646    259.166    -97.645     36.243    -29.357     30.099
      1.900   -131.892    260.655    -97.889     36.334    -29.097     29.892
      1.914   -131.451    260.324    -95.562     36.631    -29.063     29.929
      1.929   -130.940    260.089    -96.047     36.609    -29.221     29.742
      1.943   -129.629    257.329    -94.641     36.294    -29.142     30.057
      1.957   -131.125    258.022    -95.995     36.702    -28.964     29.936
      1.971   -130.241    257.844    -95.531     36.313    -28.938     30.024
      1.986   -129.493    257.212    -96.491     36.545    -29.010     29.803
      2.000   -128.597    256.038    -93.689     36.405    -28.930     29.941
      2.014   -129.368    256.978    -92.810     36.498    -29.058     29.950
      2.029   -126.273    254.906    -95.233     36.278    -28.867     29.823
      2.043   -126.934    255.846    -92.375     36.592    -29.142     29.877
      2.057   -126.659    254.703    -93.289     36.666    -28.676     29.645
      2.071   -126.243    253.595    -92.956     36.554    -28.990     29.628
      2.086   -125.514    252.878    -92.422     36.244    -29.124     29.766
      2.100   -124.790    252.692    -90.975     36.486    -29.096     29.682
      2.114   -124.806    254.357    -91.120     36.339    -28.936     29.550
      2.129   -123.744    254.837    -92.015     36.495    -29.086     29.770
      2.143   -124.712    252.632    -89.736     36.114    -28.895     29.586
      2.157   -123.324    253.645    -90.946     36.394    -29.007     29.518
      2.171   -122.020    252.472    -89.869     36.523    -29.018     29.632
      2.186   -120.371    251.573    -89.357     36.431    -29.116     29.496
      2.200   -120.891    251.854    -88.371     36.484    -29.007     29.342
      2.214   -121.121    250.433    -88.432     36.248    -28.729     29.691
      2.229   -119.773    250.790    -86.054     36.282    -28.831     29.434
      2.243   -119.687    250.318    -88.307     36.547    -28.675     29.726
      2.257   -119.587    249.384    -86.164     36.638    -28.972     29.476
      2.271   -117.911    249.317    -85.498     36.336    -29.238     29.490
      2.286   -116.812    248.993    -86.476     36.167    -28.762     29.360
      2.300   -116.700    248.512    -83.947     36.269    -28.957     29.610
      2.314   -116.822    248.260    -84.844     36.128    -28.784     29.645
      2.329   -116.602    247.083    -85.386     36.291    -28.918     29.574
      2.343   -115.118    246.582    -83.233     36.477    -28.966     29.525
      2.357   -116.307    245.961    -82.991     36.503    -29.232     29.620
      2.371   -114.396    246.695    -83.338     36.382    -28.814     29.598
      2.386   -115.432    245.349    -83.593     36.440    -28.986     29.877
      2.400   -114.127    244.817    -83.027     36.522    -28.877     29.626
      2.414   -112.876    246.387    -81.996     36.264    -28.897     29.625
      2.429   -112.779    244.351    -81.951     36.529    -29.122     29.546
      2.443   -111.957    244.132    -83.208     36.292    -28.703     29.431
      2.457   -111.749    243.950    -81.513     36.582    -29.056     29.571
      2.471   -111.851    242.596    -81.636     36.442    -29.044     29.666
      2.486   -110.044    242.187    -80.158     36.470    -29.207     29.232
      2.500   -109.842    242.781    -77.095     36.610    -28.969     29.231
      2.514   -110.339    242.165    -79.351     36.468    -28.872     29.386
      2.529   -109.450    242.432    -79.509     36.309    -29.242     29.299
      2.543   -107.160    239.966    -76.166     36.323    -29.030     29.268
      2.557   -107.536    242.292    -77.337     36.162    -29.104     29.430
      2.571   -107.419    239.862    -76.880     36.449    -28.830     29.363
      2.586   -106.357    239.448    -78.499     36.297    -28.967     29.513
      2.600   -107.945    239.346    -76.473     36.554    -28.908     29.358
      2.614   -107.450    239.994    -76.795     36.136    -28.944     29.469
      2.629   -105.459    238.200    -76.910     36.316    -28.911     29.322
      2.643   -105.627    237.681    -75.946     36.244    -28.766     29.374
      2.657   -103.913    236.764    -75.714     36.471    -29.293     29.159
      2.671   -103.355    238.832    -74.965     36.049    -28.955     29.470
      2.686   -103.682    237.371    -72.375     36.325    -29.295     29.345
      2.700   -103.409    235.609    -74.443     36.255    -28.831     29.242
      2.714   -102.529    236.769    -72.734     36.393    -28.799     29.129
      2.729    -99.514    235.251    -72.898     36.336    -28.885     29.350
      2.743   -101.833    233.945    -71.364     36.310    -28.990     29.212
      2.757   -101.095    233.998    -72.144     36.364    -28.935     29.267
      2.771   -101.226    234.665    -71.018     36.298    -28.994     29.169
      2.786   -101.139    232.778    -71.211     36.388    -28.869     29.080
      2.800    -99.240    234.180    -70.310     36.335    -28.669     29.448
      2.814    -98.845    232.546    -70.409     36.315    -28.893     29.289
      2.829    -98.839    231.632    -71.037     36.311    -28.842     29.208
      2.843    -99.036    231.673    -68.544     36.438    -28.936     29.601
      2.857    -97.309    232.170    -69.160     36.284    -29.124     29.288
      2.871    -98.331    230.870    -67.600     36.251    -28.891     29.448
      2.886    -96.471    230.863    -68.172     36.033    -29.041     29.131
      2.900    -96.490    232.018    -66.961     36.107    -29.097     29.245
      2.914    -97.292    231.500    -67.062     36.356    -28.836     29.355
      2.929    -94.942    231.099    -69.002     36.418    -28.866     29.339
      2.943    -94.925    230.128    -67.360     36.598    -28.732     29.049
      2.957    -93.965    229.605    -65.897     36.361    -28.806     29.186
      2.971    -92.946    228.882    -66.545     36.051    -28.972     29.206
      2.986    -92.028    228.165    -65.557     35.923    -28.908     29.281
      3.000    -93.263    227.636    -65.587     36.225    -28.670     29.257
      3.014    -91.558    227.643    -65.249     36.274    -29.015     29.012
      3.029    -91.292    227.875    -63.092     36.222    -28.804     29.194
      3.043    -89.768    228.270    -64.780     36.594    -28.836     29.283
      3.057    -91.160    225.839    -64.616     36.110    -28.851     29.112
      3.071    -89.890    226.467    -62.043     36.187    -28.935     29.502
      3.086    -88.814    225.288    -62.710     36.220    -28.824     29.207
      3.100    -89.703    224.468    -62.734     36.261    -28.895     29.152
      3.114    -88.481    224.512    -61.631     36.172    -28.572     28.946
      3.129    -85.963    223.901    -61.235     36.453    -28.708     29.007
      3.143    -87.483    223.628    -60.342     36.362    -28.653     29.206
      3.157    -86.127    223.400    -60.268     35.998    -28.718     29.218
      3.171    -87.058    222.565    -60.001     36.406    -28.698     29.156
      3.186    -85.387    221.074    -59.790     36.269    -28.484     29.205
      3.200    -85.579    222.386    -58.586     36.298    -28.646     28.813
      3.214    -84.167    221.513    -59.849     36.151    -28.705     29.242
      3.229    -84.509    220.605    -58.777     36.158    -28.482     29.197
      3.243    -83.058    220.672    -58.405     35.972    -28.322     29.123
      3.257    -82.179    220.332    -57.878     36.302    -28.482     29.241
      3.271    -83.799    220.324    -57.448     36.241    -28.689     29.045
      3.286    -81.185    220.268    -57.330     36.112    -28.282     29.017
      3.300    -81.686    218.972    -55.230     36.045    -28.637     29.045
      3.314    -81.455    219.374    -55.038     36.133    -28.544     29.139
      3.329    -79.905    219.586    -57.097     35.990    -28.238     29.490
      3.343    -80.342    216.135    -56.561     36.016    -28.405     29.299
      3.357    -78.291    218.797    -55.246     36.062    -28.406     28.979
      3.371    -78.280    217.517    -52.981     36.266    -28.668     28.935
      3.386    -78.013    217.104    -51.691     36.310    -28.555     29.080
      3.400    -77.850    215.821    -53.701     36.264    -28.451     29.317
      3.414    -77.613    217.306    -53.635     36.424    -28.223     29.150
      3.429    -77.516    214.497    -51.360     36.541    -28.841     29.158
      3.443    -76.696    214.813    -51.848     36.044    -28.405     29.395
      3.457    -75.802    215.146    -51.752     36.031    -28.385     29.077
      3.471    -75.499    213.573    -51.116     36.264    -28.473     29.220
      3.486    -74.013    212.953    -50.311     36.274    -28.507     28.893
      3.500    -74.263    213.771    -49.689     36.245    -28.387     28.996
      3.514    -75.184    214.080    -50.207     36.376    -28.525     29.270
      3.529    -72.370    212.026    -50.179     36.308    -28.555     29.105
      3.543    -73.070    211.223    -49.574     36.205    -28.509     29.197
      3.557    -70.587    211.912    -48.741     36.363    -28.471     28.980
      3.571    -71.621    211.447    -48.387     36.100    -28.541     29.052
      3.586    -71.131    211.134    -47.253     36.422    -28.638     29.086
      3.600    -69.090    209.310    -46.249     36.399    -28.593     28.832
      3.614    -70.729    210.769    -46.552     36.332    -28.583     29.200
      3.629    -70.408    210.179    -47.827     36.412    -28.724     28.902
      3.643    -70.138    209.561    -46.405     36.351    -28.513     29.236
      3.657    -67.736    210.583    -44.815     36.361    -28.453     29.290
      3.671    -67.229    208.475    -46.275     36.665    -28.457     29.101
      3.686    -66.605    208.248    -44.576     36.160    -28.566     29.084
      3.700    -66.801    207.675    -44.710     36.366    -28.512     29.311
      3.714    -65.600    207.013    -43.968     36.537    -28.242     29.099
      3.729    -66.877    205.908    -42.723     36.448    -28.300     29.189
      3.743    -64.131    206.260    -43.885     36.329    -28.021     29.093
      3.757    -65.034    207.163    -42.589     36.696    -28.236     28.964
      3.771    -64.779    205.619    -41.909     36.770    -28.348     29.305
      3.786    -63.153    205.238    -42.109     36.354    -28.498     29.418
      3.800    -64.041    203.421    -40.882     36.336    -28.350     29.054
      3.814    -62.716    203.996    -42.913     36.307    -28.381     29.157
      3.829    -63.140    204.198    -39.760     36.544    -28.605     29.068
      3.843    -62.385    203.708    -39.377     36.626    -28.548     28.956
      3.857    -63.180    202.493    -40.079     36.331    -28.446     28.843
      3.871    -59.646    203.150    -38.842     36.207    -28.429     28.997
      3.886    -60.261    203.128    -40.256     36.591    -28.285     28.813
      3.900    -59.950    202.092    -40.090     36.224    -28.408     28.952
      3.914    -58.468    203.487    -37.681     36.662    -28.257     29.117
      3.929    -59.526    203.106    -37.290     36.333    -28.334     29.066
      3.943    -58.599    200.802    -39.139     36.780    -28.357     29.144
      3.957    -55.458    200.868    -37.057     36.569    -28.263     29.181
      3.971    -56.444    198.946    -36.842     36.731    -28.395     28.825
      3.986    -57.291    199.408    -36.664     36.740    -28.125     28.958
      4.000    -56.296    199.276    -37.202     36.780    -28.280     28.893
      4.014    -55.857    198.138    -36.739     36.726    -28.173     28.914
      4.029    -55.188    198.884    -34.551     36.409    -28.108     28.594
      4.043    -54.660    199.628    -34.790     36.681    -28.208     28.670
      4.057    -54.340    197.761    -35.283     36.886    -28.350     28.875
      4.071    -53.369    197.652    -34.144     36.648    -28.290     28.789
      4.086    -53.001    196.082    -33.414     36.882    -28.220     28.673
      4.100    -52.270    197.098    -31.879     36.762    -28.212     28.677
      4.114    -53.257    196.286    -33.806     36.701    -28.182     28.702
      4.129    -51.102    195.348    -33.490     36.870    -27.852     28.493
      4.143    -51.096    195.437    -33.064     36.675    -28.085     28.627
      4.157    -51.720    195.403    -31.008     36.550    -28.082     28.385
      4.171    -51.008    195.171    -31.513     36.538    -28.126     28.680
      4.186    -49.696    193.887    -29.862     36.738    -27.769     28.537
      4.200    -49.741    193.193    -29.185     36.397    -28.206     28.425
      4.214    -49.185    193.567    -30.008     36.732    -27.995     28.818
      4.229    -47.553    193.495    -28.246     36.964    -27.856     28.526
      4.243    -46.159    193.166    -27.480     36.557    -27.861     28.316
      4.257    -46.677    193.068    -29.224     36.668    -27.743     28.374
      4.271    -45.674    192.732    -26.564     36.944    -28.034     28.389
      4.286    -45.740    192.761    -28.399     36.946    -27.914     28.420
      4.300    -45.353    191.067    -28.039     36.837    -27.834     28.530
      4.314    -46.538    190.850    -26.540     36.995    -28.053     28.434
      4.329    -44.115    188.802    -26.545     36.773    -28.352     28.545
      4.343    -42.670    190.227    -26.605     37.148    -28.134     28.322
      4.357    -44.205    188.122    -25.950     36.907    -27.918     28.885
      4.371    -42.884    189.885    -25.316     36.824    -28.123     28.412
      4.386    -42.342    188.847    -25.498     36.920    -28.240     28.471
      4.400    -40.404    188.225    -23.804     36.883    -28.177     28.558
      4.414    -40.549    187.859    -24.441     36.801    -28.199     28.507
      4.429    -40.334    186.780    -23.700     36.854    -27.579     28.225
      4.443    -38.554    187.037    -23.385     36.746    -27.651     28.520
      4.457    -38.372    186.871    -22.246     36.959    -27.833     28.469
      4.471    -38.658    185.233    -22.766     37.384    -28.073     28.581
      4.486    -38.720    186.130    -22.444     36.838    -28.304     28.207
      4.500    -36.956    185.906    -20.861     36.734    -28.054     28.333
      4.514    -37.034    185.002    -22.098     37.018    -27.870     28.130
      4.529    -36.515    184.129    -22.185     36.875    -27.731     28.339
      4.543    -34.944    184.050    -20.518     37.212    -27.510     28.037
      4.557    -34.490    182.403    -19.836     37.304    -28.070     28.059
      4.571    -35.092    183.497    -19.655     37.353    -27.839     27.836
      4.586    -32.944    182.410    -20.383     37.263    -27.632     28.387
      4.600    -33.604    182.496    -18.161     37.240    -27.849     28.322
      4.614    -35.121    182.281    -17.587     37.219    -27.973     28.386
      4.629    -31.931    181.115    -17.691     36.903    -27.706     28.156
      4.643    -31.484    182.137    -17.321     37.008    -27.855     28.714
      4.657    -32.199    180.755    -16.461     37.097    -27.842     28.162
      4.671    -31.175    179.891    -16.646     37.269    -27.848     28.340
      4.686    -30.159    181.307    -15.359     37.191    -27.518     27.888
      4.700    -28.639    180.158    -15.587     37.045    -27.650     28.338
      4.714    -29.868    179.528    -17.005     37.650    -27.730     28.138
      4.729    -27.738    179.730    -14.964     37.336    -27.540     28.310
      4.743    -27.060    177.656    -15.777     37.117    -27.762     28.262
      4.757    -28.941    178.661    -15.393     36.963    -27.822     28.021
      4.771    -27.872    178.537    -13.899     37.019    -27.509     28.066
      4.786    -28.088    178.788    -13.337     37.455    -28.026     28.193
      4.800    -25.587    176.437    -12.259     37.404    -27.825     27.948
      4.814    -26.042    177.302    -13.409     37.390    -28.049     28.089
      4.829    -24.163    176.698    -12.415     37.527    -27.668     28.073
      4.843    -25.156    174.505    -11.841     37.455    -27.856     28.022
      4.857    -24.598    176.014     -9.973     37.516    -28.028     27.901
      4.871    -23.693    174.762    -10.732     37.435    -27.683     28.120
      4.886    -22.860    175.729    -10.412     37.598    -27.747     27.894
      4.900    -21.056    174.798     -9.944     37.355    -27.741     28.069
      4.914    -22.125    175.179    -11.388     37.632    -27.822     27.929
      4.929    -22.723    173.728    -10.248     37.702    -27.557     28.040
      4.943    -21.200    172.741     -9.857     37.527    -27.773     27.580
      4.957    -18.427    173.097     -7.868     37.451    -27.964     27.923
      4.971    -20.608    173.653     -9.458     37.553    -27.887     28.003
      4.986    -19.729    170.912     -8.235     37.786    -27.554     28.063
      5.000    -19.417    172.311     -7.728     37.524    -27.408     28.054
      5.014    -17.215    170.532     -6.576     37.334    -27.824     27.541
      5.029    -17.764    169.978     -5.841     37.508    -27.464     27.679
      5.043    -16.899    169.129     -6.153     37.441    -27.594     27.560
      5.057    -16.847    170.523     -6.481     37.670    -27.577     27.783
      5.071    -16.394    169.821     -5.805     37.410    -27.854     27.923
      5.086    -16.134    168.305     -5.753     37.565    -27.743     27.496
      5.100    -15.516    169.882     -5.566     37.088    -27.581     27.353
      5.114    -14.296    168.466     -3.422     37.311    -27.376     27.824
      5.129    -13.619    168.729     -3.204     37.693    -27.715     27.716
      5.143    -10.852    167.927     -3.069     37.616    -27.547     27.526
      5.157    -11.837    167.795     -3.177     37.351    -27.766     27.577
      5.171    -13.501    164.662     -2.941     37.523    -27.375     27.428
      5.186    -12.146    167.826     -0.348     37.706    -27.484     27.555
      5.200    -11.392    166.590     -2.006     37.686    -27.264     27.380
      5.214     -9.993    164.162     -1.200     37.729    -27.479     27.337
      5.229     -9.637    167.318     -1.245     37.887    -27.534     27.400
      5.243     -9.884    164.147     -1.045     37.606    -27.643     27.728
      5.257     -8.555    164.461     -0.637     37.550    -27.694     27.448
      5.271     -8.349    163.104     -1.506     37.687    -27.725     27.478
      5.286     -8.722    163.986     -0.084     37.659    -27.482     27.220
      5.300     -5.982    164.002      0.008     37.489    -27.519     27.197
      5.314     -7.740    162.632      2.300     37.823    -27.460     27.330
      5.329     -6.863    161.475      0.354     37.677    -27.788     27.402
      5.343     -7.077    160.431      1.907     37.930    -27.447     27.540
      5.357     -4.601    161.574      2.317     37.863    -27.533     27.460
      5.371     -5.393    160.457      4.277     38.072    -27.432     27.164
      5.386     -3.156    160.517      4.315     37.641    -27.555     27.275
      5.400     -1.733    160.221      2.620     37.861    -27.403     27.217
      5.414     -3.057    159.281      4.750     37.662    -27.488     27.247
      5.429     -2.675    158.978      4.243     37.808    -27.689     27.345
      5.443     -1.126    159.574      2.772     37.799    -27.182     27.159
      5.457     -1.395    157.865      5.041     37.744    -27.576     27.149
      5.471     -1.299    159.418      5.499     37.743    -27.586     26.953
      5.486     -0.782    157.215      6.106     37.996    -27.289     26.911
      5.500      0.620    157.348      5.296     37.849    -27.606     27.350
      5.514      0.023    157.354      5.944     37.988    -27.432     27.068
      5.529      1.494    157.301      6.943     37.666    -27.597     27.035
      5.543      2.226    155.892      7.160     37.779    -27.548     26.871
      5.557      2.293    156.042      6.417     37.557    -27.460     26.960
      5.571      2.241    154.928      7.385     37.919    -27.501     27.077
      5.586      3.631    154.326      7.407     37.750    -27.420     26.977
      5.600      2.688    156.061      6.587     37.643    -27.305     27.045
      5.614      4.222    153.284      9.022     37.593    -27.395     26.955
      5.629      4.729    153.899     10.139     37.571    -27.202     27.042
      5.643      5.645    154.966      9.701     37.818    -27.253     27.108
      5.657      7.867    153.148      9.242     37.807    -27.224     26.994
      5.671      6.796    153.078     10.311     37.690    -27.320     27.118
      5.686      6.888    153.866     11.230     37.911    -27.372     27.142
      5.700      8.398    153.454     11.428     37.908    -27.047     27.172
      5.714      7.924    150.910     12.385     37.616    -27.365     26.745
      5.729      7.858    150.753     11.600     37.581    -27.559     26.944
      5.743      8.366    150.219     11.601     37.798    -27.316     26.868
      5.757      9.535    150.546     12.331     37.697    -26.986     26.803
      5.771      9.789    150.403     14.014     37.791    -27.442     27.074
      5.786     11.520    150.605     13.862     37.626    -27.615     26.683
      5.800     11.388    147.811     15.168     37.921    -27.616     26.880
      5.814     12.909    148.924     15.726     37.422    -27.180     26.765
      5.829     11.404    148.347     14.138     37.983    -27.585     26.932
      5.843     12.959    147.878     15.366     37.434    -27.592     26.961
      5.857     12.739    146.100     16.885     37.460    -27.573     26.846
      5.871     13.456    145.666     14.548     37.603    -27.188     26.930
      5.886     14.866    146.592     17.519     37.519    -27.452     27.130
      5.900     14.579    145.769     17.735     37.840    -27.099     26.654
      5.914     15.407    146.491     17.943     37.644    -26.762     27.017
      5.929     15.195    146.496     17.630     37.838    -26.983     26.845
      5.943     17.302    144.470     18.090     37.716    -27.257     27.125
      5.957     17.029    146.107     18.145     37.710    -27.255     26.860
      5.971     18.285    144.608     18.401     37.547    -27.048     27.024
      5.986     17.219    143.880     20.716     37.742    -27.393     26.673
      6.000     18.074    142.739     19.014     37.593    -27.365     26.802
      6.014     18.763    143.501     20.023     37.425    -27.042     26.678
      6.029     20.539    143.092     19.043     37.954    -26.975     26.755
      6.043     21.214    143.066     20.752     37.749    -27.194     26.972
      6.057     21.920    142.930     20.554     37.539    -26.762     26.889
      6.071     21.191    140.621     20.666     37.695    -27.113     26.884
      6.086     21.576    141.191     21.461     37.434    -27.209     26.763
      6.100     23.038    141.276     22.288     37.575    -27.077     26.699
      6.114     21.827    142.038     23.274     37.806    -26.716     26.701
      6.129     23.271    140.991     21.290     37.457    -27.476     26.662
      6.143     24.623    139.983     23.732     37.766    -27.254     26.689
      6.157     24.104    138.824     23.788     37.324    -27.082     26.416
      6.171     25.994    138.879     24.453     37.620    -27.098     26.557
      6.186     24.544    137.602     24.275     37.586    -27.071     26.828
      6.200     25.585    137.753     24.431     37.527    -27.101     26.820
      6.214     26.612    140.062     23.817     37.716    -27.022     26.355
      6.229     27.587    137.488     25.891     36.857    -27.092     26.493
      6.243     28.127    137.026     26.994     37.449    -27.202     26.355
      6.257     28.748    137.284     26.764     37.387    -27.240     26.544
      6.271     28.268    137.295     27.632     37.448    -27.038     26.585
      6.286     30.849    136.514     27.673     37.224    -27.160     26.508
      6.300     29.020    136.777     26.909     37.478    -26.708     26.601
      6.314     30.575    136.482     27.023     37.498    -26.857     26.212
      6.329     31.528    133.961     29.114     37.542    -27.063     26.716
      6.343     31.936    135.053     28.421     37.534    -27.200     26.532
      6.357     30.983    134.508     28.525     37.460    -27.214     26.472
      6.371     33.110    134.317     30.989     37.264    -27.130     26.270
      6.386     32.541    135.322     29.422     37.385    -27.044     26.263
      6.400     34.174    133.114     28.922     37.371    -26.531     26.142
      6.414     35.977    132.828     31.210     37.684    -26.990     26.394
      6.429     33.642    131.907     31.290     37.341    -26.815     26.674
      6.443     35.937    132.153     31.324     37.274    -26.606     26.479
      6.457     36.268    133.532     32.599     37.575    -26.618     26.170
      6.471     35.908    131.662     31.329     37.206    -26.772     26.196
      6.486     36.573    129.218     31.418     37.206    -27.026     26.223
      6.500     38.025    130.283     33.075     37.572    -26.729     26.073
      6.514     38.574    129.135     32.730     37.319    -26.726     26.145
      6.529     37.773    129.688     33.103     37.322    -26.725     26.210
      6.543     39.182    130.029     34.637     37.397    -26.742     26.208
      6.557     39.823    129.356     34.676     37.472    -26.827     26.159
      6.571     39.215    128.476     33.962     37.417    -26.568     26.018
      6.586     40.864    128.523     34.975     37.037    -26.522     26.196
      6.600     41.990    127.017     36.005     37.066    -26.423     26.132
      6.614     41.282    127.431     36.678     37.222    -26.757     26.107
      6.629     42.016    127.468     35.975     37.237    -26.685     26.231
      6.643     42.682    126.347     36.427     37.307    -26.228     26.413
      6.657     41.430    126.992     37.508     37.383    -26.451     26.208
      6.671     43.001    126.221     37.518     37.308    -26.651     25.743
      6.686     44.806    126.869     38.155     37.151    -26.219     26.070
      6.700     44.285    125.879     38.216     37.204    -26.378     26.345
      6.714     45.932    124.454     39.757     37.031    -26.295     25.910
      6.729     47.640    126.019     38.483     37.270    -26.403     25.993
      6.743     47.542    123.794     39.313     37.000    -26.382     26.090
      6.757     48.496    123.002     40.210     37.217    -26.318     26.039
      6.771     46.487    123.370     39.225     37.258    -26.577     25.986
      6.786     48.588    121.849     40.531     37.343    -26.377     26.235
      6.800     48.800    124.814     41.600     37.171    -26.573     25.861
      6.814     50.517    123.598     41.163     37.221    -26.480     26.222
      6.829     49.139    120.607     41.122     37.163    -26.353     25.777
      6.843     50.201    121.112     41.347     37.284    -26.460     25.677
      6.857     50.909    120.743     40.893     37.228    -26.209     25.811
      6.871     51.740    120.653     43.659     37.184    -26.261     25.738
      6.886     52.100    120.614     42.884     37.288    -26.625     25.842
      6.900     52.043    119.687     44.503     36.955    -25.878     25.712
      6.914     51.778    119.687     43.452     36.834    -26.152     25.780
      6.929     53.776    119.133     43.952     37.145    -26.404     25.808
      6.943     54.277    118.343     44.110     37.219    -26.486     25.848
      6.957     53.467    119.169     45.790     37.254    -26.070     25.904
      6.971     53.116    119.397     44.879     36.999    -26.157     25.953
      6.986     55.936    118.511     45.819     37.004    -26.232     25.618
      7.000     54.574    117.378     45.768     37.186    -26.009     25.856
      7.014     57.777    116.909     47.340     37.394    -26.188     25.952
      7.029     57.400    115.001     45.940     37.064    -26.016     25.910
      7.043     57.081    114.740     46.733     36.701    -26.323     25.693
      7.057     56.627    116.376     49.879     36.871    -25.759     25.885
      7.071     58.261    116.100     46.765     36.996    -26.169     26.056
      7.086     58.441    115.588     49.128     36.931    -26.036     25.684
      7.100     58.279    114.605     48.174     37.207    -25.834     25.981
      7.114     61.046    115.710     49.532     37.218    -25.913     25.998
      7.129     60.612    112.596     49.814     37.038    -26.037     25.913
      7.143     61.299    113.189     49.271     36.949    -26.005     26.024
      7.157     61.015    113.542     51.151     37.153    -25.921     26.000
      7.171     62.422    114.309     51.492     37.089    -26.015     25.770
      7.186     62.365    112.439     50.161     36.859    -25.706     25.792
      7.200     64.674    111.395     51.637     37.059    -25.892     25.682
      7.214     62.914    112.328     52.018     37.146    -25.852     25.944
      7.229     66.758    111.468     51.444     36.644    -26.111     25.624
      7.243     64.594    112.426     51.521     37.096    -25.510     25.676
      7.257     65.075    111.878     52.248     36.634    -25.587     26.086
      7.271     65.278    112.091     53.389     36.889    -25.997     25.877
      7.286     66.644    108.877     52.598     36.683    -26.043     25.753
      7.300     67.584    111.466     53.431     36.896    -25.843     25.934
      7.314     66.986    109.366     54.418     36.870    -25.638     25.560
      7.329     67.254    109.059     56.234     36.811    -25.644     25.774
      7.343     70.457    108.321     55.337     36.684    -25.781     25.676
      7.357     68.455    108.000     55.745     36.750    -25.809     25.762
      7.371     68.887    109.358     54.129     36.924    -25.533     25.525
      7.386     70.046    107.471     57.607     36.738    -25.806     25.357
      7.400     70.778    106.584     55.776     36.640    -25.602     25.481
      7.414     70.952    106.083     56.030     36.724    -25.629     25.763
      7.429     73.899    104.670     57.004     36.886    -25.688     25.810
      7.443     72.757    107.711     55.995     36.760    -25.382     25.402
      7.457     72.916    105.022     56.443     36.794    -25.273     25.580
      7.471     73.049    104.644     57.636     36.659    -25.580     25.435
      7.486     74.524    105.055     59.939     36.548    -25.528     25.620
      7.500     73.779    105.784     58.646     36.819    -25.294     25.755
      7.514     74.534    105.465     59.537     36.744    -25.585     25.579
      7.529     76.045    102.950     59.407     36.527    -25.386     25.531
      7.543     75.499    101.996     60.736     36.951    -25.492     25.428
      7.557     76.938    104.001     61.184     36.541    -25.412     25.374
      7.571     78.275    101.959     60.851     36.482    -25.362     25.451
      7.586     78.654    102.807     61.500     36.421    -25.120     25.406
      7.600     78.225    101.723     61.660     36.393    -25.273     25.319
      7.614     77.076    102.795     62.621     36.445    -25.354     25.318
      7.629     78.530    101.187     60.872     36.306    -25.678     25.057
      7.643     80.290    102.292     63.371     36.461    -25.516     25.522
      7.657     80.408    101.546     63.961     36.303    -25.519     25.189
      7.671     81.565    100.645     63.696     36.685    -25.566     25.443
      7.686     81.903     99.960     62.762     36.404    -25.216     25.497
      7.700     82.095     99.536     62.732     36.194    -25.323     25.462
      7.714     82.387     99.403     64.752     36.602    -25.353     25.413
      7.729     83.962     99.022     66.692     36.281    -25.227     25.430
      7.743     82.638     95.508     64.704     36.150    -25.147     25.485
      7.757     82.712     97.576     65.741     36.083    -25.336     25.384
      7.771     85.032     98.455     65.915     36.332    -25.290     25.251
      7.786     84.410     96.742     64.592     36.542    -25.259     25.454
      7.800     84.869     96.076     64.478     36.276    -25.419     25.064
      7.814     86.274     96.191     67.782     36.291    -25.305     25.291
      7.829     86.216     95.078     67.247     36.118    -25.418     25.121
      7.843     86.935     96.324     66.839     36.268    -25.018     25.020
      7.857     86.719     96.047     67.636     36.296    -25.149     25.394
      7.871     89.888     94.164     67.455     36.308    -25.233     25.078
      7.886     90.302     93.241     68.916     36.105    -25.121     25.099
      7.900     88.727     94.586     69.670     36.044    -25.015     24.935
      7.914     89.679     93.423     67.658     36.343    -24.887     25.128
      7.929     89.101     94.713     71.110     35.925    -25.081     25.209
      7.943     89.318     92.297     70.890     35.792    -25.052     25.206
      7.957     90.593     93.156     70.035     36.035    -25.067     25.167
      7.971     91.289     93.529     70.956     36.036    -25.100     24.770
      7.986     91.813     92.151     70.703     36.076    -25.170     25.276
      8.000     93.497     91.910     71.477     36.263    -25.102     24.927
      8.014     92.350     93.180     71.012     35.765    -24.900     24.851
      8.029     94.730     91.719     72.033     35.739    -25.043     24.768
      8.043     94.874     90.674     73.640     36.049    -25.387     24.803
      8.057     93.935     89.848     73.838     35.958    -25.062     24.830
      8.071     94.217     87.936     72.261     35.697    -24.966     24.839
      8.086     94.234     90.522     73.901     35.868    -25.192     25.117
      8.100     96.643     91.221     73.034     35.827    -25.248     24.898
      8.114     96.623     88.397     74.450     36.198    -24.840     25.073
      8.129     97.656     88.332     75.592     35.741    -24.677     24.971
      8.143     98.934     88.412     76.538     35.684    -24.976     24.825
      8.157     98.111     88.009     75.297     35.456    -25.068     24.579
      8.171     99.575     86.960     75.264     35.944    -24.987     25.056
      8.186     98.886     87.201     76.443     35.688    -24.814     24.885
      8.200    101.471     86.839     75.297     35.706    -24.765     25.111
      8.214     99.672     85.307     76.015     35.588    -25.006     25.075
      8.229    100.345     85.383     75.802     35.598    -24.775     24.714
      8.243    100.184     87.364     78.217     35.555    -24.874     24.756
      8.257    102.178     84.127     77.953     35.624    -25.123     24.795
      8.271    102.182     85.825     77.373     35.369    -25.173     25.025
      8.286    104.421     85.968     78.121     35.697    -24.747     24.844
      8.300    102.863     82.559     78.014     35.571    -24.790     24.984
      8.314    103.116     84.397     79.550     35.606    -24.996     24.923
      8.329    104.525     82.970     79.753     35.736    -25.147     24.917
      8.343    104.111     83.693     79.884     35.298    -25.097     24.856
      8.357    105.878     83.233     80.024     35.549    -24.910     24.937
      8.371    105.197     82.384     80.167     35.585    -25.100     24.926
      8.386    106.395     82.858     79.271     35.471    -25.076     24.960
      8.400    105.713     81.293     80.506     35.387    -24.914     24.905
      8.414    107.002     82.680     82.316     35.454    -24.628     25.205
      8.429    107.409     81.438     83.461     35.363    -24.752     25.106
      8.443    109.708     80.106     81.114     35.165    -24.647     24.994
      8.457    108.059     80.854     82.733     35.206    -24.868     25.080
      8.471    110.076     79.490     83.330     35.085    -25.063     24.937
      8.486    109.386     80.123     84.142     35.103    -24.722     24.801
      8.500    110.729     81.291     84.127     35.249    -24.863     24.795
      8.514    111.306     78.487     83.944     35.539    -24.959     24.874
      8.529    112.491     79.185     83.987     35.189    -24.649     24.789
      8.543    111.079     79.887     84.856     35.181    -24.578     25.251
      8.557    111.435     77.490     84.188     35.311    -24.835     25.080
      8.571    113.123     77.692     84.621     35.161    -24.926     24.863
      8.586    114.162     77.686     85.444     35.332    -24.759     25.255
      8.600    114.911     76.425     85.585     35.233    -24.426     25.300
      8.614    114.755     76.489     87.191     35.212    -24.844     25.066
      8.629    115.589     76.506     87.902     35.408    -24.577     25.052
      8.643    115.557     76.655     87.780     34.837    -24.731     24.987
      8.657    116.976     76.465     86.553     35.123    -24.838     25.174
      8.671    117.713     74.997     87.670     35.011    -24.448     25.270
      8.686    116.903     75.016     89.192     35.031    -24.693     25.308
      8.700    116.545     73.742     88.594     34.967    -24.694     25.175
      8.714    118.850     74.559     88.480     35.083    -24.602     25.338
      8.729    117.066     73.801     89.948     35.076    -24.702     25.129
      8.743    118.836     72.563     88.988     34.709    -24.457     25.115
      8.757    120.032     75.227     89.188     34.972    -24.689     25.306
      8.771    119.576     71.987     91.372     34.959    -24.656     25.242
      8.786    120.371     72.619     90.578     34.844    -24.652     25.022
      8.800    121.648     71.572     90.127     34.781    -24.541     25.384
      8.814    122.440     71.368     92.971     34.572    -24.655     25.214
      8.829    122.340     70.729     92.447     34.682    -24.998     25.264
      8.843    123.273     72.270     92.108     34.916    -24.685     25.279
      8.857    123.379     71.741     93.234     34.963    -24.737     25.397
      8.871    122.540     69.556     93.693     34.669    -24.818     25.222
      8.886    124.801     70.416     92.277     34.656    -24.645     25.313
      8.900    124.527     70.141     93.155     34.702    -24.699     25.316
      8.914    125.746     69.175     93.144     34.763    -24.772     25.221
      8.929    124.995     68.224     93.004     34.584    -24.958     25.443
      8.943    125.489     68.953     96.118     34.496    -24.590     25.477
      8.957    125.601     67.973     95.342     34.614    -24.870     25.128
      8.971    129.212     67.879     96.119     34.532    -24.859     25.341
      8.986    126.206     67.894     96.838     34.510    -24.765     25.238
      9.000    128.715     68.145     97.151     34.350    -24.809     25.231
      9.014    129.598     65.539     96.430     34.565    -24.720     25.304
      9.029    127.656     66.845     96.958     34.501    -24.750     25.542
      9.043    129.411     63.811     98.179     34.695    -24.752     25.413
      9.057    129.251     65.489     98.196     34.352    -24.592     25.426
      9.071    129.908     64.351     97.754     34.367    -24.557     25.487
      9.086    130.081     66.151     97.779     34.447    -24.461     25.489
      9.100    131.468     63.847     98.681     34.465    -24.604     25.314
      9.114    132.587     64.359     99.850     34.412    -24.787     25.369
      9.129    133.709     63.335    100.091     34.431    -24.620     25.395
      9.143    132.293     64.072    100.841     34.594    -24.596     25.560
      9.157    133.675     64.030    100.011     34.497    -24.684     25.288
      9.171    134.855     61.453     99.704     34.688    -24.769     25.485
      9.186    134.839     62.678    101.811     34.030    -24.587     25.274
      9.200    134.512     62.833    101.717     34.107    -24.635     25.444
      9.214    134.328     62.764    100.122     34.298    -24.533     25.704
      9.229    134.270     61.731    100.886     34.241    -24.567     25.194
      9.243    137.409     61.428    103.448     33.885    -24.863     25.136
      9.257    137.533     60.937    103.098     34.218    -24.414     25.658
      9.271    137.798     62.022    104.840     33.878    -24.739     25.435
      9.286    136.529     59.508    104.586     34.290    -24.574     25.697
      9.300    138.667     59.424    102.977     34.195    -24.577     25.219
      9.314    137.951     57.485    105.559     34.197    -24.607     25.366
      9.329    139.222     59.384    105.361     34.291    -24.476     25.598
      9.343    140.680     58.530    105.792     33.768    -24.687     25.514
      9.357    139.813     58.749    104.703     34.050    -24.236     25.550
      9.371    140.607     58.307    105.363     33.786    -24.511     25.350
      9.386    141.465     57.775    107.045     34.056    -24.737     25.419
      9.400    140.572     57.893    105.966     33.796    -24.490     25.647
      9.414    141.298     58.090    104.757     33.900    -24.876     25.500
      9.429    142.301     56.259    108.095     33.721    -24.635     25.585
      9.443    142.893     56.473    106.873     34.190    -24.686     25.528
      9.457    146.043     56.485    109.053     34.003    -24.539     25.492
      9.471    145.206     56.169    107.980     33.934    -24.515     25.349
      9.486    144.858     56.059    107.998     33.939    -24.655     25.455
      9.500    143.999     55.644    110.038     33.639    -24.332     25.456
      9.514    145.911     54.042    109.318     34.077    -24.393     25.675
      9.529    146.140     54.151    109.528     33.942    -24.441     25.437
      9.543    144.705     54.039    109.417     33.760    -24.664     25.697
      9.557    147.006     54.139    108.412     33.721    -24.261     25.525
      9.571    148.169     52.349    111.948     33.863    -24.426     25.575
      9.586    148.451     53.347    109.557     33.860    -24.379     25.689
      9.600    147.057     51.545    110.851     33.682    -24.199     25.756
      9.614    148.512     50.703    112.072     33.898    -24.415     25.732
      9.629    149.840     51.829    111.426     33.900    -24.010     25.495
      9.643    149.268     51.263    113.532     33.717    -24.313     25.716
      9.657    150.217     50.745    113.735     33.849    -24.467     25.434
      9.671    150.457     52.482    113.650     33.716    -24.348     25.557
      9.686    152.472     50.958    114.376     33.660    -24.334     25.627
      9.700    151.078     49.822    114.929     33.713    -24.241     25.515
      9.714    150.810     50.703    114.132     33.570    -24.490     25.497
      9.729    152.670     48.715    114.273     33.545    -24.348     25.778
      9.743    153.408     49.011    114.541     33.678    -24.666     25.741
      9.757    153.963     48.949    116.355     33.518    -24.151     25.615
      9.771    152.869     45.438    116.683     33.678    -24.247     25.704
      9.786    152.106     48.763    116.584     33.545    -24.022     25.768
      9.800    154.462     47.136    116.185     33.513    -24.148     25.343
      9.814    154.751     47.875    116.600     33.557    -24.080     25.527
      9.829    156.651     46.192    116.562     33.577    -23.969     25.650
      9.843    157.914     46.180    118.720     33.589    -24.105     25.655
      9.857    158.155     45.666    117.421     33.246    -24.074     25.396
      9.871    157.881     45.544    115.930     33.622    -24.181     25.376
      9.886    158.832     46.669    120.247     33.850    -24.623     25.762
      9.900    159.614     43.002    119.364     33.116    -24.167     25.364
      9.914    158.351     45.363    119.836     33.556    -23.928     25.491
      9.929    160.429     44.724    120.956     33.471    -24.280     25.893
      9.943    158.808     44.345    119.815     33.599    -24.232     25.637
      9.957    161.607     43.660    121.725     33.309    -24.197     25.733
      9.971    161.053     43.121    122.077     33.281    -23.900     25.377
      9.986    160.764     40.202    121.417     33.147    -23.876     25.736
     10.000    161.188     43.951    121.845     33.366    -24.047     25.497
     10.014    161.831     42.165    122.322     33.261    -23.636     25.715
     10.029    163.389     40.768    121.981     33.204    -23.731     25.576
     10.043    162.988     41.962    122.941     33.387    -23.880     25.722
     10.057    163.757     43.936    123.655     33.643    -23.917     25.956
     10.071    163.036     41.610    122.130     33.166    -23.794     25.603
     10.086    165.859     40.120    124.113     33.384    -23.773     25.555
     10.100    165.190     40.499    123.901     33.142    -23.720     26.003
     10.114    166.935     38.594    124.420     33.453    -23.858     25.544
     10.129    165.852     40.434    126.373     33.128    -24.061     25.710
     10.143    165.885     38.461    125.880     33.245    -23.752     25.636
     10.157    167.107     39.492    126.626     33.204    -24.004     25.762
     10.171    168.114     39.905    126.498     33.479    -23.830     25.723
     10.186    168.444     39.298    127.393     33.210    -23.766     25.931
     10.200    167.178     36.915    126.218     33.315    -23.647     25.973
     10.214    168.685     38.297    127.625     33.283    -23.798     25.930
     10.229    170.043     36.233    128.691     33.055    -23.710     25.694
     10.243    169.864     36.846    128.767     33.320    -23.614     25.946
     10.257    171.057     35.012    126.533     33.629    -23.821     25.945
     10.271    172.076     35.118    127.375     33.314    -23.718     25.768
     10.286    172.380     36.054    127.845     32.966    -24.012     25.951
     10.300    171.617     35.023    129.520     32.806    -23.824     25.840
     10.314    172.352     33.257    130.448     32.861    -23.540     25.776
     10.329    173.031     35.797    130.798     33.213    -23.809     26.052
     10.343    173.221     34.912    130.858     33.054    -23.790     26.171
     10.357    173.436     34.534    131.276     33.233    -23.440     25.887
     10.371    175.091     33.812    131.819     33.128    -23.750     26.040
     10.386    173.054     35.412    130.474     33.193    -23.652     25.859
     10.400    175.310     32.168    132.708     32.948    -23.798     26.147
     10.414    175.793     34.487    132.803     32.878    -23.800     25.849
     10.429    177.487     33.415    132.966     33.013    -23.837     25.926
     10.443    177.725     32.688    131.158     32.955    -23.652     26.022
     10.457    176.326     32.476    135.622     32.986    -23.618     26.201
     10.471    177.944     30.821    134.407     32.946    -23.410     25.825
     10.486    176.904     31.829    134.607     32.954    -23.803     25.867
     10.500    178.380     29.817    135.054     33.017    -23.683     25.847
     10.514    177.363     30.636    135.660     33.139    -23.638     26.144
     10.529    180.809     30.860    135.976     32.778    -23.692     25.948
     10.543    179.700     30.787    133.415     32.926    -23.453     26.047
     10.557    178.191     30.937    135.306     32.864    -23.483     26.075
     10.571    181.784     29.406    135.000     32.807    -23.433     25.986
     10.586    181.076     28.053    135.434     32.834    -23.644     25.854
     10.600    180.927     28.530    136.486     32.785    -23.536     25.977
     10.614    181.971     28.346    139.497     33.026    -23.601     26.056
     10.629    180.980     27.974    138.313     32.662    -23.659     25.846
     10.643    182.899     26.496    139.842     32.827    -23.793     25.726
     10.657    182.230     27.405    139.373     32.811    -23.580     26.301
     10.671    183.584     27.268    138.985     32.934    -23.537     25.989
     10.686    185.615     25.548    140.739     32.970    -23.334     26.147
     10.700    183.376     25.983    141.059     33.035    -23.730     26.308
     10.714    185.180     24.070    139.454     32.804    -23.805     25.911
     10.729    187.241     24.542    139.582     33.008    -23.428     26.151
     10.743    188.630     25.010    139.715     32.665    -23.446     26.079
     10.757    187.769     24.492    143.043     32.762    -23.541     26.157
     10.771    187.761     25.162    142.143     32.862    -23.337     25.880
     10.786    188.216     24.046    142.818     32.604    -23.572     26.207
     10.800    187.416     23.751    141.804     32.827    -23.531     26.080
     10.814    188.822     22.933    141.582     32.751    -23.588     26.150
     10.829    191.892     23.344    142.242     32.777    -23.683     25.929
     10.843    188.825     21.615    143.123     32.730    -23.361     25.961
     10.857    189.176     24.458    142.724     32.583    -23.269     25.952
     10.871    191.315     20.542    145.402     32.702    -23.462     25.633
     10.886    190.629     22.045    144.549     32.815    -23.340     26.030
     10.900    191.635     20.402    144.513     32.782    -23.384     26.182
     10.914    193.539     20.669    144.687     32.851    -23.768     26.086
     10.929    192.357     20.825    147.089     32.785    -23.518     25.964
     10.943    191.422     21.964    147.545     32.566    -23.425     25.962
     10.957    192.600     20.611    147.260     32.855    -23.367     26.084
     10.971    193.736     19.239    147.849     32.603    -23.337     25.793
     10.986    195.692     19.556    148.264     32.677    -23.333     25.871
     11.000    195.001     20.635    149.283     32.648    -23.319     26.252
     11.014    195.883     19.155    149.327     32.820    -23.569     26.060
     11.029    196.342     19.513    148.160     32.806    -23.664     25.818
     11.043    196.392     19.291    149.247     32.533    -23.461     26.274
     11.057    197.189     16.784    148.524     32.596    -23.190     25.907
     11.071    197.308     17.973    149.181     32.861    -23.383     25.916
     11.086    196.852     18.551    149.690     32.724    -23.188     26.418
     11.100    199.276     15.362    150.066     32.672    -23.426     25.927
     11.114    198.439     16.981    149.863     32.739    -23.226     26.130
     11.129    199.996     17.638    151.104     32.916    -23.672     26.013
     11.143    200.424     15.628    151.879     32.518    -23.673     26.048
     11.157    200.743     16.497    153.756     32.557    -23.282     26.147
     11.171    199.143     13.853    152.204     32.598    -23.167     26.157
     11.186    200.606     13.619    153.185     32.512    -23.347     25.975
     11.200    200.332     13.952    153.532     32.456    -23.276     25.934
     11.214    201.082     15.886    154.274     32.594    -23.035     25.985
     11.229    202.550     13.724    154.522     32.539    -23.323     25.991
     11.243    203.838     13.086    154.700     32.601    -23.389     26.230
     11.257    203.101     15.046    154.624     32.320    -23.358     26.079
     11.271    203.903     13.684    156.088     32.294    -23.542     26.028
     11.286    206.147     11.167    156.190     32.773    -23.253     26.034
     11.300    203.843     12.558    155.548     32.382    -23.199     25.973
     11.314    204.623     12.354    155.941     32.142    -22.987     26.146
     11.329    206.092     13.038    157.127     32.388    -23.274     26.129
     11.343    205.372     10.350    156.042     32.463    -23.230     25.941
     11.357    206.648     11.404    156.096     32.618    -22.951     26.128
     11.371    207.435     10.890    157.890     32.481    -23.234     26.195
     11.386    206.581     10.336    157.706     32.343    -23.253     25.940
     11.400    208.437     11.267    158.612     32.653    -23.080     26.038
     11.414    208.665      9.679    158.765     32.543    -23.413     26.330
     11.429    209.136      8.286    158.815     32.537    -23.165     26.358
     11.443    208.534      8.875    159.586     32.721    -22.906     26.286
