#     snap       t     L_x     L_y     L_z     L_mag
       440   6.286    0.55    0.27   -0.79   2.665e+12
       441   6.300    0.54    0.28   -0.80   2.688e+12
       442   6.314    0.56    0.25   -0.79   2.710e+12
       443   6.329    0.56    0.27   -0.78   2.730e+12
       444   6.343    0.56    0.25   -0.79   2.770e+12
       445   6.357    0.55    0.26   -0.79   2.732e+12
       446   6.371    0.57    0.25   -0.78   2.771e+12
       447   6.386    0.57    0.26   -0.78   2.864e+12
       448   6.400    0.58    0.26   -0.77   2.807e+12
       449   6.414    0.56    0.26   -0.79   2.770e+12
       450   6.429    0.57    0.24   -0.79   2.785e+12
       451   6.443    0.58    0.26   -0.77   2.784e+12
       452   6.457    0.57    0.26   -0.78   2.868e+12
       453   6.471    0.58    0.26   -0.77   2.914e+12
       454   6.486    0.58    0.24   -0.78   2.974e+12
       455   6.500    0.58    0.25   -0.78   2.834e+12
       456   6.514    0.57    0.24   -0.78   2.983e+12
       457   6.529    0.58    0.25   -0.77   2.910e+12
       458   6.543    0.58    0.24   -0.78   3.006e+12
       459   6.557    0.59    0.24   -0.77   2.924e+12
       460   6.571    0.59    0.25   -0.77   3.023e+12
       461   6.586    0.59    0.23   -0.77   3.032e+12
       462   6.600    0.60    0.24   -0.76   3.010e+12
       463   6.614    0.60    0.24   -0.76   2.926e+12
       464   6.629    0.59    0.24   -0.77   2.961e+12
       465   6.643    0.58    0.25   -0.77   2.995e+12
       466   6.657    0.60    0.24   -0.77   3.018e+12
       467   6.671    0.59    0.23   -0.77   2.985e+12
       468   6.686    0.60    0.25   -0.76   2.956e+12
       469   6.700    0.58    0.24   -0.78   3.032e+12
       470   6.714    0.60    0.24   -0.77   3.036e+12
       471   6.729    0.59    0.25   -0.77   2.933e+12
       472   6.743    0.60    0.23   -0.76   2.982e+12
       473   6.757    0.57    0.25   -0.78   2.993e+12
       474   6.771    0.61    0.23   -0.76   3.063e+12
       475   6.786    0.59    0.25   -0.77   3.076e+12
       476   6.800    0.60    0.23   -0.76   3.152e+12
       477   6.814    0.59    0.23   -0.77   3.022e+12
       478   6.829    0.60    0.24   -0.77   2.989e+12
       479   6.843    0.59    0.23   -0.77   3.010e+12
       480   6.857    0.60    0.23   -0.77   3.067e+12
       481   6.871    0.60    0.23   -0.76   3.074e+12
       482   6.886    0.60    0.23   -0.77   3.008e+12
       483   6.900    0.60    0.24   -0.76   2.987e+12
       484   6.914    0.59    0.25   -0.77   2.926e+12
       485   6.929    0.59    0.23   -0.77   2.929e+12
       486   6.943    0.59    0.25   -0.77   3.085e+12
       487   6.957    0.60    0.24   -0.77   3.016e+12
       488   6.971    0.59    0.23   -0.77   3.031e+12
       489   6.986    0.59    0.23   -0.77   3.017e+12
       490   7.000    0.61    0.22   -0.76   3.050e+12
       491   7.014    0.61    0.23   -0.76   3.040e+12
       492   7.029    0.59    0.24   -0.78   3.109e+12
       493   7.043    0.60    0.23   -0.77   3.096e+12
       494   7.057    0.59    0.23   -0.77   3.021e+12
       495   7.071    0.60    0.23   -0.77   2.986e+12
       496   7.086    0.59    0.23   -0.77   3.073e+12
       497   7.100    0.59    0.24   -0.77   3.035e+12
       498   7.114    0.60    0.22   -0.77   3.060e+12
       499   7.129    0.60    0.23   -0.77   3.083e+12
       500   7.143    0.61    0.22   -0.76   2.937e+12
       501   7.157    0.61    0.22   -0.77   2.881e+12
       502   7.171    0.59    0.22   -0.78   2.889e+12
       503   7.186    0.60    0.22   -0.77   2.864e+12
       504   7.200    0.59    0.24   -0.77   2.833e+12
       505   7.214    0.60    0.23   -0.77   3.006e+12
       506   7.229    0.58    0.22   -0.79   2.838e+12
       507   7.243    0.59    0.23   -0.77   2.922e+12
       508   7.257    0.60    0.23   -0.77   2.970e+12
       509   7.271    0.60    0.21   -0.77   2.915e+12
       510   7.286    0.60    0.23   -0.76   2.962e+12
       511   7.300    0.60    0.23   -0.76   2.809e+12
       512   7.314    0.60    0.23   -0.76   2.837e+12
       513   7.329    0.59    0.23   -0.78   2.889e+12
       514   7.343    0.61    0.23   -0.76   2.784e+12
       515   7.357    0.60    0.24   -0.76   2.785e+12
       516   7.371    0.60    0.22   -0.77   2.872e+12
       517   7.386    0.59    0.22   -0.78   2.614e+12
       518   7.400    0.58    0.22   -0.79   2.830e+12
       519   7.414    0.59    0.23   -0.78   2.645e+12
       520   7.429    0.56    0.22   -0.80   2.661e+12
       521   7.443    0.59    0.22   -0.77   2.651e+12
       522   7.457    0.59    0.23   -0.77   2.840e+12
       523   7.471    0.59    0.23   -0.78   2.621e+12
       524   7.486    0.60    0.23   -0.77   2.685e+12
       525   7.500    0.58    0.24   -0.78   2.820e+12
       526   7.514    0.59    0.22   -0.78   2.821e+12
       527   7.529    0.58    0.23   -0.78   2.654e+12
       528   7.543    0.59    0.23   -0.78   2.547e+12
       529   7.557    0.59    0.22   -0.78   2.706e+12
       530   7.571    0.58    0.23   -0.78   2.697e+12
       531   7.586    0.59    0.23   -0.77   2.593e+12
       532   7.600    0.57    0.24   -0.78   2.669e+12
       533   7.614    0.57    0.23   -0.79   2.543e+12
       534   7.629    0.59    0.22   -0.78   2.788e+12
       535   7.643    0.58    0.23   -0.78   2.749e+12
       536   7.657    0.58    0.23   -0.78   2.547e+12
       537   7.671    0.57    0.23   -0.79   2.584e+12
       538   7.686    0.58    0.23   -0.78   2.612e+12
       539   7.700    0.57    0.23   -0.79   2.340e+12
       540   7.714    0.58    0.23   -0.78   2.459e+12
       541   7.729    0.56    0.23   -0.79   2.401e+12
       542   7.743    0.57    0.22   -0.79   2.597e+12
       543   7.757    0.58    0.23   -0.78   2.526e+12
       544   7.771    0.59    0.21   -0.78   2.579e+12
       545   7.786    0.57    0.22   -0.79   2.483e+12
       546   7.800    0.58    0.24   -0.78   2.361e+12
       547   7.814    0.56    0.23   -0.80   2.306e+12
       548   7.829    0.56    0.24   -0.79   2.428e+12
       549   7.843    0.57    0.22   -0.79   2.464e+12
       550   7.857    0.56    0.24   -0.79   2.495e+12
       551   7.871    0.57    0.23   -0.79   2.486e+12
       552   7.886    0.57    0.23   -0.79   2.412e+12
       553   7.900    0.57    0.23   -0.78   2.351e+12
       554   7.914    0.55    0.24   -0.80   2.244e+12
       555   7.929    0.56    0.23   -0.79   2.316e+12
       556   7.943    0.57    0.24   -0.79   2.286e+12
       557   7.957    0.56    0.23   -0.79   2.369e+12
       558   7.971    0.56    0.23   -0.80   2.308e+12
       559   7.986    0.57    0.24   -0.79   2.303e+12
       560   8.000    0.56    0.24   -0.79   2.316e+12
       561   8.014    0.56    0.22   -0.80   2.325e+12
       562   8.029    0.58    0.24   -0.78   2.366e+12
       563   8.043    0.57    0.22   -0.79   2.370e+12
       564   8.057    0.56    0.23   -0.80   2.349e+12
       565   8.071    0.58    0.23   -0.78   2.402e+12
       566   8.086    0.56    0.23   -0.79   2.409e+12
       567   8.100    0.58    0.23   -0.78   2.455e+12
       568   8.114    0.56    0.23   -0.80   2.388e+12
       569   8.129    0.57    0.23   -0.79   2.372e+12
       570   8.143    0.57    0.24   -0.79   2.428e+12
       571   8.157    0.57    0.23   -0.79   2.443e+12
       572   8.171    0.56    0.24   -0.79   2.441e+12
       573   8.186    0.57    0.22   -0.79   2.454e+12
       574   8.200    0.57    0.23   -0.79   2.425e+12
       575   8.214    0.58    0.22   -0.79   2.496e+12
       576   8.229    0.58    0.24   -0.78   2.561e+12
       577   8.243    0.58    0.23   -0.78   2.513e+12
       578   8.257    0.60    0.23   -0.77   2.542e+12
       579   8.271    0.58    0.23   -0.78   2.586e+12
       580   8.286    0.58    0.24   -0.78   2.522e+12
       581   8.300    0.57    0.22   -0.79   2.554e+12
       582   8.314    0.59    0.22   -0.77   2.630e+12
       583   8.329    0.57    0.24   -0.79   2.564e+12
       584   8.343    0.58    0.23   -0.78   2.695e+12
       585   8.357    0.59    0.23   -0.78   2.668e+12
       586   8.371    0.58    0.23   -0.78   2.544e+12
       587   8.386    0.58    0.24   -0.78   2.645e+12
       588   8.400    0.58    0.25   -0.78   2.603e+12
       589   8.414    0.59    0.23   -0.78   2.593e+12
       590   8.429    0.59    0.24   -0.77   2.633e+12
       591   8.443    0.59    0.24   -0.77   2.725e+12
       592   8.457    0.60    0.23   -0.77   2.675e+12
       593   8.471    0.58    0.24   -0.78   2.769e+12
       594   8.486    0.59    0.24   -0.77   2.685e+12
       595   8.500    0.59    0.23   -0.78   2.643e+12
       596   8.514    0.57    0.23   -0.79   2.663e+12
       597   8.529    0.59    0.25   -0.77   2.731e+12
       598   8.543    0.59    0.25   -0.77   2.821e+12
       599   8.557    0.59    0.23   -0.77   2.791e+12
       600   8.571    0.58    0.23   -0.78   2.687e+12
       601   8.586    0.59    0.22   -0.78   2.794e+12
       602   8.600    0.59    0.23   -0.77   2.808e+12
       603   8.614    0.61    0.22   -0.76   2.826e+12
       604   8.629    0.61    0.22   -0.76   2.737e+12
       605   8.643    0.60    0.22   -0.77   2.769e+12
       606   8.657    0.59    0.23   -0.78   2.806e+12
       607   8.671    0.60    0.24   -0.76   2.884e+12
       608   8.686    0.59    0.23   -0.78   2.785e+12
       609   8.700    0.59    0.21   -0.78   2.786e+12
       610   8.714    0.60    0.23   -0.76   2.744e+12
       611   8.729    0.60    0.22   -0.77   2.859e+12
       612   8.743    0.59    0.23   -0.78   2.868e+12
       613   8.757    0.59    0.23   -0.77   2.838e+12
       614   8.771    0.59    0.23   -0.77   2.856e+12
       615   8.786    0.59    0.23   -0.78   2.814e+12
       616   8.800    0.60    0.23   -0.77   2.866e+12
       617   8.814    0.60    0.22   -0.77   2.870e+12
       618   8.829    0.59    0.23   -0.77   2.852e+12
       619   8.843    0.60    0.22   -0.77   2.940e+12
       620   8.857    0.60    0.23   -0.76   2.817e+12
       621   8.871    0.60    0.21   -0.77   2.747e+12
       622   8.886    0.58    0.23   -0.78   2.679e+12
       623   8.900    0.58    0.21   -0.78   2.647e+12
       624   8.914    0.59    0.23   -0.77   2.754e+12
       625   8.929    0.60    0.23   -0.77   2.829e+12
       626   8.943    0.59    0.23   -0.78   2.821e+12
       627   8.957    0.59    0.22   -0.78   2.832e+12
       628   8.971    0.57    0.24   -0.78   2.771e+12
       629   8.986    0.59    0.23   -0.77   2.910e+12
       630   9.000    0.59    0.22   -0.78   2.879e+12
       631   9.014    0.59    0.22   -0.77   2.851e+12
       632   9.029    0.60    0.22   -0.77   3.014e+12
       633   9.043    0.59    0.22   -0.77   2.809e+12
       634   9.057    0.59    0.22   -0.77   2.746e+12
       635   9.071    0.58    0.23   -0.78   2.814e+12
       636   9.086    0.59    0.22   -0.78   2.757e+12
       637   9.100    0.60    0.22   -0.77   2.806e+12
       638   9.114    0.59    0.22   -0.78   2.789e+12
       639   9.129    0.59    0.22   -0.78   2.880e+12
       640   9.143    0.59    0.22   -0.78   2.869e+12
       641   9.157    0.59    0.20   -0.78   2.739e+12
       642   9.171    0.57    0.22   -0.79   2.707e+12
       643   9.186    0.60    0.22   -0.77   2.816e+12
       644   9.200    0.60    0.21   -0.77   2.887e+12
       645   9.214    0.59    0.20   -0.78   2.844e+12
       646   9.229    0.59    0.22   -0.77   2.825e+12
       647   9.243    0.59    0.22   -0.78   2.748e+12
       648   9.257    0.59    0.23   -0.77   2.941e+12
       649   9.271    0.58    0.21   -0.79   2.944e+12
       650   9.286    0.59    0.22   -0.78   2.849e+12
       651   9.300    0.60    0.22   -0.77   2.722e+12
       652   9.314    0.59    0.21   -0.78   2.905e+12
       653   9.329    0.59    0.22   -0.77   2.984e+12
       654   9.343    0.58    0.22   -0.78   2.928e+12
       655   9.357    0.58    0.21   -0.79   2.860e+12
       656   9.371    0.57    0.23   -0.79   2.933e+12
       657   9.386    0.60    0.22   -0.77   2.895e+12
       658   9.400    0.60    0.22   -0.77   2.981e+12
       659   9.414    0.58    0.21   -0.79   2.941e+12
       660   9.429    0.59    0.22   -0.78   2.965e+12
       661   9.443    0.59    0.22   -0.78   3.125e+12
       662   9.457    0.60    0.21   -0.77   2.954e+12
       663   9.471    0.59    0.21   -0.78   2.936e+12
       664   9.486    0.60    0.21   -0.77   2.978e+12
       665   9.500    0.59    0.22   -0.78   2.891e+12
       666   9.514    0.58    0.21   -0.79   3.023e+12
       667   9.529    0.59    0.20   -0.78   2.983e+12
       668   9.543    0.58    0.21   -0.79   2.958e+12
       669   9.557    0.59    0.22   -0.78   2.868e+12
       670   9.571    0.59    0.21   -0.78   2.881e+12
       671   9.586    0.60    0.21   -0.77   2.925e+12
       672   9.600    0.61    0.21   -0.76   3.097e+12
       673   9.614    0.60    0.22   -0.77   3.045e+12
       674   9.629    0.58    0.22   -0.79   2.849e+12
       675   9.643    0.59    0.20   -0.78   2.931e+12
       676   9.657    0.59    0.21   -0.78   3.009e+12
       677   9.671    0.60    0.20   -0.77   3.076e+12
       678   9.686    0.59    0.20   -0.78   2.931e+12
       679   9.700    0.60    0.20   -0.78   3.089e+12
       680   9.714    0.60    0.20   -0.77   2.980e+12
       681   9.729    0.60    0.21   -0.77   3.098e+12
       682   9.743    0.59    0.18   -0.78   2.948e+12
       683   9.757    0.62    0.20   -0.76   3.203e+12
       684   9.771    0.59    0.20   -0.78   2.862e+12
       685   9.786    0.60    0.20   -0.78   2.898e+12
       686   9.800    0.59    0.18   -0.79   2.964e+12
       687   9.814    0.60    0.20   -0.78   3.033e+12
       688   9.829    0.59    0.21   -0.78   3.042e+12
       689   9.843    0.60    0.20   -0.77   3.004e+12
       690   9.857    0.59    0.20   -0.78   3.042e+12
       691   9.871    0.60    0.20   -0.77   2.992e+12
       692   9.886    0.60    0.20   -0.78   3.100e+12
       693   9.900    0.61    0.20   -0.77   3.062e+12
       694   9.914    0.60    0.19   -0.78   2.919e+12
       695   9.929    0.61    0.20   -0.77   3.147e+12
       696   9.943    0.60    0.19   -0.78   3.099e+12
       697   9.957    0.60    0.20   -0.77   3.045e+12
       698   9.971    0.60    0.21   -0.78   3.026e+12
       699   9.986    0.61    0.20   -0.76   3.160e+12
       700  10.000    0.60    0.19   -0.78   3.058e+12
       701  10.014    0.61    0.20   -0.76   3.137e+12
       702  10.029    0.62    0.22   -0.76   3.191e+12
       703  10.043    0.61    0.19   -0.77   3.034e+12
       704  10.057    0.61    0.21   -0.77   3.107e+12
       705  10.071    0.60    0.20   -0.77   3.088e+12
       706  10.086    0.60    0.19   -0.77   3.167e+12
       707  10.100    0.61    0.19   -0.77   3.187e+12
       708  10.114    0.61    0.18   -0.77   3.093e+12
       709  10.129    0.61    0.18   -0.77   3.196e+12
       710  10.143    0.62    0.19   -0.76   3.140e+12
       711  10.157    0.62    0.19   -0.76   3.284e+12
       712  10.171    0.61    0.20   -0.76   3.196e+12
       713  10.186    0.62    0.19   -0.76   3.269e+12
       714  10.200    0.61    0.19   -0.77   3.303e+12
       715  10.214    0.61    0.21   -0.76   3.201e+12
       716  10.229    0.61    0.20   -0.77   3.189e+12
       717  10.243    0.62    0.19   -0.76   3.057e+12
       718  10.257    0.62    0.18   -0.76   3.218e+12
       719  10.271    0.62    0.19   -0.76   3.321e+12
       720  10.286    0.61    0.20   -0.77   3.257e+12
       721  10.300    0.62    0.20   -0.76   3.304e+12
       722  10.314    0.62    0.18   -0.76   3.288e+12
       723  10.329    0.61    0.19   -0.77   3.340e+12
       724  10.343    0.62    0.19   -0.76   3.194e+12
       725  10.357    0.61    0.17   -0.77   3.255e+12
       726  10.371    0.62    0.18   -0.77   3.298e+12
       727  10.386    0.62    0.19   -0.76   3.367e+12
       728  10.400    0.63    0.19   -0.75   3.320e+12
       729  10.414    0.61    0.20   -0.77   3.275e+12
       730  10.429    0.61    0.20   -0.77   3.455e+12
       731  10.443    0.62    0.20   -0.76   3.399e+12
       732  10.457    0.61    0.20   -0.77   3.245e+12
       733  10.471    0.61    0.20   -0.76   3.330e+12
       734  10.486    0.63    0.19   -0.75   3.323e+12
       735  10.500    0.63    0.20   -0.75   3.410e+12
       736  10.514    0.61    0.19   -0.77   3.307e+12
       737  10.529    0.63    0.19   -0.75   3.349e+12
       738  10.543    0.63    0.20   -0.75   3.304e+12
       739  10.557    0.62    0.19   -0.76   3.244e+12
       740  10.571    0.61    0.17   -0.77   3.285e+12
       741  10.586    0.61    0.19   -0.77   3.301e+12
       742  10.600    0.61    0.21   -0.77   3.235e+12
       743  10.614    0.62    0.20   -0.76   3.253e+12
       744  10.629    0.62    0.18   -0.76   3.324e+12
       745  10.643    0.62    0.19   -0.76   3.191e+12
       746  10.657    0.63    0.19   -0.75   3.409e+12
       747  10.671    0.62    0.20   -0.76   3.243e+12
       748  10.686    0.62    0.19   -0.76   3.399e+12
       749  10.700    0.62    0.19   -0.76   3.475e+12
       750  10.714    0.63    0.19   -0.76   3.390e+12
       751  10.729    0.61    0.19   -0.77   3.428e+12
       752  10.743    0.62    0.19   -0.77   3.233e+12
       753  10.757    0.61    0.20   -0.77   3.202e+12
       754  10.771    0.61    0.20   -0.77   3.039e+12
       755  10.786    0.64    0.19   -0.75   3.269e+12
       756  10.800    0.62    0.19   -0.76   3.367e+12
       757  10.814    0.61    0.19   -0.77   3.322e+12
       758  10.829    0.62    0.18   -0.76   3.110e+12
       759  10.843    0.63    0.19   -0.76   3.072e+12
       760  10.857    0.60    0.18   -0.78   3.265e+12
       761  10.871    0.62    0.18   -0.76   3.124e+12
       762  10.886    0.62    0.20   -0.76   3.244e+12
       763  10.900    0.62    0.19   -0.76   3.160e+12
       764  10.914    0.62    0.18   -0.76   3.174e+12
       765  10.929    0.62    0.19   -0.76   3.242e+12
       766  10.943    0.62    0.20   -0.76   3.330e+12
       767  10.957    0.62    0.20   -0.76   3.298e+12
       768  10.971    0.62    0.19   -0.76   3.257e+12
       769  10.986    0.62    0.17   -0.77   3.172e+12
       770  11.000    0.63    0.21   -0.75   3.411e+12
       771  11.014    0.61    0.20   -0.77   3.213e+12
       772  11.029    0.62    0.19   -0.76   3.261e+12
       773  11.043    0.62    0.19   -0.76   3.153e+12
       774  11.057    0.62    0.18   -0.77   3.302e+12
       775  11.071    0.62    0.18   -0.76   3.075e+12
       776  11.086    0.62    0.19   -0.76   3.131e+12
       777  11.100    0.61    0.18   -0.77   3.178e+12
       778  11.114    0.61    0.19   -0.77   3.096e+12
       779  11.129    0.62    0.18   -0.77   3.154e+12
       780  11.143    0.62    0.19   -0.76   3.253e+12
       781  11.157    0.61    0.19   -0.76   3.234e+12
       782  11.171    0.61    0.19   -0.77   3.195e+12
       783  11.186    0.61    0.19   -0.77   3.255e+12
       784  11.200    0.62    0.20   -0.76   3.160e+12
       785  11.214    0.62    0.20   -0.76   3.043e+12
       786  11.229    0.61    0.18   -0.77   3.025e+12
       787  11.243    0.61    0.19   -0.77   3.041e+12
       788  11.257    0.61    0.19   -0.77   3.166e+12
       789  11.271    0.62    0.18   -0.76   3.038e+12
       790  11.286    0.61    0.19   -0.77   3.163e+12
       791  11.300    0.61    0.19   -0.77   3.224e+12
       792  11.314    0.62    0.18   -0.77   3.098e+12
       793  11.329    0.61    0.18   -0.77   3.089e+12
       794  11.343    0.62    0.19   -0.76   3.152e+12
       795  11.357    0.63    0.19   -0.76   3.016e+12
       796  11.371    0.61    0.18   -0.77   3.187e+12
       797  11.386    0.60    0.18   -0.78   2.997e+12
       798  11.400    0.61    0.17   -0.78   2.990e+12
       799  11.414    0.62    0.17   -0.77   3.118e+12
       800  11.429    0.61    0.17   -0.77   3.224e+12
       801  11.443    0.62    0.16   -0.77   2.892e+12
