#   gal    snap       t       a     err
     MW       0   0.000    61.6     0.5
     MW       1   0.014    61.0     0.1
     MW       2   0.029    60.1     0.4
     MW       3   0.043    60.9     0.2
     MW       4   0.057    60.6     0.3
     MW       5   0.071    62.2     0.4
     MW       6   0.086    62.0     0.5
     MW       7   0.100    61.4     0.1
     MW       8   0.114    61.5     0.1
     MW       9   0.129    61.1     0.1
     MW      10   0.143    61.0     0.2
     MW      11   0.157    61.9     0.3
     MW      12   0.171    60.5     0.3
     MW      13   0.186    60.9     0.1
     MW      14   0.200    61.5     0.1
     MW      15   0.214    61.5     0.1
     MW      16   0.229    61.5     0.1
     MW      17   0.243    60.7     0.2
     MW      18   0.257    60.8     0.2
     MW      19   0.271    61.1     0.1
     MW      20   0.286    61.0     0.1
     MW      21   0.300    61.9     0.1
     MW      22   0.314    61.2     0.0
     MW      23   0.329    60.6     0.2
     MW      24   0.343    60.5     0.2
     MW      25   0.357    60.8     0.1
     MW      26   0.371    61.0     0.1
     MW      27   0.386    62.1     0.2
     MW      28   0.400    61.5     0.1
     MW      29   0.414    60.6     0.2
     MW      30   0.429    61.3     0.1
     MW      31   0.443    60.9     0.2
     MW      32   0.457    61.0     0.1
     MW      33   0.471    61.2     0.1
     MW      34   0.486    60.8     0.1
     MW      35   0.500    60.9     0.1
     MW      36   0.514    60.4     0.3
     MW      37   0.529    61.1     0.1
     MW      38   0.543    60.8     0.2
     MW      39   0.557    60.4     0.2
     MW      40   0.571    60.7     0.3
     MW      41   0.586    61.2     0.1
     MW      42   0.600    61.3     0.0
     MW      43   0.614    61.0     0.1
     MW      44   0.629    60.6     0.2
     MW      45   0.643    60.9     0.1
     MW      46   0.657    60.7     0.1
     MW      47   0.671    60.9     0.1
     MW      48   0.686    60.7     0.1
     MW      49   0.700    61.3     0.1
     MW      50   0.714    61.3     0.1
     MW      51   0.729    61.5     0.1
     MW      52   0.743    61.3     0.1
     MW      53   0.757    60.9     0.1
     MW      54   0.771    61.2     0.2
     MW      55   0.786    61.9     0.3
     MW      56   0.800    61.3     0.1
     MW      57   0.814    61.9     0.2
     MW      58   0.829    61.5     0.2
     MW      59   0.843    61.2     0.1
     MW      60   0.857    61.5     0.1
     MW      61   0.871    60.9     0.2
     MW      62   0.886    61.5     0.2
     MW      63   0.900    60.9     0.3
     MW      64   0.914    60.4     0.2
     MW      65   0.929    61.6     0.2
     MW      66   0.943    60.9     0.2
     MW      67   0.957    61.1     0.1
     MW      68   0.971    61.4     0.2
     MW      69   0.986    61.1     0.1
     MW      70   1.000    60.5     0.2
     MW      71   1.014    60.8     0.1
     MW      72   1.029    60.7     0.2
     MW      73   1.043    61.3     0.2
     MW      74   1.057    60.4     0.3
     MW      75   1.071    61.8     0.2
     MW      76   1.086    60.8     0.1
     MW      77   1.100    60.7     0.3
     MW      78   1.114    60.9     0.3
     MW      79   1.129    61.3     0.0
     MW      80   1.143    61.4     0.3
     MW      81   1.157    60.9     0.1
     MW      82   1.171    61.3     0.1
     MW      83   1.186    61.9     0.2
     MW      84   1.200    61.5     0.1
     MW      85   1.214    60.7     0.2
     MW      86   1.229    61.1     0.1
     MW      87   1.243    60.7     0.1
     MW      88   1.257    60.7     0.0
     MW      89   1.271    61.4     0.1
     MW      90   1.286    61.5     0.1
     MW      91   1.300    61.5     0.2
     MW      92   1.314    60.7     0.2
     MW      93   1.329    61.5     0.3
     MW      94   1.343    60.9     0.2
     MW      95   1.357    60.4     0.3
     MW      96   1.371    61.0     0.2
     MW      97   1.386    61.3     0.1
     MW      98   1.400    61.0     0.2
     MW      99   1.414    61.2     0.1
     MW     100   1.429    61.7     0.3
     MW     101   1.443    61.5     0.2
     MW     102   1.457    60.7     0.2
     MW     103   1.471    61.2     0.1
     MW     104   1.486    61.7     0.1
     MW     105   1.500    61.6     0.2
     MW     106   1.514    61.1     0.1
     MW     107   1.529    61.3     0.0
     MW     108   1.543    61.2     0.1
     MW     109   1.557    60.5     0.3
     MW     110   1.571    61.0     0.2
     MW     111   1.586    60.9     0.3
     MW     112   1.600    60.8     0.2
     MW     113   1.614    60.7     0.3
     MW     114   1.629    61.2     0.1
     MW     115   1.643    60.8     0.2
     MW     116   1.657    60.9     0.1
     MW     117   1.671    60.8     0.2
     MW     118   1.686    60.1     0.3
     MW     119   1.700    61.1     0.1
     MW     120   1.714    61.5     0.1
     MW     121   1.729    61.3     0.1
     MW     122   1.743    60.8     0.2
     MW     123   1.757    60.9     0.1
     MW     124   1.771    60.3     0.3
     MW     125   1.786    60.8     0.1
     MW     126   1.800    61.3     0.1
     MW     127   1.814    61.1     0.1
     MW     128   1.829    61.3     0.1
     MW     129   1.843    61.6     0.1
     MW     130   1.857    61.2     0.2
     MW     131   1.871    61.6     0.1
     MW     132   1.886    61.0     0.1
     MW     133   1.900    60.9     0.2
     MW     134   1.914    60.4     0.5
     MW     135   1.929    60.9     0.1
     MW     136   1.943    61.1     0.2
     MW     137   1.957    61.6     0.1
     MW     138   1.971    60.8     0.2
     MW     139   1.986    60.9     0.1
     MW     140   2.000    60.7     0.3
     MW     141   2.014    60.8     0.2
     MW     142   2.029    60.9     0.2
     MW     143   2.043    61.3     0.2
     MW     144   2.057    61.4     0.1
     MW     145   2.071    61.4     0.1
     MW     146   2.086    61.3     0.1
     MW     147   2.100    60.8     0.2
     MW     148   2.114    61.4     0.1
     MW     149   2.129    60.5     0.4
     MW     150   2.143    60.7     0.2
     MW     151   2.157    60.8     0.2
     MW     152   2.171    61.1     0.1
     MW     153   2.186    61.1     0.2
     MW     154   2.200    61.0     0.1
     MW     155   2.214    60.9     0.1
     MW     156   2.229    61.1     0.0
     MW     157   2.243    61.0     0.2
     MW     158   2.257    61.4     0.0
     MW     159   2.271    60.7     0.1
     MW     160   2.286    61.2     0.1
     MW     161   2.300    61.5     0.1
     MW     162   2.314    60.9     0.1
     MW     163   2.329    61.3     0.1
     MW     164   2.343    61.4     0.1
     MW     165   2.357    60.4     0.2
     MW     166   2.371    60.9     0.1
     MW     167   2.386    61.2     0.1
     MW     168   2.400    60.9     0.2
     MW     169   2.414    60.2     0.3
     MW     170   2.429    61.0     0.2
     MW     171   2.443    61.1     0.1
     MW     172   2.457    61.1     0.3
     MW     173   2.471    60.5     0.3
     MW     174   2.486    61.1     0.1
     MW     175   2.500    60.0     0.3
     MW     176   2.514    61.0     0.2
     MW     177   2.529    60.6     0.3
     MW     178   2.543    60.9     0.2
     MW     179   2.557    61.2     0.1
     MW     180   2.571    61.3     0.2
     MW     181   2.586    61.0     0.2
     MW     182   2.600    61.5     0.1
     MW     183   2.614    60.6     0.3
     MW     184   2.629    61.5     0.1
     MW     185   2.643    61.4     0.1
     MW     186   2.657    61.0     0.1
     MW     187   2.671    61.2     0.1
     MW     188   2.686    61.0     0.3
     MW     189   2.700    61.2     0.2
     MW     190   2.714    60.9     0.2
     MW     191   2.729    61.5     0.2
     MW     192   2.743    60.4     0.5
     MW     193   2.757    60.4     0.2
     MW     194   2.771    61.3     0.1
     MW     195   2.786    60.9     0.3
     MW     196   2.800    60.3     0.3
     MW     197   2.814    60.9     0.2
     MW     198   2.829    60.7     0.2
     MW     199   2.843    60.7     0.1
     MW     200   2.857    60.7     0.1
     MW     201   2.871    60.2     0.1
     MW     202   2.886    61.8     0.1
     MW     203   2.900    61.0     0.3
     MW     204   2.914    61.1     0.1
     MW     205   2.929    61.8     0.1
     MW     206   2.943    61.3     0.1
     MW     207   2.957    61.9     0.1
     MW     208   2.971    61.4     0.1
     MW     209   2.986    60.6     0.3
     MW     210   3.000    61.5     0.3
     MW     211   3.014    60.9     0.1
     MW     212   3.029    61.2     0.1
     MW     213   3.043    61.0     0.1
     MW     214   3.057    61.3     0.1
     MW     215   3.071    60.9     0.3
     MW     216   3.086    60.9     0.1
     MW     217   3.100    61.2     0.1
     MW     218   3.114    60.9     0.1
     MW     219   3.129    61.0     0.0
     MW     220   3.143    60.8     0.0
     MW     221   3.157    61.2     0.2
     MW     222   3.171    60.9     0.2
     MW     223   3.186    60.6     0.1
     MW     224   3.200    61.1     0.1
     MW     225   3.214    60.9     0.1
     MW     226   3.229    61.2     0.1
     MW     227   3.243    61.0     0.2
     MW     228   3.257    61.1     0.1
     MW     229   3.271    61.5     0.3
     MW     230   3.286    61.0     0.1
     MW     231   3.300    61.4     0.2
     MW     232   3.314    61.0     0.1
     MW     233   3.329    60.5     0.1
     MW     234   3.343    61.2     0.1
     MW     235   3.357    60.5     0.2
     MW     236   3.371    60.7     0.3
     MW     237   3.386    60.8     0.1
     MW     238   3.400    61.4     0.1
     MW     239   3.414    61.4     0.2
     MW     240   3.429    61.0     0.2
     MW     241   3.443    60.8     0.1
     MW     242   3.457    60.5     0.2
     MW     243   3.471    60.7     0.1
     MW     244   3.486    60.3     0.1
     MW     245   3.500    60.9     0.1
     MW     246   3.514    60.8     0.1
     MW     247   3.529    60.6     0.1
     MW     248   3.543    60.3     0.3
     MW     249   3.557    61.2     0.3
     MW     250   3.571    60.7     0.1
     MW     251   3.586    60.3     0.1
     MW     252   3.600    60.7     0.1
     MW     253   3.614    60.6     0.1
     MW     254   3.629    60.2     0.3
     MW     255   3.643    60.8     0.1
     MW     256   3.657    60.5     0.2
     MW     257   3.671    60.0     0.1
     MW     258   3.686    60.6     0.1
     MW     259   3.700    60.3     0.1
     MW     260   3.714    60.2     0.2
     MW     261   3.729    60.1     0.1
     MW     262   3.743    59.7     0.2
     MW     263   3.757    60.1     0.2
     MW     264   3.771    60.2     0.1
     MW     265   3.786    60.2     0.1
     MW     266   3.800    59.5     0.4
     MW     267   3.814    60.0     0.2
     MW     268   3.829    59.3     0.1
     MW     269   3.843    59.8     0.2
     MW     270   3.857    59.5     0.2
     MW     271   3.871    59.4     0.2
     MW     272   3.886    59.0     0.2
     MW     273   3.900    58.4     0.2
     MW     274   3.914    57.6     0.2
     MW     275   3.929    57.2     0.3
     MW     276   3.943    57.6     0.4
     MW     277   3.957    56.5     0.3
     MW     278   3.971    56.0     0.3
     MW     279   3.986    54.8     0.3
     MW     280   4.000    54.3     0.3
     MW     281   4.014    53.8     0.4
     MW     282   4.029    53.0     0.4
     MW     283   4.043    52.5     0.4
     MW     284   4.057    52.4     0.4
     MW     285   4.071    52.7     0.5
     MW     286   4.086    52.3     0.5
     MW     287   4.100    52.6     0.5
     MW     288   4.114    53.5     0.6
     MW     289   4.129    54.1     0.7
     MW     290   4.143    53.9     0.6
     MW     291   4.157    55.0     0.6
     MW     292   4.171    54.7     0.6
     MW     293   4.186    55.6     0.6
     MW     294   4.200    57.0     0.6
     MW     295   4.214    56.9     0.6
     MW     296   4.229    57.8     0.6
     MW     297   4.243    58.4     0.6
     MW     298   4.257    59.1     0.6
     MW     299   4.271    59.5     0.5
     MW     300   4.286    60.3     0.6
     MW     301   4.300    61.1     0.6
     MW     302   4.314    61.7     0.6
     MW     303   4.329    61.9     0.5
     MW     304   4.343    63.7     0.6
     MW     305   4.357    63.7     0.7
     MW     306   4.371    64.8     0.5
     MW     307   4.386    65.1     0.6
     MW     308   4.400    65.5     0.5
     MW     309   4.414    66.4     0.6
     MW     310   4.429    66.3     0.5
     MW     311   4.443    67.8     0.5
     MW     312   4.457    67.1     0.7
     MW     313   4.471    68.0     0.6
     MW     314   4.486    68.6     0.7
     MW     315   4.500    69.4     0.6
     MW     316   4.514    70.2     0.5
     MW     317   4.529    69.4     0.7
     MW     318   4.543    70.8     0.7
     MW     319   4.557    70.5     0.8
     MW     320   4.571    70.9     0.7
     MW     321   4.586    71.1     0.8
     MW     322   4.600    71.1     0.9
     MW     323   4.614    73.0     0.8
     MW     324   4.629    72.6     0.9
     MW     325   4.643    73.2     0.9
     MW     326   4.657    73.7     0.9
     MW     327   4.671    73.7     1.0
     MW     328   4.686    73.7     1.1
     MW     329   4.700    73.6     1.2
     MW     330   4.714    74.4     1.1
     MW     331   4.729    74.8     1.1
     MW     332   4.743    75.3     1.1
     MW     333   4.757    74.7     1.3
     MW     334   4.771    74.6     1.4
     MW     335   4.786    75.6     1.3
     MW     336   4.800    75.1     1.5
     MW     337   4.814    75.9     1.3
     MW     338   4.829    75.4     1.5
     MW     339   4.843    76.5     1.3
     MW     340   4.857    75.5     1.5
     MW     341   4.871    76.5     1.4
     MW     342   4.886    77.0     1.4
     MW     343   4.900    77.2     1.4
     MW     344   4.914    77.4     1.4
     MW     345   4.929    76.1     1.6
     MW     346   4.943    77.2     1.5
     MW     347   4.957    76.2     1.6
     MW     348   4.971    76.9     1.6
     MW     349   4.986    77.2     1.7
     MW     350   5.000    77.0     1.6
     MW     351   5.014    76.6     1.7
     MW     352   5.029    76.8     1.7
     MW     353   5.043    77.3     1.7
     MW     354   5.057    77.3     1.6
     MW     355   5.071    76.8     1.7
     MW     356   5.086    76.9     1.7
     MW     357   5.100    76.9     1.9
     MW     358   5.114    77.2     1.8
     MW     359   5.129    77.4     1.7
     MW     360   5.143    76.9     1.8
     MW     361   5.157    77.7     1.7
     MW     362   5.171    77.7     1.7
     MW     363   5.186    77.3     1.8
     MW     364   5.200    77.7     1.7
     MW     365   5.214    77.2     1.9
     MW     366   5.229    77.0     1.8
     MW     367   5.243    77.2     1.7
     MW     368   5.257    77.4     1.8
     MW     369   5.271    76.5     1.9
     MW     370   5.286    76.8     1.7
     MW     371   5.300    76.3     1.9
     MW     372   5.314    76.5     1.8
     MW     373   5.329    75.7     1.9
     MW     374   5.343    75.8     1.8
     MW     375   5.357    75.5     1.9
     MW     376   5.371    75.6     1.9
     MW     377   5.386    75.4     1.9
     MW     378   5.400    75.8     1.9
     MW     379   5.414    75.8     1.9
     MW     380   5.429    76.2     1.8
     MW     381   5.443    75.8     1.8
     MW     382   5.457    76.5     1.8
     MW     383   5.471    75.3     1.9
     MW     384   5.486    76.8     1.7
     MW     385   5.500    76.1     1.7
     MW     386   5.514    76.4     1.8
     MW     387   5.529    76.1     1.7
     MW     388   5.543    76.8     1.7
     MW     389   5.557    77.0     1.7
     MW     390   5.571    77.1     1.6
     MW     391   5.586    78.0     1.6
     MW     392   5.600    77.2     1.6
     MW     393   5.614    77.6     1.6
     MW     394   5.629    76.7     1.6
     MW     395   5.643    77.8     1.6
     MW     396   5.657    77.8     1.6
     MW     397   5.671    77.0     1.6
     MW     398   5.686    77.7     1.5
     MW     399   5.700    77.0     1.6
     MW     400   5.714    76.2     1.5
     MW     401   5.729    76.5     1.5
     MW     402   5.743    77.1     1.4
     MW     403   5.757    77.2     1.4
     MW     404   5.771    77.3     1.4
     MW     405   5.786    76.5     1.4
     MW     406   5.800    75.9     1.3
     MW     407   5.814    74.7     1.4
     MW     408   5.829    73.8     1.4
     MW     409   5.843    72.6     1.4
     MW     410   5.857    70.6     1.6
     MW     411   5.871    69.4     2.1
     MW     412   5.886    68.1     2.3
     MW     413   5.900    69.5     2.3
     MW     414   5.914    70.7     2.4
     MW     415   5.929    73.3     2.7
     MW     416   5.943    72.3     1.9
     MW     417   5.957    73.2     1.7
     MW     418   5.971    75.5     2.1
     MW     419   5.986    77.9     2.4
     MW     420   6.000    78.5     2.1
     MW     421   6.014    78.5     1.4
     MW     422   6.029    78.8     1.1
     MW     423   6.043    79.4     0.9
     MW     424   6.057    80.9     0.9
     MW     425   6.071    83.5     0.9
     MW     426   6.086    84.6     1.0
     MW     427   6.100    86.2     1.1
     MW     428   6.114    89.2     1.9
     MW     429   6.129    90.8     1.7
     MW     430   6.143    94.0     2.3
     MW     431   6.157    95.1     2.1
     MW     432   6.171    96.2     1.5
     MW     433   6.186   101.7     4.8
     MW     434   6.200    98.6     2.0
     MW     435   6.214   102.6     3.5
     MW     436   6.229   105.4     4.1
     MW     437   6.243   106.4     4.3
     MW     440   6.286   106.4     3.4
     MW     441   6.300    93.7     1.5
     MW     442   6.314   106.4     3.0
     MW     443   6.329   108.4     3.9
     MW     445   6.357   106.2     2.3
     MW     446   6.371   110.0     4.9
     MW     447   6.386   105.4     2.1
     MW     448   6.400   104.2     1.7
     MW     449   6.414   107.3     3.1
     MW     450   6.429   104.3     1.7
     MW     451   6.443    98.1     1.7
     MW     452   6.457   106.1     3.1
     MW     453   6.471   104.7     2.3
     MW     454   6.486   104.4     2.4
     MW     455   6.500   107.4     3.7
     MW     456   6.514   106.4     3.1
     MW     457   6.529   109.5     4.8
     MW     458   6.543   104.1     1.7
     MW     459   6.557   100.1     1.0
     MW     460   6.571   106.5     3.1
     MW     461   6.586   105.3     2.4
     MW     462   6.600    99.4     1.4
     MW     463   6.614    98.8     1.6
     MW     464   6.629   104.2     2.4
     MW     465   6.643    98.6     1.6
     MW     466   6.657   100.9     0.9
     MW     467   6.671    98.5     1.2
     MW     468   6.686    99.1     1.3
     MW     469   6.700    99.2     1.3
     MW     470   6.714    97.8     1.3
     MW     471   6.729    99.2     1.1
     MW     472   6.743    99.4     1.3
     MW     473   6.757    98.6     1.2
     MW     474   6.771    97.7     1.4
     MW     475   6.786   102.2     1.5
     MW     476   6.800    97.3     1.5
     MW     477   6.814    98.2     1.3
     MW     478   6.829   102.2     1.1
     MW     479   6.843   101.1     1.5
     MW     480   6.857   102.7     2.7
     MW     481   6.871   101.4     1.2
     MW     482   6.886   102.0     2.1
     MW     483   6.900   102.4     2.4
     MW     484   6.914   101.8     2.4
     MW     485   6.929   100.4     1.5
     MW     486   6.943    99.0     1.4
     MW     487   6.957   101.1     2.2
     MW     488   6.971   100.8     2.2
     MW     489   6.986    99.9     2.2
     MW     490   7.000    99.7     2.0
     MW     491   7.014    98.4     1.5
     MW     492   7.029    97.9     1.3
     MW     493   7.043    98.3     1.5
     MW     494   7.057    98.6     1.1
     MW     495   7.071    99.0     1.7
     MW     496   7.086    99.9     1.6
     MW     497   7.100    99.5     1.5
     MW     498   7.114    99.0     1.2
     MW     499   7.129    99.1     1.8
     MW     500   7.143    98.7     1.4
     MW     501   7.157   100.7     1.9
     MW     502   7.171   101.7     2.1
     MW     503   7.186   100.6     2.1
     MW     504   7.200   100.3     1.4
     MW     505   7.214    98.7     1.0
     MW     506   7.229   101.4     2.4
     MW     507   7.243    99.3     0.9
     MW     508   7.257   100.3     1.4
     MW     509   7.271   101.5     2.1
     MW     510   7.286   101.7     2.1
     MW     511   7.300   101.2     1.9
     MW     512   7.314   102.2     2.1
     MW     513   7.329   102.4     2.7
     MW     514   7.343   101.4     1.9
     MW     515   7.357   101.3     1.9
     MW     516   7.371    99.8     1.1
     MW     517   7.386   100.5     1.9
     MW     518   7.400   100.1     1.4
     MW     519   7.414   102.9     2.7
     MW     520   7.429   100.0     1.7
     MW     521   7.443    99.1     1.5
     MW     522   7.457    99.7     1.5
     MW     523   7.471   100.4     1.7
     MW     524   7.486   101.7     2.4
     MW     525   7.500   101.3     2.4
     MW     526   7.514   102.2     2.4
     MW     527   7.529   100.1     1.6
     MW     528   7.543    99.6     1.4
     MW     529   7.557   100.4     1.8
     MW     530   7.571   100.5     1.6
     MW     531   7.586   100.1     2.0
     MW     532   7.600    99.8     1.5
     MW     533   7.614   100.2     1.6
     MW     534   7.629    99.7     1.2
     MW     535   7.643   100.8     1.5
     MW     536   7.657   100.2     1.5
     MW     537   7.671   100.3     1.4
     MW     538   7.686    99.5     0.7
     MW     539   7.700   100.5     1.1
     MW     540   7.714   101.4     1.7
     MW     541   7.729   100.4     1.7
     MW     542   7.743   100.3     1.2
     MW     543   7.757   101.1     1.4
     MW     544   7.771   100.0     0.7
     MW     545   7.786    99.7     1.0
     MW     546   7.800   100.1     1.5
     MW     547   7.814    97.9     0.8
     MW     548   7.829    98.8     1.2
     MW     549   7.843    98.8     0.9
     MW     550   7.857    98.4     0.9
     MW     551   7.871    97.4     0.9
     MW     552   7.886    97.8     0.9
     MW     553   7.900    98.9     1.0
     MW     554   7.914    97.3     1.0
     MW     555   7.929    96.8     1.2
     MW     556   7.943    97.2     1.2
     MW     557   7.957    97.2     1.3
     MW     558   7.971    98.0     1.0
     MW     559   7.986    98.9     1.1
     MW     560   8.000    97.4     1.2
     MW     561   8.014    97.8     1.4
     MW     562   8.029    97.3     1.5
     MW     563   8.043    97.2     1.3
     MW     564   8.057    98.5     1.2
     MW     565   8.071    98.2     1.1
     MW     566   8.086    97.5     1.7
     MW     567   8.100    97.3     1.3
     MW     568   8.114    98.4     1.2
     MW     569   8.129    97.7     1.3
     MW     570   8.143    97.2     1.4
     MW     571   8.157    98.5     1.1
     MW     572   8.171    97.4     1.2
     MW     573   8.186    97.5     1.1
     MW     574   8.200    96.9     1.4
     MW     575   8.214    98.0     1.2
     MW     576   8.229    98.6     1.1
     MW     577   8.243    97.1     1.2
     MW     578   8.257    97.1     1.1
     MW     579   8.271    97.7     1.1
     MW     580   8.286    97.7     1.3
     MW     581   8.300    96.6     1.3
     MW     582   8.314    97.8     1.0
     MW     583   8.329    97.3     1.2
     MW     584   8.343    97.7     1.0
     MW     585   8.357    96.9     1.1
     MW     586   8.371    96.7     1.3
     MW     587   8.386    96.2     1.3
     MW     588   8.400    96.2     1.2
     MW     589   8.414    96.5     1.3
     MW     590   8.429    96.7     1.3
     MW     591   8.443    96.2     1.0
     MW     592   8.457    94.6     1.6
     MW     593   8.471    95.8     1.2
     MW     594   8.486    96.1     1.1
     MW     595   8.500    96.2     1.3
     MW     596   8.514    95.7     1.3
     MW     597   8.529    96.2     1.1
     MW     598   8.543    95.3     1.3
     MW     599   8.557    95.2     1.6
     MW     600   8.571    95.1     1.5
     MW     601   8.586    96.1     1.2
     MW     602   8.600    96.9     1.2
     MW     603   8.614    97.1     0.9
     MW     604   8.629    95.8     1.2
     MW     605   8.643    95.8     1.0
     MW     606   8.657    94.9     1.3
     MW     607   8.671    96.1     0.9
     MW     608   8.686    95.3     1.2
     MW     609   8.700    97.1     0.7
     MW     610   8.714    96.6     0.9
     MW     611   8.729    96.9     0.8
     MW     612   8.743    96.7     0.8
     MW     613   8.757    98.3     0.6
     MW     614   8.771    98.1     0.6
     MW     615   8.786    97.6     0.7
     MW     616   8.800    96.5     0.9
     MW     617   8.814    98.2     0.6
     MW     618   8.829    97.3     0.7
     MW     619   8.843    97.5     0.9
     MW     620   8.857    96.1     0.8
     MW     621   8.871    98.6     0.6
     MW     622   8.886    98.0     0.7
     MW     623   8.900    97.7     0.8
     MW     624   8.914    97.0     0.8
     MW     625   8.929    98.0     0.6
     MW     626   8.943    97.7     0.8
     MW     627   8.957    98.7     0.6
     MW     628   8.971    98.4     0.7
     MW     629   8.986    98.6     0.9
     MW     630   9.000    99.1     0.8
     MW     631   9.014    98.3     0.8
     MW     632   9.029    98.8     0.7
     MW     633   9.043    97.7     0.8
     MW     634   9.057    97.5     0.8
     MW     635   9.071    97.2     0.9
     MW     636   9.086    98.6     0.8
     MW     637   9.100    97.9     0.9
     MW     638   9.114    98.3     0.7
     MW     639   9.129    97.4     0.8
     MW     640   9.143    97.5     0.8
     MW     641   9.157    97.6     0.7
     MW     642   9.171    96.9     0.7
     MW     643   9.186    96.9     1.0
     MW     644   9.200    96.7     1.0
     MW     645   9.214    96.7     0.8
     MW     646   9.229    97.6     0.8
     MW     647   9.243    96.3     0.9
     MW     648   9.257    95.6     0.9
     MW     649   9.271    96.5     0.7
     MW     650   9.286    95.1     1.1
     MW     651   9.300    95.7     1.0
     MW     652   9.314    95.3     0.9
     MW     653   9.329    95.8     1.0
     MW     654   9.343    95.7     0.8
     MW     655   9.357    95.0     1.1
     MW     656   9.371    94.1     1.3
     MW     657   9.386    94.9     1.1
     MW     658   9.400    94.6     0.9
     MW     659   9.414    94.3     1.2
     MW     660   9.429    95.1     1.2
     MW     661   9.443    94.5     1.1
     MW     662   9.457    95.3     0.9
     MW     663   9.471    94.5     0.9
     MW     664   9.486    94.7     0.8
     MW     665   9.500    95.0     0.9
     MW     666   9.514    94.7     1.0
     MW     667   9.529    93.9     1.0
     MW     668   9.543    93.8     1.2
     MW     669   9.557    93.8     1.0
     MW     670   9.571    93.5     1.1
     MW     671   9.586    92.8     1.2
     MW     672   9.600    93.6     1.1
     MW     673   9.614    93.1     1.0
     MW     674   9.629    94.1     1.0
     MW     675   9.643    94.2     1.1
     MW     676   9.657    92.9     1.3
     MW     677   9.671    94.1     1.2
     MW     678   9.686    94.6     1.1
     MW     679   9.700    94.1     1.2
     MW     680   9.714    93.7     1.1
     MW     681   9.729    94.2     1.3
     MW     682   9.743    94.7     0.8
     MW     683   9.757    93.7     1.0
     MW     684   9.771    93.9     0.9
     MW     685   9.786    92.7     1.5
     MW     686   9.800    93.9     1.2
     MW     687   9.814    94.5     0.9
     MW     688   9.829    94.4     1.1
     MW     689   9.843    95.6     0.5
     MW     690   9.857    94.5     1.0
     MW     691   9.871    93.5     1.3
     MW     692   9.886    95.6     0.5
     MW     693   9.900    94.2     1.0
     MW     694   9.914    95.4     0.9
     MW     695   9.929    94.1     1.2
     MW     696   9.943    93.6     1.2
     MW     697   9.957    95.0     0.7
     MW     698   9.971    95.1     1.1
     MW     699   9.986    94.5     1.0
     MW     700  10.000    95.7     0.6
     MW     701  10.014    96.2     0.5
     MW     702  10.029    93.9     1.1
     MW     703  10.043    96.3     0.8
     MW     704  10.057    95.1     0.9
     MW     705  10.071    95.3     0.7
     MW     706  10.086    94.7     1.1
     MW     707  10.100    96.1     0.6
     MW     708  10.114    95.3     1.1
     MW     709  10.129    96.0     0.7
     MW     710  10.143    96.0     0.7
     MW     711  10.157    94.2     1.2
     MW     712  10.171    96.2     0.9
     MW     713  10.186    96.1     0.6
     MW     714  10.200    95.5     0.8
     MW     715  10.214    95.3     0.8
     MW     716  10.229    95.5     0.8
     MW     717  10.243    95.0     1.2
     MW     718  10.257    96.3     0.8
     MW     719  10.271    94.7     1.1
     MW     720  10.286    95.9     0.9
     MW     721  10.300    95.8     0.8
     MW     722  10.314    95.1     1.1
     MW     723  10.329    95.5     0.9
     MW     724  10.343    95.5     1.0
     MW     725  10.357    95.4     1.0
     MW     726  10.371    95.1     1.0
     MW     727  10.386    94.9     1.2
     MW     728  10.400    96.3     0.8
     MW     729  10.414    96.1     0.9
     MW     730  10.429    96.5     0.9
     MW     731  10.443    96.3     0.8
     MW     732  10.457    96.2     0.8
     MW     733  10.471    96.2     0.7
     MW     734  10.486    96.1     0.8
     MW     735  10.500    98.8     0.5
     MW     736  10.514    98.2     0.6
     MW     737  10.529    97.7     0.7
     MW     738  10.543    97.5     0.6
     MW     739  10.557    98.4     0.6
     MW     740  10.571    98.2     0.9
     MW     741  10.586    97.7     0.6
     MW     742  10.600    99.9     1.4
     MW     743  10.614    98.9     0.8
     MW     744  10.629    97.6     0.7
     MW     745  10.643    98.3     0.9
     MW     746  10.657    98.3     0.8
     MW     747  10.671    97.2     0.9
     MW     748  10.686    97.9     0.9
     MW     749  10.700    98.5     1.1
     MW     750  10.714    99.5     1.8
     MW     751  10.729    97.2     0.8
     MW     752  10.743    97.9     0.9
     MW     753  10.757    97.8     0.8
     MW     754  10.771   100.4     2.4
     MW     755  10.786    99.6     1.3
     MW     756  10.800    99.0     1.4
     MW     757  10.814    98.4     1.1
     MW     758  10.829    98.7     1.1
     MW     759  10.843    99.9     2.0
     MW     760  10.857    98.0     1.0
     MW     761  10.871    99.0     0.8
     MW     762  10.886    98.6     1.0
     MW     763  10.900    98.8     1.0
     MW     764  10.914    98.6     0.7
     MW     765  10.929    99.3     0.9
     MW     766  10.943    98.8     1.2
     MW     767  10.957    98.5     0.6
     MW     768  10.971    99.9     1.2
     MW     769  10.986    98.9     0.8
     MW     770  11.000    97.6     0.8
     MW     771  11.014    98.3     0.7
     MW     772  11.029    97.9     0.8
     MW     773  11.043    98.8     0.7
     MW     774  11.057    96.4     1.1
     MW     775  11.071    96.3     1.3
     MW     776  11.086    97.0     1.0
     MW     777  11.100    98.0     0.8
     MW     778  11.114    97.6     1.0
     MW     779  11.129    96.7     1.0
     MW     780  11.143    97.5     1.0
     MW     781  11.157    96.8     0.9
     MW     782  11.171    96.7     1.1
     MW     783  11.186    97.1     0.9
     MW     784  11.200    98.0     0.9
     MW     785  11.214    97.9     0.7
     MW     786  11.229    97.1     0.9
     MW     787  11.243    97.7     1.0
     MW     788  11.257    96.6     1.4
     MW     789  11.271    96.6     1.2
     MW     790  11.286    96.2     1.2
     MW     791  11.300    96.5     1.2
     MW     792  11.314    95.3     1.2
     MW     793  11.329    96.3     1.0
     MW     794  11.343    96.5     1.1
     MW     795  11.357    97.6     0.7
     MW     796  11.371    96.5     1.0
     MW     797  11.386    96.8     0.9
     MW     798  11.400    95.3     1.1
     MW     799  11.414    97.1     0.9
     MW     800  11.429    95.8     1.1
     MW     801  11.443    95.4     1.3
    M31       0   0.000    61.4     0.2
    M31       1   0.014    60.4     0.2
    M31       2   0.029    60.5     0.2
    M31       3   0.043    60.4     0.1
    M31       4   0.057    61.1     0.3
    M31       5   0.071    61.9     0.6
    M31       6   0.086    61.3     0.7
    M31       7   0.100    61.4     0.3
    M31       8   0.114    61.0     0.1
    M31       9   0.129    61.5     0.5
    M31      10   0.143    60.9     0.3
    M31      11   0.157    61.3     0.4
    M31      12   0.171    61.7     0.6
    M31      13   0.186    61.4     0.4
    M31      14   0.200    62.3     0.7
    M31      15   0.214    61.4     0.2
    M31      16   0.229    61.9     0.3
    M31      17   0.243    60.7     0.3
    M31      18   0.257    60.9     0.3
    M31      19   0.271    61.1     0.2
    M31      20   0.286    60.5     0.1
    M31      21   0.300    60.4     0.1
    M31      22   0.314    60.8     0.1
    M31      23   0.329    61.1     0.1
    M31      24   0.343    61.1     0.1
    M31      25   0.357    60.6     0.1
    M31      26   0.371    60.8     0.1
    M31      27   0.386    59.8     0.3
    M31      28   0.400    60.4     0.1
    M31      29   0.414    60.5     0.2
    M31      30   0.429    59.9     0.3
    M31      31   0.443    60.5     0.2
    M31      32   0.457    60.2     0.2
    M31      33   0.471    60.3     0.1
    M31      34   0.486    60.6     0.2
    M31      35   0.500    60.6     0.1
    M31      36   0.514    60.9     0.1
    M31      37   0.529    60.5     0.2
    M31      38   0.543    60.9     0.1
    M31      39   0.557    60.6     0.1
    M31      40   0.571    60.9     0.2
    M31      41   0.586    60.8     0.2
    M31      42   0.600    61.3     0.3
    M31      43   0.614    60.9     0.3
    M31      44   0.629    60.9     0.1
    M31      45   0.643    60.9     0.1
    M31      46   0.657    60.6     0.2
    M31      47   0.671    60.0     0.2
    M31      48   0.686    61.4     0.3
    M31      49   0.700    60.9     0.1
    M31      50   0.714    61.3     0.2
    M31      51   0.729    60.5     0.1
    M31      52   0.743    60.8     0.1
    M31      53   0.757    61.2     0.3
    M31      54   0.771    60.8     0.1
    M31      55   0.786    60.3     0.1
    M31      56   0.800    60.2     0.1
    M31      57   0.814    60.3     0.1
    M31      58   0.829    60.1     0.1
    M31      59   0.843    60.3     0.3
    M31      60   0.857    59.6     0.2
    M31      61   0.871    59.7     0.2
    M31      62   0.886    59.7     0.2
    M31      63   0.900    60.0     0.2
    M31      64   0.914    60.3     0.1
    M31      65   0.929    59.9     0.1
    M31      66   0.943    60.0     0.1
    M31      67   0.957    60.2     0.3
    M31      68   0.971    60.1     0.2
    M31      69   0.986    59.8     0.2
    M31      70   1.000    60.4     0.2
    M31      71   1.014    59.8     0.2
    M31      72   1.029    60.1     0.2
    M31      73   1.043    59.9     0.1
    M31      74   1.057    60.6     0.4
    M31      75   1.071    59.9     0.3
    M31      76   1.086    59.8     0.2
    M31      77   1.100    60.2     0.4
    M31      78   1.114    60.2     0.3
    M31      79   1.129    59.4     0.2
    M31      80   1.143    60.3     0.3
    M31      81   1.157    59.9     0.2
    M31      82   1.171    60.0     0.2
    M31      83   1.186    60.3     0.2
    M31      84   1.200    59.8     0.2
    M31      85   1.214    60.0     0.2
    M31      86   1.229    59.9     0.2
    M31      87   1.243    60.1     0.2
    M31      88   1.257    59.6     0.1
    M31      89   1.271    59.8     0.2
    M31      90   1.286    59.4     0.2
    M31      91   1.300    60.3     0.3
    M31      92   1.314    59.3     0.2
    M31      93   1.329    59.8     0.2
    M31      94   1.343    60.3     0.2
    M31      95   1.357    60.2     0.4
    M31      96   1.371    60.0     0.2
    M31      97   1.386    59.9     0.3
    M31      98   1.400    60.7     0.3
    M31      99   1.414    59.9     0.3
    M31     100   1.429    59.6     0.2
    M31     101   1.443    60.2     0.2
    M31     102   1.457    60.3     0.2
    M31     103   1.471    59.8     0.2
    M31     104   1.486    61.1     0.6
    M31     105   1.500    60.4     0.2
    M31     106   1.514    59.7     0.2
    M31     107   1.529    59.9     0.1
    M31     108   1.543    60.1     0.2
    M31     109   1.557    60.2     0.2
    M31     110   1.571    61.2     0.5
    M31     111   1.586    60.1     0.2
    M31     112   1.600    60.3     0.2
    M31     113   1.614    60.9     0.4
    M31     114   1.629    59.8     0.2
    M31     115   1.643    60.9     0.3
    M31     116   1.657    60.1     0.2
    M31     117   1.671    60.3     0.1
    M31     118   1.686    60.1     0.2
    M31     119   1.700    59.5     0.3
    M31     120   1.714    59.8     0.2
    M31     121   1.729    59.9     0.2
    M31     122   1.743    60.4     0.2
    M31     123   1.757    59.7     0.3
    M31     124   1.771    60.1     0.2
    M31     125   1.786    60.8     0.2
    M31     126   1.800    60.2     0.1
    M31     127   1.814    60.5     0.2
    M31     128   1.829    59.8     0.3
    M31     129   1.843    60.3     0.2
    M31     130   1.857    59.8     0.4
    M31     131   1.871    60.2     0.2
    M31     132   1.886    60.5     0.1
    M31     133   1.900    61.0     0.2
    M31     134   1.914    61.3     0.2
    M31     135   1.929    60.9     0.3
    M31     136   1.943    60.3     0.2
    M31     137   1.957    60.9     0.1
    M31     138   1.971    61.6     0.3
    M31     139   1.986    61.3     0.2
    M31     140   2.000    61.1     0.1
    M31     141   2.014    60.8     0.1
    M31     142   2.029    61.5     0.3
    M31     143   2.043    60.8     0.2
    M31     144   2.057    61.3     0.2
    M31     145   2.071    61.1     0.1
    M31     146   2.086    61.1     0.1
    M31     147   2.100    61.7     0.3
    M31     148   2.114    61.1     0.2
    M31     149   2.129    61.0     0.2
    M31     150   2.143    60.5     0.3
    M31     151   2.157    61.4     0.3
    M31     152   2.171    60.6     0.3
    M31     153   2.186    60.5     0.4
    M31     154   2.200    61.0     0.1
    M31     155   2.214    60.2     0.3
    M31     156   2.229    60.5     0.2
    M31     157   2.243    60.2     0.4
    M31     158   2.257    60.9     0.3
    M31     159   2.271    60.8     0.2
    M31     160   2.286    61.3     0.2
    M31     161   2.300    60.9     0.2
    M31     162   2.314    60.9     0.2
    M31     163   2.329    60.9     0.2
    M31     164   2.343    60.6     0.2
    M31     165   2.357    61.5     0.2
    M31     166   2.371    60.9     0.2
    M31     167   2.386    61.0     0.2
    M31     168   2.400    60.7     0.2
    M31     169   2.414    61.0     0.2
    M31     170   2.429    61.0     0.2
    M31     171   2.443    60.9     0.3
    M31     172   2.457    61.6     0.1
    M31     173   2.471    61.7     0.1
    M31     174   2.486    61.1     0.2
    M31     175   2.500    61.4     0.2
    M31     176   2.514    60.9     0.3
    M31     177   2.529    61.0     0.2
    M31     178   2.543    61.3     0.2
    M31     179   2.557    60.8     0.3
    M31     180   2.571    60.8     0.3
    M31     181   2.586    61.2     0.2
    M31     182   2.600    60.9     0.2
    M31     183   2.614    61.1     0.1
    M31     184   2.629    61.2     0.2
    M31     185   2.643    60.6     0.3
    M31     186   2.657    61.6     0.1
    M31     187   2.671    61.7     0.1
    M31     188   2.686    61.6     0.1
    M31     189   2.700    61.6     0.2
    M31     190   2.714    61.5     0.4
    M31     191   2.729    61.5     0.2
    M31     192   2.743    61.2     0.1
    M31     193   2.757    60.9     0.2
    M31     194   2.771    61.5     0.2
    M31     195   2.786    60.8     0.3
    M31     196   2.800    61.2     0.2
    M31     197   2.814    61.1     0.2
    M31     198   2.829    60.5     0.3
    M31     199   2.843    61.2     0.2
    M31     200   2.857    60.4     0.3
    M31     201   2.871    61.0     0.3
    M31     202   2.886    61.4     0.1
    M31     203   2.900    61.3     0.2
    M31     204   2.914    61.3     0.2
    M31     205   2.929    61.8     0.3
    M31     206   2.943    62.1     0.2
    M31     207   2.957    61.3     0.2
    M31     208   2.971    61.4     0.2
    M31     209   2.986    61.6     0.1
    M31     210   3.000    61.3     0.1
    M31     211   3.014    61.5     0.1
    M31     212   3.029    61.9     0.3
    M31     213   3.043    61.4     0.3
    M31     214   3.057    62.3     0.6
    M31     215   3.071    61.2     0.2
    M31     216   3.086    62.1     0.4
    M31     217   3.100    61.8     0.4
    M31     218   3.114    61.4     0.4
    M31     219   3.129    61.1     0.1
    M31     220   3.143    61.5     0.2
    M31     221   3.157    60.6     0.2
    M31     222   3.171    61.0     0.2
    M31     223   3.186    61.8     0.2
    M31     224   3.200    61.7     0.2
    M31     225   3.214    61.9     0.4
    M31     226   3.229    62.0     0.3
    M31     227   3.243    62.1     0.5
    M31     228   3.257    62.2     0.5
    M31     229   3.271    62.1     0.4
    M31     230   3.286    61.9     0.5
    M31     231   3.300    61.4     0.2
    M31     232   3.314    62.0     0.5
    M31     233   3.329    61.7     0.3
    M31     234   3.343    61.5     0.1
    M31     235   3.357    62.0     0.4
    M31     236   3.371    61.2     0.2
    M31     237   3.386    61.9     0.2
    M31     238   3.400    61.1     0.1
    M31     239   3.414    60.8     0.2
    M31     240   3.429    61.7     0.5
    M31     241   3.443    60.6     0.1
    M31     242   3.457    60.6     0.2
    M31     243   3.471    60.9     0.2
    M31     244   3.486    60.8     0.2
    M31     245   3.500    61.1     0.2
    M31     246   3.514    60.7     0.4
    M31     247   3.529    60.9     0.1
    M31     248   3.543    60.8     0.2
    M31     249   3.557    60.1     0.3
    M31     250   3.571    59.9     0.2
    M31     251   3.586    60.3     0.3
    M31     252   3.600    60.6     0.2
    M31     253   3.614    60.7     0.2
    M31     254   3.629    60.6     0.2
    M31     255   3.643    61.0     0.3
    M31     256   3.657    61.3     0.2
    M31     257   3.671    60.6     0.1
    M31     258   3.686    62.0     0.7
    M31     259   3.700    61.4     0.4
    M31     260   3.714    61.1     0.1
    M31     261   3.729    61.5     0.3
    M31     262   3.743    60.7     0.1
    M31     263   3.757    60.7     0.1
    M31     264   3.771    60.1     0.1
    M31     265   3.786    60.0     0.2
    M31     266   3.800    60.7     0.1
    M31     267   3.814    59.9     0.2
    M31     268   3.829    59.7     0.1
    M31     269   3.843    60.0     0.2
    M31     270   3.857    59.0     0.2
    M31     271   3.871    58.7     0.2
    M31     272   3.886    58.9     0.1
    M31     273   3.900    58.2     0.2
    M31     274   3.914    58.1     0.2
    M31     275   3.929    57.8     0.2
    M31     276   3.943    56.9     0.2
    M31     277   3.957    56.7     0.2
    M31     278   3.971    56.0     0.3
    M31     279   3.986    55.5     0.3
    M31     280   4.000    55.5     0.4
    M31     281   4.014    54.5     0.3
    M31     282   4.029    53.8     0.3
    M31     283   4.043    53.8     0.5
    M31     284   4.057    54.4     0.9
    M31     285   4.071    53.2     0.5
    M31     286   4.086    54.7     1.2
    M31     287   4.100    53.8     0.8
    M31     288   4.114    54.1     0.7
    M31     289   4.129    54.7     1.0
    M31     290   4.143    55.4     0.9
    M31     291   4.157    55.9     1.1
    M31     292   4.171    55.2     0.6
    M31     293   4.186    56.7     0.8
    M31     294   4.200    57.6     1.2
    M31     295   4.214    55.7     0.6
    M31     296   4.229    56.6     0.6
    M31     297   4.243    56.7     0.6
    M31     298   4.257    57.9     0.6
    M31     299   4.271    58.1     0.6
    M31     300   4.286    58.8     0.6
    M31     301   4.300    59.6     0.6
    M31     302   4.314    59.8     0.6
    M31     303   4.329    60.6     0.6
    M31     304   4.343    60.9     0.6
    M31     305   4.357    62.1     0.5
    M31     306   4.371    61.8     0.7
    M31     307   4.386    63.0     0.5
    M31     308   4.400    63.2     0.5
    M31     309   4.414    63.8     0.6
    M31     310   4.429    63.0     0.7
    M31     311   4.443    64.1     0.7
    M31     312   4.457    66.4     0.7
    M31     313   4.471    66.3     0.5
    M31     314   4.486    66.2     0.5
    M31     315   4.500    68.2     0.9
    M31     316   4.514    67.6     0.6
    M31     317   4.529    67.7     0.4
    M31     318   4.543    68.4     0.5
    M31     319   4.557    68.7     0.7
    M31     320   4.571    69.5     0.7
    M31     321   4.586    69.5     0.5
    M31     322   4.600    70.2     0.7
    M31     323   4.614    70.3     0.8
    M31     324   4.629    69.5     0.7
    M31     325   4.643    70.1     0.8
    M31     326   4.657    71.1     0.8
    M31     327   4.671    70.4     0.7
    M31     328   4.686    70.6     0.7
    M31     329   4.700    71.4     0.7
    M31     330   4.714    69.9     1.0
    M31     331   4.729    71.2     0.8
    M31     332   4.743    71.1     0.8
    M31     333   4.757    71.4     0.9
    M31     334   4.771    72.0     0.9
    M31     335   4.786    71.7     0.9
    M31     336   4.800    72.6     1.0
    M31     337   4.814    73.1     1.0
    M31     338   4.829    71.8     1.0
    M31     339   4.843    72.0     1.0
    M31     340   4.857    73.3     1.0
    M31     341   4.871    72.3     1.0
    M31     342   4.886    72.5     1.1
    M31     343   4.900    72.4     1.1
    M31     344   4.914    72.2     1.2
    M31     345   4.929    72.3     1.1
    M31     346   4.943    72.4     1.2
    M31     347   4.957    72.9     1.2
    M31     348   4.971    71.6     1.3
    M31     349   4.986    72.7     1.2
    M31     350   5.000    72.6     1.3
    M31     351   5.014    72.5     1.3
    M31     352   5.029    72.8     1.3
    M31     353   5.043    72.6     1.3
    M31     354   5.057    73.0     1.3
    M31     355   5.071    73.6     1.2
    M31     356   5.086    73.2     1.3
    M31     357   5.100    73.6     1.2
    M31     358   5.114    74.1     1.2
    M31     359   5.129    72.9     1.4
    M31     360   5.143    73.8     1.2
    M31     361   5.157    73.1     1.3
    M31     362   5.171    74.4     1.2
    M31     363   5.186    72.6     1.4
    M31     364   5.200    73.4     1.3
    M31     365   5.214    72.8     1.4
    M31     366   5.229    73.1     1.4
    M31     367   5.243    72.8     1.4
    M31     368   5.257    72.5     1.5
    M31     369   5.271    72.5     1.5
    M31     370   5.286    73.4     1.3
    M31     371   5.300    73.2     1.4
    M31     372   5.314    72.6     1.5
    M31     373   5.329    73.4     1.4
    M31     374   5.343    72.9     1.5
    M31     375   5.357    71.9     1.6
    M31     376   5.371    72.5     1.6
    M31     377   5.386    72.2     1.6
    M31     378   5.400    72.8     1.5
    M31     379   5.414    72.7     1.4
    M31     380   5.429    72.5     1.5
    M31     381   5.443    73.0     1.5
    M31     382   5.457    73.5     1.4
    M31     383   5.471    72.5     1.4
    M31     384   5.486    72.3     1.6
    M31     385   5.500    72.5     1.5
    M31     386   5.514    72.2     1.6
    M31     387   5.529    73.4     1.4
    M31     388   5.543    73.3     1.4
    M31     389   5.557    73.0     1.5
    M31     390   5.571    73.6     1.3
    M31     391   5.586    73.5     1.3
    M31     392   5.600    73.7     1.4
    M31     393   5.614    73.3     1.3
    M31     394   5.629    73.1     1.3
    M31     395   5.643    74.1     1.3
    M31     396   5.657    72.9     1.4
    M31     397   5.671    73.1     1.3
    M31     398   5.686    72.5     1.4
    M31     399   5.700    72.3     1.3
    M31     400   5.714    72.6     1.3
    M31     401   5.729    72.3     1.3
    M31     402   5.743    71.5     1.4
    M31     403   5.757    71.5     1.3
    M31     404   5.771    71.1     1.2
    M31     405   5.786    71.2     1.2
    M31     406   5.800    71.4     1.2
    M31     407   5.814    69.3     1.2
    M31     408   5.829    70.0     1.4
    M31     409   5.843    68.4     1.2
    M31     410   5.857    67.4     1.6
    M31     411   5.871    65.9     1.7
    M31     412   5.886    67.5     2.7
    M31     413   5.900    67.0     2.3
    M31     414   5.914    68.8     3.0
    M31     415   5.929    70.4     3.1
    M31     416   5.943    70.3     2.8
    M31     417   5.957    73.5     3.5
    M31     418   5.971    72.4     2.7
    M31     419   5.986    77.5     4.9
    M31     420   6.000    74.8     2.5
    M31     421   6.014    75.9     3.2
    M31     422   6.029    77.3     3.4
    M31     423   6.043    77.9     3.4
    M31     424   6.057    75.3     1.7
    M31     425   6.071    77.3     2.3
    M31     426   6.086    78.4     2.3
    M31     427   6.100    79.0     2.2
    M31     428   6.114    78.9     1.9
    M31     429   6.129    79.7     1.6
    M31     430   6.143    80.9     1.8
    M31     431   6.157    84.7     3.8
    M31     432   6.171    82.1     1.6
    M31     433   6.186    87.4     3.8
    M31     434   6.200    89.5     4.7
    M31     435   6.214    88.2     3.1
    M31     436   6.229    87.2     2.5
    M31     437   6.243    89.6     3.3
    M31     438   6.257    87.2     2.3
    M31     439   6.271    88.7     2.9
    M31     440   6.286    88.8     2.8
    M31     441   6.300    89.4     3.0
    M31     442   6.314    89.6     3.4
    M31     443   6.329    89.9     3.0
    M31     444   6.343    89.4     2.5
    M31     445   6.357    88.4     2.4
    M31     447   6.386    90.3     2.2
    M31     448   6.400    92.1     3.4
    M31     449   6.414    90.3     2.3
    M31     450   6.429    90.3     2.2
    M31     451   6.443    90.2     1.9
    M31     452   6.457    91.6     2.9
    M31     453   6.471    89.2     1.8
    M31     454   6.486    89.3     1.5
    M31     455   6.500    89.2     2.0
    M31     456   6.514    90.1     2.3
    M31     457   6.529    89.4     2.2
    M31     458   6.543    88.4     1.6
    M31     459   6.557    87.8     1.2
    M31     460   6.571    86.4     1.0
    M31     461   6.586    86.2     1.1
    M31     462   6.600    85.6     1.2
    M31     463   6.614    86.4     1.1
    M31     464   6.629    86.3     1.0
    M31     465   6.643    85.6     1.1
    M31     466   6.657    86.6     1.1
    M31     467   6.671    86.2     1.1
    M31     468   6.686    86.6     1.1
    M31     469   6.700    86.2     1.1
    M31     470   6.714    85.2     1.1
    M31     471   6.729    86.1     1.2
    M31     472   6.743    84.1     1.2
    M31     473   6.757    85.4     1.1
    M31     474   6.771    84.6     1.1
    M31     475   6.786    84.5     1.1
    M31     476   6.800    83.9     1.2
    M31     477   6.814    84.6     1.1
    M31     478   6.829    84.3     1.1
    M31     479   6.843    84.7     1.2
    M31     480   6.857    85.0     0.9
    M31     481   6.871    84.7     1.1
    M31     482   6.886    84.9     1.2
    M31     483   6.900    83.9     1.1
    M31     484   6.914    85.6     1.7
    M31     485   6.929    85.4     1.5
    M31     486   6.943    85.7     1.8
    M31     487   6.957    84.1     1.4
    M31     488   6.971    85.0     1.3
    M31     489   6.986    84.3     1.3
    M31     490   7.000    84.3     1.2
    M31     491   7.014    85.8     1.5
    M31     492   7.029    85.5     1.8
    M31     493   7.043    86.2     1.9
    M31     494   7.057    84.3     1.2
    M31     495   7.071    83.1     1.2
    M31     496   7.086    84.2     1.3
    M31     497   7.100    85.4     1.6
    M31     498   7.114    84.3     1.0
    M31     499   7.129    83.6     1.1
    M31     500   7.143    83.5     1.3
    M31     501   7.157    83.7     1.0
    M31     502   7.171    82.7     1.1
    M31     503   7.186    84.5     1.3
    M31     504   7.200    83.1     1.0
    M31     505   7.214    84.0     0.9
    M31     506   7.229    84.4     1.0
    M31     507   7.243    84.2     1.0
    M31     508   7.257    84.0     1.0
    M31     509   7.271    83.3     0.9
    M31     510   7.286    84.0     1.0
    M31     511   7.300    83.8     0.9
    M31     512   7.314    84.7     1.1
    M31     513   7.329    84.0     0.9
    M31     514   7.343    83.4     0.9
    M31     515   7.357    83.7     0.9
    M31     516   7.371    83.6     0.9
    M31     517   7.386    84.1     1.0
    M31     518   7.400    84.6     0.8
    M31     519   7.414    83.4     1.0
    M31     520   7.429    83.8     1.0
    M31     521   7.443    83.0     1.0
    M31     522   7.457    83.5     0.9
    M31     523   7.471    82.8     1.0
    M31     524   7.486    82.8     1.0
    M31     525   7.500    84.1     1.0
    M31     526   7.514    82.2     1.0
    M31     527   7.529    82.8     1.0
    M31     528   7.543    82.4     1.0
    M31     529   7.557    83.1     0.9
    M31     530   7.571    83.9     1.1
    M31     531   7.586    83.4     1.0
    M31     532   7.600    82.3     1.1
    M31     533   7.614    82.6     0.9
    M31     534   7.629    83.0     0.9
    M31     535   7.643    82.2     0.9
    M31     536   7.657    81.7     1.0
    M31     537   7.671    82.7     1.0
    M31     538   7.686    81.5     1.0
    M31     539   7.700    83.1     0.8
    M31     540   7.714    83.5     0.8
    M31     541   7.729    84.1     1.0
    M31     542   7.743    82.2     1.1
    M31     543   7.757    84.0     1.1
    M31     544   7.771    85.1     1.1
    M31     545   7.786    84.2     1.0
    M31     546   7.800    82.7     0.9
    M31     547   7.814    83.6     1.1
    M31     548   7.829    83.4     0.9
    M31     549   7.843    84.2     1.2
    M31     550   7.857    84.3     1.3
    M31     551   7.871    83.9     1.3
    M31     552   7.886    84.4     1.0
    M31     553   7.900    83.3     0.9
    M31     554   7.914    84.8     1.2
    M31     555   7.929    84.7     1.1
    M31     556   7.943    86.0     1.6
    M31     557   7.957    85.8     1.4
    M31     558   7.971    84.2     1.4
    M31     559   7.986    84.7     1.3
    M31     560   8.000    84.4     1.3
    M31     561   8.014    84.5     1.0
    M31     562   8.029    85.2     1.0
    M31     563   8.043    84.7     1.0
    M31     564   8.057    83.8     0.9
    M31     565   8.071    84.0     1.0
    M31     566   8.086    83.8     1.0
    M31     567   8.100    84.3     0.8
    M31     568   8.114    83.5     0.8
    M31     569   8.129    82.7     0.9
    M31     570   8.143    82.2     1.1
    M31     571   8.157    82.7     0.9
    M31     572   8.171    83.3     0.9
    M31     573   8.186    83.2     0.9
    M31     574   8.200    83.0     0.9
    M31     575   8.214    82.7     0.9
    M31     576   8.229    81.9     1.0
    M31     577   8.243    82.8     0.9
    M31     578   8.257    82.7     0.8
    M31     579   8.271    82.5     0.9
    M31     580   8.286    81.9     1.0
    M31     581   8.300    81.8     1.1
    M31     582   8.314    82.6     0.9
    M31     583   8.329    83.2     1.0
    M31     584   8.343    82.2     0.9
    M31     585   8.357    82.2     0.9
    M31     586   8.371    83.2     0.9
    M31     587   8.386    83.8     0.8
    M31     588   8.400    82.6     0.9
    M31     589   8.414    83.2     0.9
    M31     590   8.429    82.9     0.9
    M31     591   8.443    82.0     0.9
    M31     592   8.457    82.7     0.9
    M31     593   8.471    82.7     0.8
    M31     594   8.486    82.4     0.8
    M31     595   8.500    83.3     0.8
    M31     596   8.514    82.9     0.9
    M31     597   8.529    83.1     0.8
    M31     598   8.543    82.0     0.9
    M31     599   8.557    83.5     1.1
    M31     600   8.571    81.7     0.9
    M31     601   8.586    82.6     0.8
    M31     602   8.600    81.4     1.0
    M31     603   8.614    81.5     0.9
    M31     604   8.629    80.7     0.9
    M31     605   8.643    82.1     0.9
    M31     606   8.657    81.5     0.9
    M31     607   8.671    83.0     1.2
    M31     608   8.686    82.1     1.0
    M31     609   8.700    82.1     0.9
    M31     610   8.714    81.9     0.8
    M31     611   8.729    82.6     0.8
    M31     612   8.743    82.2     0.8
    M31     613   8.757    84.0     1.2
    M31     614   8.771    82.6     0.9
    M31     615   8.786    82.4     0.9
    M31     616   8.800    81.6     1.0
    M31     617   8.814    82.2     0.9
    M31     618   8.829    84.5     1.4
    M31     619   8.843    82.6     0.8
    M31     620   8.857    82.7     0.8
    M31     621   8.871    82.7     0.8
    M31     622   8.886    83.1     0.8
    M31     623   8.900    82.0     0.9
    M31     624   8.914    82.5     0.9
    M31     625   8.929    83.2     0.8
    M31     626   8.943    83.2     0.8
    M31     627   8.957    82.5     0.9
    M31     628   8.971    80.6     1.0
    M31     629   8.986    82.3     0.9
    M31     630   9.000    81.7     1.0
    M31     631   9.014    82.7     0.8
    M31     632   9.029    81.7     0.9
    M31     633   9.043    82.8     0.8
    M31     634   9.057    83.1     0.8
    M31     635   9.071    82.1     0.9
    M31     636   9.086    82.5     0.8
    M31     637   9.100    82.6     0.9
    M31     638   9.114    82.3     0.9
    M31     639   9.129    83.1     0.8
    M31     640   9.143    82.7     0.8
    M31     641   9.157    83.2     0.8
    M31     642   9.171    81.7     0.9
    M31     643   9.186    81.5     0.9
    M31     644   9.200    83.1     0.8
    M31     645   9.214    82.6     0.8
    M31     646   9.229    82.5     0.9
    M31     647   9.243    82.6     0.9
    M31     648   9.257    82.5     0.9
    M31     649   9.271    81.2     0.9
    M31     650   9.286    82.6     0.9
    M31     651   9.300    82.2     0.9
    M31     652   9.314    81.8     0.9
    M31     653   9.329    82.3     0.9
    M31     654   9.343    81.9     0.8
    M31     655   9.357    82.4     0.9
    M31     656   9.371    82.9     0.8
    M31     657   9.386    83.6     1.0
    M31     658   9.400    82.3     0.9
    M31     659   9.414    83.0     0.9
    M31     660   9.429    83.3     0.8
    M31     661   9.443    83.5     1.0
    M31     662   9.457    82.5     0.8
    M31     663   9.471    82.3     0.9
    M31     664   9.486    82.1     0.8
    M31     665   9.500    82.2     0.8
    M31     666   9.514    81.5     0.9
    M31     667   9.529    82.5     0.8
    M31     668   9.543    81.4     0.9
    M31     669   9.557    81.0     0.9
    M31     670   9.571    81.4     0.9
    M31     671   9.586    82.1     0.8
    M31     672   9.600    82.9     1.0
    M31     673   9.614    81.4     0.8
    M31     674   9.629    82.2     0.8
    M31     675   9.643    81.7     0.8
    M31     676   9.657    81.5     0.8
    M31     677   9.671    81.1     0.8
    M31     678   9.686    81.5     0.8
    M31     679   9.700    81.3     0.8
    M31     680   9.714    81.6     0.8
    M31     681   9.729    81.2     0.8
    M31     682   9.743    80.9     0.8
    M31     683   9.757    81.9     0.8
    M31     684   9.771    81.3     0.8
    M31     685   9.786    80.4     0.9
    M31     686   9.800    80.6     0.8
    M31     687   9.814    81.4     0.8
    M31     688   9.829    81.1     0.9
    M31     689   9.843    81.6     0.8
    M31     690   9.857    81.1     0.8
    M31     691   9.871    81.9     0.7
    M31     692   9.886    82.0     0.8
    M31     693   9.900    80.8     0.8
    M31     694   9.914    79.7     1.1
    M31     695   9.929    81.1     0.8
    M31     696   9.943    81.6     0.8
    M31     697   9.957    81.5     0.7
    M31     698   9.971    82.1     0.7
    M31     699   9.986    81.3     0.8
    M31     700  10.000    81.8     0.7
    M31     701  10.014    81.1     0.9
    M31     702  10.029    82.1     0.8
    M31     703  10.043    81.6     0.8
    M31     704  10.057    83.1     1.0
    M31     705  10.071    82.3     0.7
    M31     706  10.086    82.6     0.9
    M31     707  10.100    84.1     1.1
    M31     708  10.114    83.7     1.1
    M31     709  10.129    82.4     0.9
    M31     710  10.143    82.5     0.9
    M31     711  10.157    82.2     0.8
    M31     712  10.171    82.3     0.9
    M31     713  10.186    82.6     0.8
    M31     714  10.200    82.5     0.9
    M31     715  10.214    82.4     0.9
    M31     716  10.229    83.1     0.9
    M31     717  10.243    82.1     0.9
    M31     718  10.257    81.4     0.9
    M31     719  10.271    81.8     0.8
    M31     720  10.286    82.0     0.8
    M31     721  10.300    81.8     0.9
    M31     722  10.314    82.3     1.0
    M31     723  10.329    82.6     0.9
    M31     724  10.343    83.0     0.8
    M31     725  10.357    82.2     0.9
    M31     726  10.371    82.4     0.9
    M31     727  10.386    81.8     0.8
    M31     728  10.400    82.7     0.8
    M31     729  10.414    82.6     0.8
    M31     730  10.429    83.3     0.7
    M31     731  10.443    82.7     0.8
    M31     732  10.457    83.4     1.0
    M31     733  10.471    83.0     0.7
    M31     734  10.486    83.4     0.8
    M31     735  10.500    83.4     0.9
    M31     736  10.514    83.5     0.9
    M31     737  10.529    83.7     1.1
    M31     738  10.543    84.1     1.2
    M31     739  10.557    82.8     0.8
    M31     740  10.571    84.4     0.8
    M31     741  10.586    83.2     1.0
    M31     742  10.600    83.4     0.8
    M31     743  10.614    84.0     1.0
    M31     744  10.629    84.2     0.9
    M31     745  10.643    83.6     1.0
    M31     746  10.657    85.1     1.3
    M31     747  10.671    83.4     0.9
    M31     748  10.686    83.3     1.1
    M31     749  10.700    82.5     0.8
    M31     750  10.714    82.5     0.9
    M31     751  10.729    83.1     0.8
    M31     752  10.743    82.5     0.8
    M31     753  10.757    85.1     1.3
    M31     754  10.771    83.3     0.7
    M31     755  10.786    82.9     0.7
    M31     756  10.800    82.8     1.0
    M31     757  10.814    83.4     0.9
    M31     758  10.829    82.8     0.8
    M31     759  10.843    82.6     0.8
    M31     760  10.857    83.0     0.8
    M31     761  10.871    82.4     0.8
    M31     762  10.886    82.7     0.7
    M31     763  10.900    82.9     1.1
    M31     764  10.914    82.5     0.9
    M31     765  10.929    82.3     0.8
    M31     766  10.943    83.2     1.0
    M31     767  10.957    82.4     0.8
    M31     768  10.971    82.2     0.8
    M31     769  10.986    82.3     0.8
    M31     770  11.000    82.6     0.8
    M31     771  11.014    82.4     0.8
    M31     772  11.029    81.8     0.9
    M31     773  11.043    81.1     0.9
    M31     774  11.057    80.4     0.9
    M31     775  11.071    82.5     0.8
    M31     776  11.086    80.8     1.0
    M31     777  11.100    82.0     0.8
    M31     778  11.114    82.7     0.8
    M31     779  11.129    82.7     0.7
    M31     780  11.143    81.2     0.9
    M31     781  11.157    81.9     0.8
    M31     782  11.171    81.8     0.8
    M31     783  11.186    81.1     1.0
    M31     784  11.200    82.3     0.8
    M31     785  11.214    81.1     0.8
    M31     786  11.229    81.6     0.8
    M31     787  11.243    82.3     0.8
    M31     788  11.257    82.8     0.7
    M31     789  11.271    82.1     0.8
    M31     790  11.286    82.4     0.8
    M31     791  11.300    82.9     0.9
    M31     792  11.314    83.4     0.9
    M31     793  11.329    82.5     0.8
    M31     794  11.343    83.2     0.8
    M31     795  11.357    83.0     0.7
    M31     796  11.371    83.3     0.8
    M31     797  11.386    84.1     0.9
    M31     798  11.400    84.4     1.2
    M31     799  11.414    84.3     1.3
    M31     800  11.429    83.0     0.8
    M31     801  11.443    83.6     0.9
    M33       0   0.000    24.4     0.1
    M33       1   0.014    24.5     0.0
    M33       2   0.029    24.5     0.1
    M33       3   0.043    24.1     0.1
    M33       4   0.057    23.7     0.2
    M33       5   0.071    24.5     0.1
    M33       6   0.086    24.3     0.1
    M33       7   0.100    24.6     0.1
    M33       8   0.114    25.2     0.2
    M33       9   0.129    24.3     0.1
    M33      10   0.143    24.1     0.1
    M33      11   0.157    24.4     0.0
    M33      12   0.171    24.2     0.1
    M33      13   0.186    24.2     0.0
    M33      14   0.200    24.0     0.0
    M33      15   0.214    24.0     0.1
    M33      16   0.229    24.7     0.0
    M33      17   0.243    23.7     0.2
    M33      18   0.257    24.0     0.1
    M33      19   0.271    24.2     0.1
    M33      20   0.286    24.3     0.1
    M33      21   0.300    24.3     0.2
    M33      22   0.314    23.9     0.1
    M33      23   0.329    24.3     0.1
    M33      24   0.343    24.6     0.1
    M33      25   0.357    24.5     0.2
    M33      26   0.371    24.2     0.0
    M33      27   0.386    24.2     0.1
    M33      28   0.400    23.8     0.0
    M33      29   0.414    24.4     0.1
    M33      30   0.429    23.9     0.1
    M33      31   0.443    24.3     0.1
    M33      32   0.457    24.0     0.1
    M33      33   0.471    23.7     0.2
    M33      34   0.486    24.1     0.1
    M33      35   0.500    24.2     0.1
    M33      36   0.514    23.8     0.1
    M33      37   0.529    23.8     0.2
    M33      38   0.543    23.7     0.1
    M33      39   0.557    23.8     0.1
    M33      40   0.571    23.9     0.1
    M33      41   0.586    24.0     0.1
    M33      42   0.600    23.9     0.1
    M33      43   0.614    23.8     0.1
    M33      44   0.629    24.2     0.1
    M33      45   0.643    23.3     0.1
    M33      46   0.657    23.5     0.1
    M33      47   0.671    23.3     0.1
    M33      48   0.686    23.8     0.1
    M33      49   0.700    24.2     0.2
    M33      50   0.714    23.6     0.1
    M33      51   0.729    24.0     0.2
    M33      52   0.743    23.5     0.1
    M33      53   0.757    24.3     0.1
    M33      54   0.771    23.7     0.1
    M33      55   0.786    23.6     0.1
    M33      56   0.800    23.7     0.1
    M33      57   0.814    23.6     0.1
    M33      58   0.829    23.4     0.1
    M33      59   0.843    23.6     0.1
    M33      60   0.857    22.9     0.1
    M33      61   0.871    22.9     0.1
    M33      62   0.886    23.2     0.1
    M33      63   0.900    22.8     0.1
    M33      64   0.914    23.3     0.1
    M33      65   0.929    23.2     0.1
    M33      66   0.943    23.0     0.1
    M33      67   0.957    23.9     0.2
    M33      68   0.971    23.5     0.2
    M33      69   0.986    23.0     0.1
    M33      70   1.000    22.6     0.1
    M33      71   1.014    23.4     0.1
    M33      72   1.029    22.8     0.1
    M33      73   1.043    22.9     0.1
    M33      74   1.057    22.5     0.1
    M33      75   1.071    23.4     0.1
    M33      76   1.086    23.3     0.1
    M33      77   1.100    23.9     0.2
    M33      78   1.114    23.4     0.1
    M33      79   1.129    22.9     0.1
    M33      80   1.143    23.5     0.2
    M33      81   1.157    23.3     0.1
    M33      82   1.171    24.1     0.1
    M33      83   1.186    23.9     0.1
    M33      84   1.200    24.2     0.1
    M33      85   1.214    24.7     0.2
    M33      86   1.229    24.5     0.1
    M33      87   1.243    24.7     0.1
    M33      88   1.257    24.6     0.1
    M33      89   1.271    25.1     0.1
    M33      90   1.286    25.5     0.1
    M33      91   1.300    25.7     0.2
    M33      92   1.314    25.7     0.2
    M33      93   1.329    25.5     0.2
    M33      94   1.343    26.3     0.1
    M33      95   1.357    25.7     0.3
    M33      96   1.371    25.7     0.3
    M33      97   1.386    26.3     0.3
    M33      98   1.400    26.7     0.2
    M33      99   1.414    26.7     0.3
    M33     100   1.429    26.1     0.4
    M33     101   1.443    27.4     0.3
    M33     102   1.457    27.3     0.3
    M33     103   1.471    27.2     0.3
    M33     104   1.486    27.7     0.3
    M33     105   1.500    27.9     0.3
    M33     106   1.514    26.7     0.5
    M33     107   1.529    27.4     0.4
    M33     108   1.543    28.6     0.4
    M33     109   1.557    28.2     0.4
    M33     110   1.571    28.9     0.4
    M33     111   1.586    27.9     0.6
    M33     112   1.600    28.4     0.4
    M33     113   1.614    28.7     0.5
    M33     114   1.629    29.0     0.5
    M33     115   1.643    28.8     0.6
    M33     116   1.657    28.6     0.6
    M33     117   1.671    29.7     0.6
    M33     118   1.686    29.5     0.6
    M33     119   1.700    29.4     0.6
    M33     120   1.714    29.5     0.7
    M33     121   1.729    30.1     0.6
    M33     122   1.743    30.4     0.7
    M33     123   1.757    30.7     0.6
    M33     124   1.771    29.6     0.7
    M33     125   1.786    30.2     0.8
    M33     126   1.800    30.6     0.7
    M33     127   1.814    30.4     0.7
    M33     128   1.829    30.8     0.7
    M33     129   1.843    30.3     0.7
    M33     130   1.857    31.1     0.7
    M33     131   1.871    30.3     0.9
    M33     132   1.886    31.1     0.8
    M33     133   1.900    31.3     0.9
    M33     134   1.914    31.8     0.8
    M33     135   1.929    30.8     0.9
    M33     136   1.943    30.8     0.9
    M33     137   1.957    31.1     0.9
    M33     138   1.971    32.2     0.9
    M33     139   1.986    31.8     1.0
    M33     140   2.000    31.5     0.9
    M33     141   2.014    31.7     1.0
    M33     142   2.029    31.9     0.9
    M33     143   2.043    32.1     1.0
    M33     144   2.057    32.0     1.0
    M33     145   2.071    31.8     1.0
    M33     146   2.086    31.7     1.1
    M33     147   2.100    31.5     1.1
    M33     148   2.114    31.6     1.1
    M33     149   2.129    32.3     1.2
    M33     150   2.143    32.4     1.2
    M33     151   2.157    32.0     1.2
    M33     152   2.171    32.1     1.2
    M33     153   2.186    32.1     1.2
    M33     154   2.200    32.6     1.2
    M33     155   2.214    33.3     1.2
    M33     156   2.229    34.1     1.2
    M33     157   2.243    33.0     1.3
    M33     158   2.257    32.9     1.2
    M33     159   2.271    32.6     1.2
    M33     160   2.286    32.7     1.2
    M33     161   2.300    33.8     1.3
    M33     162   2.314    34.2     1.3
    M33     163   2.329    32.7     1.4
    M33     164   2.343    32.7     1.4
    M33     165   2.357    33.2     1.3
    M33     166   2.371    33.0     1.4
    M33     167   2.386    33.5     1.3
    M33     168   2.400    33.6     1.3
    M33     169   2.414    32.6     1.3
    M33     170   2.429    32.4     1.3
    M33     171   2.443    33.8     1.5
    M33     172   2.457    34.6     1.3
    M33     173   2.471    33.8     1.4
    M33     174   2.486    33.4     1.5
    M33     175   2.500    33.5     1.5
    M33     176   2.514    33.8     1.4
    M33     177   2.529    33.8     1.4
    M33     178   2.543    33.3     1.4
    M33     179   2.557    32.5     1.6
    M33     180   2.571    34.0     1.5
    M33     181   2.586    33.3     1.4
    M33     182   2.600    34.2     1.5
    M33     183   2.614    34.2     1.5
    M33     184   2.629    33.8     1.5
    M33     185   2.643    34.5     1.5
    M33     186   2.657    34.3     1.4
    M33     187   2.671    34.2     1.5
    M33     188   2.686    33.5     1.6
    M33     189   2.700    33.5     1.5
    M33     190   2.714    35.3     1.5
    M33     191   2.729    33.7     1.5
    M33     192   2.743    34.1     1.7
    M33     193   2.757    33.9     1.6
    M33     194   2.771    33.9     1.6
    M33     195   2.786    34.1     1.5
    M33     196   2.800    34.0     1.6
    M33     197   2.814    34.4     1.6
    M33     198   2.829    33.8     1.6
    M33     199   2.843    35.1     1.7
    M33     200   2.857    35.0     1.6
    M33     201   2.871    34.4     1.7
    M33     202   2.886    34.7     1.7
    M33     203   2.900    33.9     1.6
    M33     204   2.914    34.2     1.7
    M33     205   2.929    35.3     1.6
    M33     206   2.943    34.8     1.7
    M33     207   2.957    35.3     1.7
    M33     208   2.971    34.4     1.6
    M33     209   2.986    35.0     1.5
    M33     210   3.000    35.0     1.7
    M33     211   3.014    34.9     1.7
    M33     212   3.029    34.6     1.7
    M33     213   3.043    35.6     1.7
    M33     214   3.057    34.3     1.7
    M33     215   3.071    35.4     1.7
    M33     216   3.086    34.7     1.6
    M33     217   3.100    34.4     1.8
    M33     218   3.114    35.0     1.7
    M33     219   3.129    34.7     1.8
    M33     220   3.143    34.9     1.8
    M33     221   3.157    34.9     1.6
    M33     222   3.171    35.5     1.7
    M33     223   3.186    34.5     1.7
    M33     224   3.200    35.0     1.7
    M33     225   3.214    35.1     1.6
    M33     226   3.229    35.4     1.8
    M33     227   3.243    35.0     1.7
    M33     228   3.257    34.9     1.7
    M33     229   3.271    34.6     1.8
    M33     230   3.286    34.2     1.8
    M33     231   3.300    34.0     1.8
    M33     232   3.314    34.4     1.8
    M33     233   3.329    35.5     1.7
    M33     234   3.343    35.4     1.8
    M33     235   3.357    34.2     1.8
    M33     236   3.371    34.6     1.8
    M33     237   3.386    35.2     1.8
    M33     238   3.400    34.7     1.8
    M33     239   3.414    35.0     1.8
    M33     240   3.429    35.9     1.8
    M33     241   3.443    34.6     1.8
    M33     242   3.457    34.9     1.8
    M33     243   3.471    35.7     1.8
    M33     244   3.486    35.0     1.7
    M33     245   3.500    34.7     1.7
    M33     246   3.514    34.4     1.8
    M33     247   3.529    35.0     1.8
    M33     248   3.543    34.7     1.9
    M33     249   3.557    35.7     1.8
    M33     250   3.571    34.9     1.8
    M33     251   3.586    35.0     1.9
    M33     252   3.600    35.1     1.8
    M33     253   3.614    35.4     1.8
    M33     254   3.629    34.4     1.8
    M33     255   3.643    35.0     1.8
    M33     256   3.657    35.1     1.8
    M33     257   3.671    34.6     1.9
    M33     258   3.686    34.0     1.8
    M33     259   3.700    34.8     1.9
    M33     260   3.714    35.2     1.8
    M33     261   3.729    34.0     2.0
    M33     262   3.743    34.3     1.8
    M33     263   3.757    35.3     1.9
    M33     264   3.771    34.7     1.8
    M33     265   3.786    34.8     1.8
    M33     266   3.800    35.1     1.7
    M33     267   3.814    35.4     1.7
    M33     268   3.829    34.9     1.7
    M33     269   3.843    34.5     1.8
    M33     270   3.857    34.0     1.7
    M33     271   3.871    34.7     1.8
    M33     272   3.886    34.7     1.7
    M33     273   3.900    34.7     1.7
    M33     274   3.914    33.9     1.7
    M33     275   3.929    34.1     1.7
    M33     276   3.943    34.8     1.7
    M33     277   3.957    33.5     1.7
    M33     278   3.971    34.0     1.6
    M33     279   3.986    34.0     1.7
    M33     280   4.000    33.9     1.7
    M33     281   4.014    34.7     1.6
    M33     282   4.029    32.5     1.6
    M33     283   4.043    34.4     1.6
    M33     284   4.057    33.0     1.6
    M33     285   4.071    33.6     1.6
    M33     286   4.086    32.9     1.6
    M33     287   4.100    33.2     1.6
    M33     288   4.114    33.4     1.6
    M33     289   4.129    33.6     1.6
    M33     290   4.143    33.3     1.6
    M33     291   4.157    33.3     1.6
    M33     292   4.171    33.3     1.6
    M33     293   4.186    33.5     1.6
    M33     294   4.200    33.3     1.6
    M33     295   4.214    33.1     1.6
    M33     296   4.229    32.9     1.6
    M33     297   4.243    33.3     1.6
    M33     298   4.257    33.7     1.5
    M33     299   4.271    34.6     1.7
    M33     300   4.286    34.5     1.7
    M33     301   4.300    34.8     1.6
    M33     302   4.314    35.2     1.7
    M33     303   4.329    35.6     1.7
    M33     304   4.343    35.2     1.7
    M33     305   4.357    35.0     1.7
    M33     306   4.371    36.1     1.7
    M33     307   4.386    35.8     1.7
    M33     308   4.400    35.3     1.7
    M33     309   4.414    36.2     1.7
    M33     310   4.429    37.2     1.7
    M33     311   4.443    36.4     1.8
    M33     312   4.457    36.6     1.8
    M33     313   4.471    37.5     1.8
    M33     314   4.486    38.1     2.0
    M33     315   4.500    36.7     1.8
    M33     316   4.514    37.8     1.9
    M33     317   4.529    38.1     1.9
    M33     318   4.543    38.9     2.0
    M33     319   4.557    39.2     1.9
    M33     320   4.571    40.1     1.9
    M33     321   4.586    39.1     2.0
    M33     322   4.600    40.0     2.1
    M33     323   4.614    40.5     2.0
    M33     324   4.629    41.3     2.0
    M33     325   4.643    41.9     2.1
    M33     326   4.657    41.5     2.1
    M33     327   4.671    41.1     2.2
    M33     328   4.686    42.0     2.2
    M33     329   4.700    42.4     2.3
    M33     330   4.714    42.6     2.4
    M33     331   4.729    43.4     2.3
    M33     332   4.743    42.4     2.4
    M33     333   4.757    41.5     2.4
    M33     334   4.771    42.7     2.5
    M33     335   4.786    44.4     2.5
    M33     336   4.800    44.6     2.5
    M33     337   4.814    44.0     2.6
    M33     338   4.829    44.2     2.7
    M33     339   4.843    43.9     2.5
    M33     340   4.857    44.1     2.7
    M33     341   4.871    43.9     2.7
    M33     342   4.886    44.2     2.7
    M33     343   4.900    46.0     2.8
    M33     344   4.914    46.1     2.7
    M33     345   4.929    46.5     2.9
    M33     346   4.943    46.1     2.7
    M33     347   4.957    45.4     2.8
    M33     348   4.971    46.0     3.0
    M33     349   4.986    45.5     3.0
    M33     350   5.000    45.6     2.7
    M33     351   5.014    46.9     2.9
    M33     352   5.029    45.3     2.9
    M33     353   5.043    46.3     2.9
    M33     354   5.057    47.2     3.0
    M33     355   5.071    46.4     3.0
    M33     356   5.086    46.0     3.0
    M33     357   5.100    46.4     2.9
    M33     358   5.114    46.4     2.9
    M33     359   5.129    45.3     3.0
    M33     360   5.143    45.7     3.0
    M33     361   5.157    47.3     3.0
    M33     362   5.171    46.5     3.1
    M33     363   5.186    46.1     3.1
    M33     364   5.200    46.3     3.1
    M33     365   5.214    45.5     3.0
    M33     366   5.229    45.3     3.1
    M33     367   5.243    46.2     3.0
    M33     368   5.257    44.7     3.1
    M33     369   5.271    45.1     3.1
    M33     370   5.286    45.6     3.2
    M33     371   5.300    44.3     3.2
    M33     372   5.314    44.6     3.0
    M33     373   5.329    44.7     3.2
    M33     374   5.343    45.8     3.2
    M33     375   5.357    45.0     3.2
    M33     376   5.371    44.9     3.2
    M33     377   5.386    46.7     3.2
    M33     378   5.400    46.8     3.2
    M33     379   5.414    46.6     3.2
    M33     380   5.429    48.1     3.2
    M33     381   5.443    48.1     3.1
    M33     382   5.457    48.2     3.1
    M33     383   5.471    49.2     3.2
    M33     384   5.486    51.1     3.3
    M33     385   5.500    50.8     3.2
    M33     386   5.514    51.7     3.4
    M33     387   5.529    51.2     3.4
    M33     388   5.543    53.2     3.4
    M33     389   5.557    54.8     3.4
    M33     390   5.571    54.2     3.4
    M33     391   5.586    56.1     3.6
    M33     392   5.600    52.8     3.5
    M33     393   5.614    55.3     3.6
    M33     394   5.629    55.0     3.6
    M33     395   5.643    55.9     3.7
    M33     396   5.657    56.8     3.7
    M33     397   5.671    59.9     4.0
    M33     398   5.686    58.1     3.9
    M33     399   5.700    56.7     3.9
    M33     400   5.714    58.8     4.0
    M33     401   5.729    60.8     4.2
    M33     402   5.743    60.6     4.1
    M33     403   5.757    60.3     4.2
    M33     404   5.771    61.6     4.2
    M33     405   5.786    61.7     4.2
    M33     406   5.800    61.9     4.4
    M33     407   5.814    64.5     4.4
    M33     408   5.829    64.4     4.6
    M33     409   5.843    64.2     4.7
    M33     410   5.857    64.6     4.6
    M33     411   5.871    63.3     4.8
    M33     412   5.886    66.6     5.0
    M33     413   5.900    66.9     5.1
    M33     414   5.914    65.5     4.9
    M33     415   5.929    66.7     5.2
    M33     416   5.943    64.4     5.0
    M33     417   5.957    68.7     5.1
    M33     418   5.971    67.6     5.3
    M33     419   5.986    68.7     5.3
    M33     420   6.000    69.8     5.2
    M33     421   6.014    68.5     5.5
    M33     422   6.029    69.3     5.6
    M33     423   6.043    68.5     5.6
    M33     424   6.057    70.1     5.7
    M33     425   6.071    68.5     5.7
    M33     426   6.086    71.2     5.9
    M33     427   6.100    70.2     5.8
    M33     428   6.114    71.7     6.0
    M33     429   6.129    72.6     6.1
    M33     430   6.143    73.8     6.0
    M33     431   6.157    74.7     6.1
    M33     432   6.171    73.4     6.3
    M33     433   6.186    73.7     6.1
    M33     434   6.200    75.2     6.3
    M33     435   6.214    75.0     6.5
    M33     436   6.229    72.3     6.4
    M33     437   6.243    75.6     6.6
    M33     438   6.257    75.5     6.7
    M33     439   6.271    74.0     6.7
    M33     440   6.286    76.3     6.8
    M33     441   6.300    76.2     6.5
    M33     442   6.314    75.8     6.5
    M33     443   6.329    74.2     6.7
    M33     444   6.343    77.4     6.7
    M33     445   6.357    78.3     6.7
    M33     446   6.371    76.5     6.7
    M33     447   6.386    74.8     6.8
    M33     448   6.400    76.7     6.7
    M33     449   6.414    76.3     6.6
    M33     450   6.429    74.5     6.6
    M33     451   6.443    74.7     6.5
    M33     452   6.457    76.8     6.7
    M33     453   6.471    74.8     6.7
    M33     454   6.486    72.7     6.4
    M33     455   6.500    73.9     6.4
    M33     456   6.514    72.2     6.5
    M33     457   6.529    75.2     6.6
    M33     458   6.543    74.0     6.4
    M33     459   6.557    72.0     6.5
    M33     460   6.571    74.0     6.2
    M33     461   6.586    73.7     6.6
    M33     462   6.600    71.8     6.3
    M33     463   6.614    75.8     6.5
    M33     464   6.629    74.4     6.6
    M33     465   6.643    73.2     6.3
    M33     466   6.657    73.1     6.6
    M33     467   6.671    74.3     6.6
    M33     468   6.686    76.1     6.5
    M33     469   6.700    74.4     6.4
    M33     470   6.714    73.2     6.6
    M33     471   6.729    76.6     7.0
    M33     472   6.743    76.2     6.9
    M33     473   6.757    75.6     6.6
    M33     474   6.771    71.3     6.4
    M33     475   6.786    78.2     6.8
    M33     476   6.800    78.1     6.9
    M33     477   6.814    77.0     6.8
    M33     478   6.829    75.7     6.8
    M33     479   6.843    79.8     6.9
    M33     480   6.857    77.8     7.0
    M33     481   6.871    78.4     7.0
    M33     482   6.886    79.0     7.1
    M33     483   6.900    76.8     6.9
    M33     484   6.914    77.9     6.9
    M33     485   6.929    77.7     6.8
    M33     486   6.943    78.9     6.8
    M33     487   6.957    77.9     6.8
    M33     488   6.971    80.6     7.0
    M33     489   6.986    77.9     7.0
    M33     490   7.000    80.5     7.1
    M33     491   7.014    79.0     7.0
    M33     492   7.029    81.4     7.2
    M33     493   7.043    81.2     7.1
    M33     494   7.057    81.0     6.9
    M33     495   7.071    80.2     6.9
    M33     496   7.086    80.1     7.2
    M33     497   7.100    80.9     7.2
    M33     498   7.114    83.9     6.9
    M33     499   7.129    84.5     7.5
    M33     500   7.143    80.2     7.0
    M33     501   7.157    81.1     7.1
    M33     502   7.171    83.5     7.3
    M33     503   7.186    82.3     7.3
    M33     504   7.200    79.9     7.2
    M33     505   7.214    82.0     7.2
    M33     506   7.229    82.3     7.2
    M33     507   7.243    82.0     7.2
    M33     508   7.257    83.6     7.3
    M33     509   7.271    82.3     7.4
    M33     510   7.286    82.7     7.3
    M33     511   7.300    83.5     7.3
    M33     512   7.314    85.1     7.6
    M33     513   7.329    81.7     7.4
    M33     514   7.343    85.4     7.5
    M33     515   7.357    85.5     7.6
    M33     516   7.371    86.5     7.7
    M33     517   7.386    88.9     7.6
    M33     518   7.400    84.5     7.7
    M33     519   7.414    86.2     7.8
    M33     520   7.429    86.6     7.6
    M33     521   7.443    88.5     8.1
    M33     522   7.457    88.8     7.8
    M33     523   7.471    89.4     7.7
    M33     524   7.486    88.9     8.4
    M33     525   7.500    90.2     8.2
    M33     526   7.514    88.9     8.2
    M33     527   7.529    89.7     8.0
    M33     528   7.543    87.6     8.1
    M33     529   7.557    87.3     8.0
    M33     530   7.571    90.7     8.3
    M33     531   7.586    89.3     8.2
    M33     532   7.600    89.7     8.2
    M33     533   7.614    89.8     8.3
    M33     534   7.629    94.0     8.7
    M33     535   7.643    93.7     8.6
    M33     536   7.657    90.1     8.4
    M33     537   7.671    92.2     8.4
    M33     538   7.686    91.6     8.3
    M33     539   7.700    89.4     8.5
    M33     540   7.714    88.2     8.1
    M33     541   7.729    90.7     8.5
    M33     542   7.743    94.0     8.7
    M33     543   7.757    92.1     8.5
    M33     544   7.771    90.1     8.5
    M33     545   7.786    94.1     8.4
    M33     546   7.800    91.4     8.6
    M33     547   7.814    91.1     8.4
    M33     548   7.829    92.2     8.6
    M33     549   7.843    93.1     8.6
    M33     550   7.857    93.9     8.4
    M33     551   7.871    88.2     8.2
    M33     552   7.886    92.5     8.6
    M33     553   7.900    89.8     8.3
    M33     554   7.914    92.9     8.3
    M33     555   7.929    91.0     8.5
    M33     556   7.943    89.3     8.3
    M33     557   7.957    90.9     8.3
    M33     558   7.971    91.4     8.1
    M33     559   7.986    91.1     8.7
    M33     560   8.000    90.0     8.3
    M33     561   8.014    88.2     8.0
    M33     562   8.029    90.5     8.1
    M33     563   8.043    89.0     8.2
    M33     564   8.057    89.9     8.2
    M33     565   8.071    91.0     8.3
    M33     566   8.086    87.1     8.2
    M33     567   8.100    88.8     8.2
    M33     568   8.114    88.2     8.1
    M33     569   8.129    92.0     8.3
    M33     570   8.143    90.9     8.6
    M33     571   8.157    90.7     8.2
    M33     572   8.171    93.4     8.4
    M33     573   8.186    90.7     8.1
    M33     574   8.200    90.5     8.3
    M33     575   8.214    91.1     8.5
    M33     576   8.229    89.4     8.4
    M33     577   8.243    89.8     8.2
    M33     578   8.257    89.9     8.1
    M33     579   8.271    89.2     8.3
    M33     580   8.286    90.4     8.2
    M33     581   8.300    91.0     8.4
    M33     582   8.314    91.3     8.6
    M33     583   8.329    91.2     8.4
    M33     584   8.343    93.8     8.5
    M33     585   8.357    88.4     8.0
    M33     586   8.371    90.6     8.1
    M33     587   8.386    90.3     8.2
    M33     588   8.400    91.9     8.1
    M33     589   8.414    92.6     8.0
    M33     590   8.429    91.0     7.9
    M33     591   8.443    91.9     7.7
    M33     592   8.457    88.8     7.6
    M33     593   8.471    88.9     7.8
    M33     594   8.486    88.9     7.6
    M33     595   8.500    89.6     7.6
    M33     596   8.514    93.1     7.9
    M33     597   8.529    88.4     7.3
    M33     598   8.543    89.8     7.7
    M33     599   8.557    88.3     7.2
    M33     600   8.571    89.8     7.1
    M33     601   8.586    88.0     7.2
    M33     602   8.600    90.8     7.4
    M33     603   8.614    89.3     7.4
    M33     604   8.629    86.9     7.3
    M33     605   8.643    88.9     7.4
    M33     606   8.657    87.9     7.3
    M33     607   8.671    89.3     7.5
    M33     608   8.686    92.5     7.6
    M33     609   8.700    86.3     7.2
    M33     610   8.714    91.1     7.5
    M33     611   8.729    89.5     7.3
    M33     612   8.743    90.9     7.6
    M33     613   8.757    88.5     7.5
    M33     614   8.771    89.1     7.5
    M33     615   8.786    89.0     7.5
    M33     616   8.800    89.4     7.6
    M33     617   8.814    95.5     7.9
    M33     618   8.829    92.7     7.7
    M33     619   8.843    88.8     7.9
    M33     620   8.857    94.9     7.8
    M33     621   8.871    95.1     8.1
    M33     622   8.886    92.1     8.0
    M33     623   8.900    94.3     8.2
    M33     624   8.914    97.8     8.1
    M33     625   8.929    96.1     8.3
    M33     626   8.943    95.7     8.4
    M33     627   8.957    94.9     8.7
    M33     628   8.971    96.7     8.6
    M33     629   8.986    99.9     8.7
    M33     630   9.000    99.8     8.9
    M33     631   9.014    99.0     8.9
    M33     632   9.029    99.2     8.9
    M33     633   9.043   100.7     8.8
    M33     634   9.057    98.4     9.1
    M33     635   9.071   100.9     9.0
    M33     636   9.086   100.7     9.0
    M33     637   9.100   102.7     9.2
    M33     638   9.114   104.2     9.3
    M33     639   9.129   103.4     9.1
    M33     640   9.143   102.5     9.5
    M33     641   9.157   106.1     9.5
    M33     642   9.171   104.1     9.5
    M33     643   9.186   102.5     9.3
    M33     644   9.200   103.7     9.8
    M33     645   9.214   102.1     9.6
    M33     646   9.229   103.8     9.3
    M33     647   9.243   102.9     9.5
    M33     648   9.257   103.6     9.3
    M33     649   9.271   101.5     9.3
    M33     650   9.286   103.0     9.5
    M33     651   9.300   104.3     9.4
    M33     652   9.314   104.0     9.3
    M33     653   9.329   103.8     9.1
    M33     654   9.343   100.3     8.9
    M33     655   9.357    97.6     9.0
    M33     656   9.371   100.3     9.1
    M33     657   9.386    99.7     8.8
    M33     658   9.400    98.7     8.7
    M33     659   9.414    99.6     8.9
    M33     660   9.429    97.2     8.5
    M33     661   9.443   100.7     8.6
    M33     662   9.457    95.7     8.5
    M33     663   9.471    99.2     8.8
    M33     664   9.486    98.3     8.6
    M33     665   9.500    99.3     8.7
    M33     666   9.514    92.5     8.1
    M33     667   9.529    95.6     8.1
    M33     668   9.543    93.6     8.0
    M33     669   9.557    95.2     7.9
    M33     670   9.571    91.7     7.8
    M33     671   9.586    94.8     8.0
    M33     672   9.600    94.5     7.9
    M33     673   9.614    92.9     7.8
    M33     674   9.629    95.7     8.0
    M33     675   9.643    95.4     8.0
    M33     676   9.657    94.8     7.8
    M33     677   9.671    99.8     8.2
    M33     678   9.686    95.4     8.1
    M33     679   9.700    98.0     8.0
    M33     680   9.714    95.6     7.8
    M33     681   9.729   100.6     8.4
    M33     682   9.743    96.3     8.3
    M33     683   9.757   100.9     8.6
    M33     684   9.771    97.7     8.4
    M33     685   9.786   101.5     8.7
    M33     686   9.800   100.4     8.4
    M33     687   9.814   104.1     8.7
    M33     688   9.829   104.2     9.0
    M33     689   9.843   104.0     9.0
    M33     690   9.857   101.3     8.9
    M33     691   9.871   102.7     8.6
    M33     692   9.886   107.7     9.4
    M33     693   9.900   106.2     9.2
    M33     694   9.914   106.5     9.1
    M33     695   9.929   106.1     9.4
    M33     696   9.943   108.4     9.5
    M33     697   9.957   106.0     9.3
    M33     698   9.971   110.2     9.7
    M33     699   9.986   106.9     9.4
    M33     700  10.000   110.3     9.7
    M33     701  10.014   113.5    10.1
    M33     702  10.029   106.1     9.6
    M33     703  10.043   111.1     9.9
    M33     704  10.057   114.6    10.4
    M33     705  10.071   108.0     9.9
    M33     706  10.086   110.1    10.2
    M33     707  10.100   112.0    10.0
    M33     708  10.114   115.1    10.2
    M33     709  10.129   114.4    10.2
    M33     710  10.143   113.5    10.2
    M33     711  10.157   117.2    10.4
    M33     712  10.171   114.5    10.0
    M33     713  10.186   112.6    10.2
    M33     714  10.200   117.3    10.4
    M33     715  10.214   112.6    10.1
    M33     716  10.229   118.1    10.3
    M33     717  10.243   114.5    10.5
    M33     718  10.257   113.6    10.1
    M33     719  10.271   114.5    10.6
    M33     720  10.286   108.2    10.1
    M33     721  10.300   108.5    10.1
    M33     722  10.314   112.3    10.2
    M33     723  10.329   114.1    10.2
    M33     724  10.343   110.3    10.1
    M33     725  10.357   113.4    10.3
    M33     726  10.371   115.8     9.9
    M33     727  10.386   115.4    10.0
    M33     728  10.400   109.1     9.6
    M33     729  10.414   110.4     9.7
    M33     730  10.429   112.1     9.7
    M33     731  10.443   108.2     9.6
    M33     732  10.457   108.0     9.7
    M33     734  10.486   109.0     9.4
    M33     735  10.500   110.4     9.7
    M33     736  10.514   109.0     9.3
    M33     737  10.529   109.5     9.6
    M33     738  10.543   109.7     9.6
    M33     739  10.557   107.4     9.3
    M33     740  10.571   107.8     9.6
    M33     741  10.586   108.7     9.2
    M33     742  10.600   108.0     9.5
    M33     743  10.614   107.0     9.2
    M33     744  10.629   110.4     9.6
    M33     745  10.643   105.5     9.0
    M33     746  10.657   110.0     9.4
    M33     747  10.671   112.8     9.6
    M33     748  10.686   113.5     9.5
    M33     749  10.700   107.7     9.3
    M33     750  10.714   109.8     9.1
    M33     751  10.729   112.0     9.5
    M33     752  10.743   111.9     9.7
    M33     753  10.757   113.2     9.3
    M33     754  10.771   115.3     9.5
    M33     755  10.786   112.1     9.8
    M33     756  10.800   112.2     9.6
    M33     757  10.814   113.2    10.0
    M33     758  10.829   113.1     9.8
    M33     759  10.843   114.2    10.1
    M33     760  10.857   114.2     9.9
    M33     761  10.871   119.3     9.9
    M33     762  10.886   116.9    10.2
    M33     763  10.900   117.3    10.0
    M33     764  10.914   118.3    10.2
    M33     765  10.929   117.6    10.4
    M33     766  10.943   118.7    10.4
    M33     767  10.957   117.8    10.3
    M33     768  10.971   121.1    10.8
    M33     769  10.986   117.6    10.4
    M33     770  11.000   117.2    10.7
    M33     771  11.014   120.9    10.8
    M33     772  11.029   123.2    10.9
    M33     773  11.043   120.9    10.7
    M33     774  11.057   119.6    10.9
    M33     775  11.071   121.7    10.6
    M33     776  11.086   118.0    10.5
    M33     777  11.100   119.0    10.6
    M33     778  11.114   120.9    10.6
    M33     779  11.129   123.7    11.3
    M33     780  11.143   120.2    10.4
    M33     781  11.157   122.7    10.9
    M33     782  11.171   116.4    11.0
    M33     783  11.186   118.9    10.6
    M33     784  11.200   117.8    10.4
    M33     785  11.214   121.5    10.8
    M33     786  11.229   116.4    10.4
    M33     787  11.243   116.9    10.5
    M33     788  11.257   116.7    10.0
    M33     789  11.271   116.2    10.3
    M33     790  11.286   116.5    10.3
    M33     791  11.300   120.6    10.6
    M33     792  11.314   117.5    10.4
    M33     793  11.329   116.0    10.0
    M33     794  11.343   114.3     9.7
    M33     795  11.357   114.4     9.8
    M33     796  11.371   115.9    10.1
    M33     797  11.386   112.5     9.5
    M33     798  11.400   113.0     9.7
    M33     799  11.414   114.6     9.6
    M33     800  11.429   114.5     9.8
    M33     801  11.443   112.7     9.8
