#   gal    snap       t      Re       n     err
     MW       0   0.000    1.40    5.50  0.0001
     MW       1   0.014    1.40    5.50  0.0001
     MW       2   0.029    1.50    5.49  0.0001
     MW       3   0.043    1.40    5.50  0.0001
     MW       4   0.057    1.40    5.50  0.0001
     MW       5   0.071    1.70    5.50  0.0016
     MW       6   0.086    1.70    5.50  0.0015
     MW       7   0.100    1.40    5.50  0.0001
     MW       8   0.114    1.40    5.50  0.0001
     MW       9   0.129    1.40    5.50  0.0001
     MW      10   0.143    1.60    5.50  0.0008
     MW      11   0.157    1.40    5.50  0.0001
     MW      12   0.171    1.60    5.49  0.0006
     MW      13   0.186    1.40    5.50  0.0001
     MW      14   0.200    1.50    5.50  0.0004
     MW      15   0.214    1.50    5.50  0.0003
     MW      16   0.229    1.50    5.50  0.0003
     MW      17   0.243    1.50    5.49  0.0002
     MW      18   0.257    1.40    5.50  0.0001
     MW      19   0.271    1.50    5.49  0.0002
     MW      20   0.286    1.40    5.50  0.0001
     MW      21   0.300    1.50    5.49  0.0002
     MW      22   0.314    1.50    5.49  0.0002
     MW      23   0.329    1.50    5.50  0.0003
     MW      24   0.343    1.50    5.50  0.0003
     MW      25   0.357    1.50    5.50  0.0004
     MW      26   0.371    1.50    5.50  0.0005
     MW      27   0.386    1.60    5.49  0.0005
     MW      28   0.400    1.50    5.50  0.0004
     MW      29   0.414    1.50    5.49  0.0002
     MW      30   0.429    1.50    5.50  0.0003
     MW      31   0.443    1.50    5.50  0.0003
     MW      32   0.457    1.50    5.49  0.0003
     MW      33   0.471    1.50    5.49  0.0003
     MW      34   0.486    1.50    5.50  0.0003
     MW      35   0.500    1.50    5.50  0.0003
     MW      36   0.514    1.50    5.50  0.0003
     MW      37   0.529    1.50    5.50  0.0003
     MW      38   0.543    1.50    5.50  0.0004
     MW      39   0.557    1.50    5.50  0.0002
     MW      40   0.571    1.50    5.50  0.0003
     MW      41   0.586    1.50    5.49  0.0002
     MW      42   0.600    1.50    5.49  0.0002
     MW      43   0.614    1.50    5.50  0.0002
     MW      44   0.629    1.50    5.49  0.0001
     MW      45   0.643    1.50    5.49  0.0001
     MW      46   0.657    1.50    5.49  0.0002
     MW      47   0.671    1.50    5.49  0.0002
     MW      48   0.686    1.50    5.50  0.0003
     MW      49   0.700    1.50    5.50  0.0004
     MW      50   0.714    1.60    5.49  0.0005
     MW      51   0.729    1.50    5.49  0.0001
     MW      52   0.743    1.60    5.49  0.0006
     MW      53   0.757    1.60    5.50  0.0007
     MW      54   0.771    1.70    5.49  0.0010
     MW      55   0.786    1.70    5.50  0.0015
     MW      56   0.800    1.50    5.49  0.0001
     MW      57   0.814    1.70    5.50  0.0013
     MW      58   0.829    1.50    5.49  0.0001
     MW      59   0.843    1.40    5.50  0.0001
     MW      60   0.857    1.50    5.49  0.0001
     MW      61   0.871    1.40    5.50  0.0001
     MW      62   0.886    1.60    5.50  0.0008
     MW      63   0.900    1.50    5.49  0.0001
     MW      64   0.914    1.50    5.49  0.0001
     MW      65   0.929    1.60    5.49  0.0006
     MW      66   0.943    1.50    5.49  0.0001
     MW      67   0.957    1.50    5.49  0.0002
     MW      68   0.971    1.50    5.49  0.0002
     MW      69   0.986    1.60    5.49  0.0005
     MW      70   1.000    1.50    5.49  0.0002
     MW      71   1.014    1.50    5.50  0.0004
     MW      72   1.029    1.50    5.50  0.0003
     MW      73   1.043    1.50    5.49  0.0002
     MW      74   1.057    1.50    5.49  0.0002
     MW      75   1.071    1.50    5.49  0.0002
     MW      76   1.086    1.50    5.49  0.0001
     MW      77   1.100    1.50    5.49  0.0002
     MW      78   1.114    1.50    5.49  0.0002
     MW      79   1.129    1.50    5.50  0.0003
     MW      80   1.143    1.50    5.50  0.0005
     MW      81   1.157    1.60    5.49  0.0006
     MW      82   1.171    1.60    5.49  0.0005
     MW      83   1.186    1.60    5.49  0.0006
     MW      84   1.200    1.60    5.50  0.0007
     MW      85   1.214    1.60    5.50  0.0008
     MW      86   1.229    1.60    5.49  0.0006
     MW      87   1.243    1.60    5.49  0.0007
     MW      88   1.257    1.60    5.49  0.0007
     MW      89   1.271    1.70    5.49  0.0007
     MW      90   1.286    1.70    5.49  0.0009
     MW      91   1.300    1.60    5.50  0.0009
     MW      92   1.314    1.60    5.50  0.0008
     MW      93   1.329    1.60    5.50  0.0009
     MW      94   1.343    1.60    5.50  0.0009
     MW      95   1.357    1.60    5.50  0.0007
     MW      96   1.371    1.60    5.49  0.0007
     MW      97   1.386    1.60    5.49  0.0005
     MW      98   1.400    1.50    5.50  0.0004
     MW      99   1.414    1.60    5.49  0.0005
     MW     100   1.429    1.60    5.49  0.0004
     MW     101   1.443    1.50    5.50  0.0004
     MW     102   1.457    1.50    5.50  0.0004
     MW     103   1.471    1.50    5.50  0.0005
     MW     104   1.486    1.50    5.50  0.0004
     MW     105   1.500    1.50    5.50  0.0004
     MW     106   1.514    1.50    5.50  0.0004
     MW     107   1.529    1.50    5.50  0.0003
     MW     108   1.543    1.50    5.49  0.0002
     MW     109   1.557    1.50    5.49  0.0002
     MW     110   1.571    1.50    5.49  0.0002
     MW     111   1.586    1.50    5.49  0.0002
     MW     112   1.600    1.50    5.49  0.0002
     MW     113   1.614    1.50    5.49  0.0002
     MW     114   1.629    1.50    5.49  0.0002
     MW     115   1.643    1.50    5.49  0.0002
     MW     116   1.657    1.50    5.49  0.0002
     MW     117   1.671    1.50    5.49  0.0002
     MW     118   1.686    1.50    5.49  0.0002
     MW     119   1.700    1.50    5.49  0.0003
     MW     120   1.714    1.50    5.49  0.0002
     MW     121   1.729    1.50    5.49  0.0002
     MW     122   1.743    1.50    5.50  0.0003
     MW     123   1.757    1.50    5.49  0.0003
     MW     124   1.771    1.50    5.49  0.0003
     MW     125   1.786    1.50    5.50  0.0003
     MW     126   1.800    1.50    5.50  0.0003
     MW     127   1.814    1.60    5.49  0.0004
     MW     128   1.829    1.60    5.49  0.0005
     MW     129   1.843    1.60    5.49  0.0005
     MW     130   1.857    1.60    5.49  0.0005
     MW     131   1.871    1.60    5.49  0.0004
     MW     132   1.886    1.50    5.50  0.0004
     MW     133   1.900    1.50    5.49  0.0003
     MW     134   1.914    1.50    5.49  0.0002
     MW     135   1.929    1.50    5.49  0.0002
     MW     136   1.943    1.50    5.49  0.0002
     MW     137   1.957    1.50    5.49  0.0002
     MW     138   1.971    1.50    5.49  0.0002
     MW     139   1.986    1.50    5.49  0.0002
     MW     140   2.000    1.50    5.49  0.0002
     MW     141   2.014    1.50    5.49  0.0002
     MW     142   2.029    1.50    5.49  0.0002
     MW     143   2.043    1.50    5.49  0.0002
     MW     144   2.057    1.50    5.49  0.0002
     MW     145   2.071    1.50    5.49  0.0002
     MW     146   2.086    1.50    5.49  0.0002
     MW     147   2.100    1.50    5.49  0.0002
     MW     148   2.114    1.50    5.49  0.0002
     MW     149   2.129    1.50    5.49  0.0002
     MW     150   2.143    1.50    5.49  0.0002
     MW     151   2.157    1.50    5.49  0.0002
     MW     152   2.171    1.50    5.49  0.0003
     MW     153   2.186    1.50    5.50  0.0003
     MW     154   2.200    1.50    5.49  0.0003
     MW     155   2.214    1.50    5.50  0.0003
     MW     156   2.229    1.50    5.50  0.0004
     MW     157   2.243    1.50    5.49  0.0003
     MW     158   2.257    1.50    5.49  0.0003
     MW     159   2.271    1.60    5.48  0.0003
     MW     160   2.286    1.60    5.49  0.0003
     MW     161   2.300    1.50    5.50  0.0003
     MW     162   2.314    1.50    5.49  0.0003
     MW     163   2.329    1.50    5.49  0.0002
     MW     164   2.343    1.50    5.49  0.0003
     MW     165   2.357    1.50    5.49  0.0002
     MW     166   2.371    1.50    5.49  0.0002
     MW     167   2.386    1.50    5.49  0.0002
     MW     168   2.400    1.50    5.49  0.0002
     MW     169   2.414    1.50    5.49  0.0002
     MW     170   2.429    1.50    5.49  0.0002
     MW     171   2.443    1.50    5.49  0.0002
     MW     172   2.457    1.50    5.49  0.0002
     MW     173   2.471    1.50    5.49  0.0002
     MW     174   2.486    1.50    5.49  0.0003
     MW     175   2.500    1.50    5.49  0.0003
     MW     176   2.514    1.50    5.49  0.0003
     MW     177   2.529    1.50    5.49  0.0003
     MW     178   2.543    1.50    5.50  0.0003
     MW     179   2.557    1.50    5.49  0.0003
     MW     180   2.571    1.50    5.49  0.0003
     MW     181   2.586    1.50    5.49  0.0002
     MW     182   2.600    1.60    5.48  0.0003
     MW     183   2.614    1.60    5.48  0.0003
     MW     184   2.629    1.50    5.49  0.0003
     MW     185   2.643    1.50    5.49  0.0003
     MW     186   2.657    1.50    5.50  0.0003
     MW     187   2.671    1.50    5.49  0.0003
     MW     188   2.686    1.50    5.50  0.0003
     MW     189   2.700    1.50    5.49  0.0003
     MW     190   2.714    1.50    5.49  0.0003
     MW     191   2.729    1.50    5.49  0.0002
     MW     192   2.743    1.50    5.49  0.0002
     MW     193   2.757    1.50    5.49  0.0002
     MW     194   2.771    1.50    5.49  0.0002
     MW     195   2.786    1.50    5.49  0.0002
     MW     196   2.800    1.60    5.48  0.0003
     MW     197   2.814    1.50    5.49  0.0003
     MW     198   2.829    1.60    5.48  0.0003
     MW     199   2.843    1.60    5.48  0.0004
     MW     200   2.857    1.60    5.49  0.0004
     MW     201   2.871    1.60    5.49  0.0004
     MW     202   2.886    1.60    5.49  0.0005
     MW     203   2.900    1.60    5.49  0.0005
     MW     204   2.914    1.60    5.49  0.0006
     MW     205   2.929    1.60    5.49  0.0007
     MW     206   2.943    1.60    5.50  0.0008
     MW     207   2.957    1.60    5.49  0.0008
     MW     208   2.971    1.70    5.49  0.0007
     MW     209   2.986    1.70    5.49  0.0007
     MW     210   3.000    1.60    5.49  0.0005
     MW     211   3.014    1.70    5.48  0.0006
     MW     212   3.029    1.60    5.49  0.0006
     MW     213   3.043    1.60    5.49  0.0008
     MW     214   3.057    1.70    5.49  0.0008
     MW     215   3.071    1.60    5.49  0.0006
     MW     216   3.086    1.60    5.49  0.0005
     MW     217   3.100    1.60    5.49  0.0004
     MW     218   3.114    1.60    5.49  0.0005
     MW     219   3.129    1.60    5.49  0.0004
     MW     220   3.143    1.60    5.49  0.0005
     MW     221   3.157    1.60    5.49  0.0005
     MW     222   3.171    1.60    5.49  0.0006
     MW     223   3.186    1.60    5.49  0.0005
     MW     224   3.200    1.60    5.49  0.0005
     MW     225   3.214    1.70    5.48  0.0005
     MW     226   3.229    1.70    5.49  0.0007
     MW     227   3.243    1.70    5.48  0.0007
     MW     228   3.257    1.60    5.49  0.0006
     MW     229   3.271    1.70    5.49  0.0008
     MW     230   3.286    1.50    5.49  0.0002
     MW     231   3.300    1.70    5.48  0.0006
     MW     232   3.314    1.60    5.49  0.0005
     MW     233   3.329    1.60    5.49  0.0006
     MW     234   3.343    1.60    5.49  0.0005
     MW     235   3.357    1.60    5.49  0.0005
     MW     236   3.371    1.60    5.49  0.0005
     MW     237   3.386    1.60    5.49  0.0004
     MW     238   3.400    1.60    5.48  0.0003
     MW     239   3.414    1.50    5.49  0.0003
     MW     240   3.429    1.60    5.48  0.0003
     MW     241   3.443    1.60    5.48  0.0003
     MW     242   3.457    1.60    5.48  0.0003
     MW     243   3.471    1.50    5.49  0.0003
     MW     244   3.486    1.50    5.49  0.0003
     MW     245   3.500    1.50    5.49  0.0002
     MW     246   3.514    1.50    5.49  0.0002
     MW     247   3.529    1.50    5.49  0.0003
     MW     248   3.543    1.50    5.49  0.0003
     MW     249   3.557    1.60    5.48  0.0003
     MW     250   3.571    1.50    5.49  0.0003
     MW     251   3.586    1.50    5.49  0.0003
     MW     252   3.600    1.60    5.48  0.0003
     MW     253   3.614    1.50    5.49  0.0003
     MW     254   3.629    1.50    5.49  0.0003
     MW     255   3.643    1.60    5.48  0.0003
     MW     256   3.657    1.50    5.49  0.0003
     MW     257   3.671    1.60    5.48  0.0003
     MW     258   3.686    1.60    5.48  0.0003
     MW     259   3.700    1.60    5.48  0.0003
     MW     260   3.714    1.60    5.49  0.0003
     MW     261   3.729    1.60    5.48  0.0003
     MW     262   3.743    1.60    5.48  0.0003
     MW     263   3.757    1.60    5.48  0.0003
     MW     264   3.771    1.60    5.48  0.0003
     MW     265   3.786    1.60    5.49  0.0003
     MW     266   3.800    1.50    5.49  0.0003
     MW     267   3.814    1.60    5.48  0.0003
     MW     268   3.829    1.60    5.48  0.0003
     MW     269   3.843    1.60    5.48  0.0003
     MW     270   3.857    1.50    5.49  0.0003
     MW     271   3.871    1.50    5.49  0.0003
     MW     272   3.886    1.60    5.48  0.0003
     MW     273   3.900    1.60    5.48  0.0003
     MW     274   3.914    1.60    5.48  0.0003
     MW     275   3.929    1.60    5.48  0.0003
     MW     276   3.943    1.60    5.48  0.0003
     MW     277   3.957    1.60    5.48  0.0003
     MW     278   3.971    1.60    5.48  0.0003
     MW     279   3.986    1.60    5.48  0.0003
     MW     280   4.000    1.60    5.48  0.0003
     MW     281   4.014    1.60    5.48  0.0003
     MW     282   4.029    1.60    5.48  0.0003
     MW     283   4.043    1.60    5.48  0.0003
     MW     284   4.057    1.60    5.48  0.0003
     MW     285   4.071    1.60    5.48  0.0003
     MW     286   4.086    1.60    5.48  0.0004
     MW     287   4.100    1.60    5.48  0.0002
     MW     288   4.114    1.60    5.49  0.0006
     MW     289   4.129    1.60    5.48  0.0002
     MW     290   4.143    1.50    5.49  0.0003
     MW     291   4.157    1.60    5.48  0.0003
     MW     292   4.171    1.50    5.49  0.0003
     MW     293   4.186    1.50    5.49  0.0003
     MW     294   4.200    1.50    5.49  0.0003
     MW     295   4.214    1.50    5.49  0.0003
     MW     296   4.229    1.60    5.49  0.0005
     MW     297   4.243    1.50    5.49  0.0003
     MW     298   4.257    1.50    5.49  0.0003
     MW     299   4.271    1.60    5.48  0.0003
     MW     300   4.286    1.60    5.49  0.0005
     MW     301   4.300    1.70    5.48  0.0007
     MW     302   4.314    1.70    5.49  0.0009
     MW     303   4.329    1.60    5.50  0.0008
     MW     304   4.343    1.60    5.49  0.0005
     MW     305   4.357    1.60    5.49  0.0004
     MW     306   4.371    1.60    5.49  0.0005
     MW     307   4.386    1.60    5.49  0.0005
     MW     308   4.400    1.60    5.49  0.0005
     MW     309   4.414    1.70    5.48  0.0005
     MW     310   4.429    1.60    5.49  0.0005
     MW     311   4.443    1.60    5.49  0.0004
     MW     312   4.457    1.60    5.49  0.0005
     MW     313   4.471    1.60    5.49  0.0005
     MW     314   4.486    1.60    5.49  0.0004
     MW     315   4.500    1.60    5.49  0.0004
     MW     316   4.514    1.60    5.49  0.0005
     MW     317   4.529    1.60    5.49  0.0005
     MW     318   4.543    1.60    5.49  0.0005
     MW     319   4.557    1.60    5.49  0.0005
     MW     320   4.571    1.60    5.49  0.0006
     MW     321   4.586    1.60    5.49  0.0006
     MW     322   4.600    1.60    5.49  0.0006
     MW     323   4.614    1.60    5.49  0.0004
     MW     324   4.629    1.60    5.48  0.0004
     MW     325   4.643    1.60    5.49  0.0004
     MW     326   4.657    1.60    5.49  0.0004
     MW     327   4.671    1.60    5.49  0.0004
     MW     328   4.686    1.60    5.49  0.0004
     MW     329   4.700    1.60    5.49  0.0004
     MW     330   4.714    1.60    5.49  0.0005
     MW     331   4.729    1.70    5.48  0.0005
     MW     332   4.743    1.60    5.49  0.0006
     MW     333   4.757    1.60    5.49  0.0006
     MW     334   4.771    1.60    5.49  0.0004
     MW     335   4.786    1.60    5.49  0.0004
     MW     336   4.800    1.60    5.48  0.0004
     MW     337   4.814    1.60    5.49  0.0004
     MW     338   4.829    1.60    5.49  0.0004
     MW     339   4.843    1.60    5.49  0.0005
     MW     340   4.857    1.70    5.49  0.0009
     MW     341   4.871    1.70    5.49  0.0010
     MW     342   4.886    1.70    5.49  0.0011
     MW     343   4.900    1.60    5.49  0.0006
     MW     344   4.914    1.60    5.49  0.0005
     MW     345   4.929    1.70    5.48  0.0006
     MW     346   4.943    1.60    5.49  0.0005
     MW     347   4.957    1.70    5.48  0.0008
     MW     348   4.971    1.70    5.49  0.0011
     MW     349   4.986    1.70    5.49  0.0010
     MW     350   5.000    1.60    5.49  0.0005
     MW     351   5.014    1.60    5.49  0.0004
     MW     352   5.029    1.60    5.49  0.0004
     MW     353   5.043    1.60    5.49  0.0006
     MW     354   5.057    1.70    5.48  0.0007
     MW     355   5.071    1.60    5.49  0.0006
     MW     356   5.086    1.60    5.49  0.0004
     MW     357   5.100    1.60    5.49  0.0004
     MW     358   5.114    1.60    5.49  0.0004
     MW     359   5.129    1.70    5.49  0.0010
     MW     360   5.143    1.70    5.48  0.0008
     MW     361   5.157    1.60    5.49  0.0004
     MW     362   5.171    1.60    5.49  0.0004
     MW     363   5.186    1.70    5.48  0.0006
     MW     364   5.200    1.70    5.48  0.0007
     MW     365   5.214    1.60    5.49  0.0005
     MW     366   5.229    1.60    5.49  0.0005
     MW     367   5.243    1.60    5.49  0.0005
     MW     368   5.257    1.70    5.48  0.0006
     MW     369   5.271    1.60    5.49  0.0006
     MW     370   5.286    1.60    5.48  0.0003
     MW     371   5.300    1.60    5.48  0.0003
     MW     372   5.314    1.60    5.48  0.0004
     MW     373   5.329    1.60    5.49  0.0003
     MW     374   5.343    1.60    5.48  0.0003
     MW     375   5.357    1.60    5.48  0.0003
     MW     376   5.371    1.60    5.48  0.0004
     MW     377   5.386    1.60    5.48  0.0004
     MW     378   5.400    1.60    5.48  0.0004
     MW     379   5.414    1.60    5.48  0.0004
     MW     380   5.429    1.70    5.48  0.0007
     MW     381   5.443    1.70    5.48  0.0008
     MW     382   5.457    1.60    5.49  0.0005
     MW     383   5.471    1.60    5.49  0.0005
     MW     384   5.486    1.70    5.48  0.0007
     MW     385   5.500    1.70    5.48  0.0007
     MW     386   5.514    1.70    5.48  0.0005
     MW     387   5.529    1.60    5.49  0.0005
     MW     388   5.543    1.70    5.48  0.0007
     MW     389   5.557    1.70    5.48  0.0007
     MW     390   5.571    1.70    5.48  0.0007
     MW     391   5.586    1.80    5.49  0.0014
     MW     392   5.600    1.80    5.49  0.0014
     MW     393   5.614    1.70    5.49  0.0010
     MW     394   5.629    1.80    5.49  0.0015
     MW     395   5.643    1.80    5.49  0.0016
     MW     396   5.657    1.80    5.48  0.0012
     MW     397   5.671    1.80    5.49  0.0012
     MW     398   5.686    1.80    5.48  0.0010
     MW     399   5.700    1.80    5.48  0.0012
     MW     400   5.714    1.80    5.49  0.0013
     MW     401   5.729    1.80    5.48  0.0010
     MW     402   5.743    1.80    5.49  0.0017
     MW     403   5.757    1.60    5.48  0.0003
     MW     404   5.771    1.90    5.49  0.0020
     MW     405   5.786    1.80    5.49  0.0016
     MW     406   5.800    1.90    5.49  0.0019
     MW     407   5.814    1.90    5.49  0.0017
     MW     408   5.829    1.90    5.50  0.0021
     MW     409   5.843    1.90    5.49  0.0018
     MW     410   5.857    2.10    5.51  0.0033
     MW     413   5.900    3.90    5.97  0.0367
     MW     417   5.957    3.40    5.70  0.0211
     MW     422   6.029    2.10    5.46  0.0034
     MW     423   6.043    1.90    5.47  0.0023
     MW     424   6.057    1.80    5.47  0.0019
     MW     425   6.071    1.90    5.48  0.0025
     MW     426   6.086    1.90    5.49  0.0030
     MW     427   6.100    2.20    5.51  0.0047
     MW     430   6.143    3.20    5.70  0.0190
     MW     441   6.300    1.90    5.40  0.0005
     MW     451   6.443    2.30    5.38  0.0003
     MW     452   6.457    2.20    5.39  0.0003
     MW     454   6.486    2.30    5.39  0.0004
     MW     455   6.500    2.40    5.40  0.0006
     MW     456   6.514    2.40    5.40  0.0009
     MW     457   6.529    2.40    5.38  0.0004
     MW     458   6.543    3.90    5.91  0.0417
     MW     459   6.557    2.40    5.39  0.0005
     MW     460   6.571    2.30    5.39  0.0004
     MW     461   6.586    2.40    5.40  0.0009
     MW     462   6.600    2.30    5.39  0.0005
     MW     463   6.614    2.40    5.38  0.0004
     MW     464   6.629    2.40    5.38  0.0005
     MW     465   6.643    2.50    5.37  0.0005
     MW     466   6.657    2.50    5.38  0.0007
     MW     467   6.671    2.50    5.37  0.0006
     MW     468   6.686    2.50    5.37  0.0007
     MW     469   6.700    2.40    5.37  0.0005
     MW     470   6.714    2.40    5.37  0.0005
     MW     471   6.729    2.30    5.38  0.0005
     MW     472   6.743    2.40    5.38  0.0004
     MW     473   6.757    2.20    5.39  0.0003
     MW     474   6.771    2.40    5.38  0.0004
     MW     475   6.786    2.30    5.39  0.0004
     MW     476   6.800    2.30    5.38  0.0004
     MW     477   6.814    2.30    5.38  0.0004
     MW     478   6.829    2.40    5.38  0.0004
     MW     479   6.843    2.30    5.38  0.0003
     MW     480   6.857    2.40    5.38  0.0004
     MW     481   6.871    2.40    5.38  0.0004
     MW     482   6.886    2.40    5.38  0.0004
     MW     483   6.900    2.40    5.37  0.0004
     MW     484   6.914    2.50    5.37  0.0004
     MW     485   6.929    2.40    5.37  0.0004
     MW     486   6.943    2.40    5.37  0.0004
     MW     487   6.957    2.40    5.37  0.0004
     MW     488   6.971    2.50    5.36  0.0004
     MW     490   7.000    2.40    5.37  0.0004
     MW     491   7.014    2.40    5.37  0.0004
     MW     492   7.029    2.40    5.37  0.0004
     MW     493   7.043    2.50    5.38  0.0005
     MW     497   7.100    3.00    5.55  0.0117
     MW     499   7.129    3.00    5.55  0.0117
     MW     512   7.314    3.60    5.71  0.0215
     MW     519   7.414    3.80    5.77  0.0244
     MW     524   7.486    3.60    5.69  0.0201
     MW     526   7.514    3.60    5.68  0.0194
     MW     533   7.614    3.20    5.58  0.0135
     MW     534   7.629    3.10    5.56  0.0113
     MW     538   7.686    2.80    5.50  0.0078
     MW     541   7.729    2.70    5.49  0.0066
     MW     542   7.743    2.70    5.47  0.0055
     MW     544   7.771    2.70    5.47  0.0053
     MW     545   7.786    2.70    5.46  0.0053
     MW     546   7.800    2.70    5.45  0.0042
     MW     548   7.829    2.60    5.43  0.0030
     MW     549   7.843    2.70    5.43  0.0028
     MW     550   7.857    2.60    5.43  0.0028
     MW     551   7.871    2.60    5.43  0.0029
     MW     552   7.886    2.70    5.43  0.0029
     MW     553   7.900    2.70    5.42  0.0022
     MW     554   7.914    2.70    5.42  0.0024
     MW     555   7.929    2.60    5.42  0.0021
     MW     556   7.943    2.70    5.41  0.0017
     MW     557   7.957    2.60    5.41  0.0017
     MW     558   7.971    2.50    5.40  0.0012
     MW     559   7.986    2.50    5.40  0.0012
     MW     560   8.000    2.50    5.39  0.0009
     MW     561   8.014    2.50    5.38  0.0008
     MW     562   8.029    2.50    5.38  0.0007
     MW     563   8.043    2.50    5.38  0.0006
     MW     564   8.057    2.50    5.38  0.0006
     MW     565   8.071    2.50    5.37  0.0005
     MW     566   8.086    2.40    5.38  0.0006
     MW     567   8.100    2.50    5.38  0.0006
     MW     568   8.114    2.50    5.38  0.0006
     MW     569   8.129    2.40    5.38  0.0006
     MW     570   8.143    2.50    5.38  0.0006
     MW     571   8.157    2.50    5.38  0.0006
     MW     572   8.171    2.50    5.38  0.0006
     MW     573   8.186    2.50    5.38  0.0005
     MW     574   8.200    2.40    5.38  0.0005
     MW     575   8.214    2.40    5.38  0.0006
     MW     576   8.229    2.40    5.39  0.0006
     MW     577   8.243    2.40    5.39  0.0006
     MW     578   8.257    2.50    5.39  0.0007
     MW     579   8.271    2.50    5.39  0.0007
     MW     580   8.286    2.50    5.39  0.0007
     MW     581   8.300    2.50    5.39  0.0009
     MW     582   8.314    2.50    5.39  0.0008
     MW     583   8.329    2.50    5.39  0.0009
     MW     584   8.343    2.50    5.39  0.0009
     MW     585   8.357    2.50    5.38  0.0008
     MW     586   8.371    2.50    5.39  0.0010
     MW     587   8.386    2.50    5.39  0.0008
     MW     588   8.400    2.50    5.39  0.0008
     MW     589   8.414    2.50    5.39  0.0009
     MW     590   8.429    2.50    5.39  0.0008
     MW     591   8.443    2.50    5.39  0.0008
     MW     592   8.457    2.40    5.39  0.0006
     MW     593   8.471    2.50    5.38  0.0006
     MW     594   8.486    2.40    5.38  0.0005
     MW     595   8.500    2.50    5.38  0.0006
     MW     596   8.514    2.50    5.38  0.0005
     MW     597   8.529    2.50    5.38  0.0005
     MW     598   8.543    2.40    5.38  0.0005
     MW     599   8.557    2.50    5.38  0.0005
     MW     600   8.571    2.50    5.38  0.0006
     MW     601   8.586    2.60    5.37  0.0006
     MW     602   8.600    2.50    5.38  0.0005
     MW     603   8.614    2.50    5.38  0.0007
     MW     604   8.629    2.60    5.39  0.0010
     MW     605   8.643    2.60    5.39  0.0008
     MW     606   8.657    2.60    5.41  0.0016
     MW     607   8.671    2.60    5.41  0.0015
     MW     608   8.686    2.60    5.41  0.0017
     MW     609   8.700    2.70    5.42  0.0022
     MW     610   8.714    2.70    5.43  0.0031
     MW     611   8.729    2.70    5.43  0.0025
     MW     612   8.743    2.70    5.43  0.0029
     MW     613   8.757    2.80    5.46  0.0046
     MW     614   8.771    2.80    5.44  0.0036
     MW     615   8.786    2.80    5.43  0.0028
     MW     616   8.800    2.80    5.45  0.0037
     MW     617   8.814    2.80    5.44  0.0033
     MW     618   8.829    2.80    5.44  0.0033
     MW     619   8.843    2.80    5.44  0.0038
     MW     620   8.857    2.80    5.46  0.0044
     MW     621   8.871    2.80    5.45  0.0038
     MW     622   8.886    2.80    5.44  0.0037
     MW     623   8.900    2.70    5.44  0.0034
     MW     624   8.914    2.80    5.45  0.0040
     MW     625   8.929    2.80    5.44  0.0034
     MW     626   8.943    2.80    5.45  0.0038
     MW     627   8.957    2.80    5.45  0.0037
     MW     628   8.971    2.80    5.46  0.0044
     MW     629   8.986    2.80    5.46  0.0045
     MW     630   9.000    2.80    5.46  0.0043
     MW     631   9.014    2.70    5.44  0.0033
     MW     632   9.029    2.80    5.44  0.0033
     MW     634   9.057    2.80    5.44  0.0031
     MW     635   9.071    2.70    5.43  0.0032
     MW     636   9.086    2.70    5.43  0.0029
     MW     637   9.100    2.70    5.43  0.0030
     MW     638   9.114    2.60    5.42  0.0021
     MW     639   9.129    2.70    5.42  0.0019
     MW     640   9.143    2.70    5.42  0.0022
     MW     641   9.157    2.60    5.42  0.0022
     MW     642   9.171    2.70    5.42  0.0023
     MW     643   9.186    2.70    5.42  0.0023
     MW     644   9.200    2.60    5.41  0.0019
     MW     645   9.214    2.60    5.41  0.0017
     MW     646   9.229    2.60    5.40  0.0016
     MW     647   9.243    2.60    5.41  0.0016
     MW     648   9.257    2.60    5.40  0.0013
     MW     649   9.271    2.60    5.40  0.0015
     MW     650   9.286    2.60    5.40  0.0013
     MW     651   9.300    2.60    5.39  0.0011
     MW     652   9.314    2.50    5.40  0.0011
     MW     653   9.329    2.50    5.40  0.0011
     MW     654   9.343    2.60    5.40  0.0014
     MW     655   9.357    2.50    5.39  0.0009
     MW     656   9.371    2.60    5.40  0.0012
     MW     657   9.386    2.60    5.39  0.0008
     MW     658   9.400    2.50    5.39  0.0009
     MW     659   9.414    2.60    5.39  0.0009
     MW     660   9.429    2.50    5.39  0.0010
     MW     661   9.443    2.60    5.39  0.0011
     MW     662   9.457    2.50    5.39  0.0011
     MW     663   9.471    2.60    5.39  0.0011
     MW     664   9.486    2.50    5.39  0.0010
     MW     665   9.500    2.60    5.39  0.0012
     MW     666   9.514    2.60    5.39  0.0010
     MW     667   9.529    2.60    5.39  0.0010
     MW     668   9.543    2.60    5.39  0.0012
     MW     669   9.557    2.50    5.39  0.0009
     MW     670   9.571    2.60    5.39  0.0009
     MW     671   9.586    2.50    5.39  0.0008
     MW     672   9.600    2.50    5.39  0.0008
     MW     673   9.614    2.50    5.39  0.0009
     MW     674   9.629    2.50    5.39  0.0008
     MW     675   9.643    2.50    5.39  0.0007
     MW     676   9.657    2.50    5.38  0.0007
     MW     677   9.671    2.50    5.38  0.0007
     MW     678   9.686    2.50    5.38  0.0007
     MW     679   9.700    2.50    5.38  0.0006
     MW     680   9.714    2.50    5.38  0.0007
     MW     681   9.729    2.50    5.38  0.0006
     MW     682   9.743    2.50    5.39  0.0008
     MW     683   9.757    2.50    5.38  0.0007
     MW     684   9.771    2.50    5.38  0.0007
     MW     685   9.786    2.50    5.39  0.0009
     MW     686   9.800    2.50    5.39  0.0010
     MW     687   9.814    2.50    5.39  0.0009
     MW     688   9.829    2.50    5.39  0.0008
     MW     689   9.843    2.50    5.39  0.0008
     MW     690   9.857    2.60    5.39  0.0009
     MW     691   9.871    2.50    5.39  0.0009
     MW     692   9.886    2.60    5.39  0.0008
     MW     693   9.900    2.60    5.39  0.0010
     MW     694   9.914    2.50    5.39  0.0009
     MW     695   9.929    2.50    5.38  0.0006
     MW     696   9.943    2.50    5.39  0.0009
     MW     697   9.957    2.60    5.39  0.0010
     MW     698   9.971    2.50    5.38  0.0006
     MW     699   9.986    2.60    5.40  0.0013
     MW     700  10.000    2.60    5.39  0.0011
     MW     701  10.014    2.60    5.40  0.0013
     MW     702  10.029    2.70    5.40  0.0012
     MW     703  10.043    2.70    5.40  0.0014
     MW     704  10.057    2.70    5.41  0.0016
     MW     705  10.071    2.70    5.41  0.0017
     MW     706  10.086    2.60    5.40  0.0013
     MW     707  10.100    2.70    5.40  0.0016
     MW     708  10.114    2.70    5.40  0.0016
     MW     709  10.129    2.70    5.40  0.0015
     MW     710  10.143    2.70    5.39  0.0012
     MW     711  10.157    2.60    5.40  0.0014
     MW     712  10.171    2.70    5.40  0.0013
     MW     713  10.186    2.50    5.38  0.0006
     MW     714  10.200    2.60    5.40  0.0011
     MW     715  10.214    2.60    5.40  0.0010
     MW     716  10.229    2.60    5.40  0.0012
     MW     717  10.243    2.60    5.39  0.0010
     MW     718  10.257    2.60    5.39  0.0012
     MW     719  10.271    2.60    5.39  0.0009
     MW     720  10.286    2.60    5.39  0.0009
     MW     721  10.300    2.60    5.38  0.0009
     MW     722  10.314    2.50    5.39  0.0009
     MW     723  10.329    2.50    5.39  0.0009
     MW     724  10.343    2.60    5.38  0.0008
     MW     725  10.357    2.60    5.39  0.0009
     MW     726  10.371    2.60    5.39  0.0010
     MW     727  10.386    2.50    5.38  0.0006
     MW     728  10.400    2.60    5.39  0.0009
     MW     729  10.414    2.50    5.38  0.0007
     MW     730  10.429    2.60    5.40  0.0014
     MW     731  10.443    2.60    5.40  0.0013
     MW     732  10.457    2.60    5.41  0.0016
     MW     733  10.471    2.60    5.40  0.0015
     MW     734  10.486    2.60    5.41  0.0022
     MW     735  10.500    2.60    5.42  0.0025
     MW     736  10.514    2.70    5.42  0.0026
     MW     737  10.529    2.60    5.43  0.0027
     MW     738  10.543    2.80    5.44  0.0032
     MW     739  10.557    2.50    5.38  0.0006
     MW     740  10.571    2.50    5.38  0.0005
     MW     741  10.586    2.50    5.38  0.0006
     MW     742  10.600    2.50    5.38  0.0006
     MW     745  10.643    2.90    5.49  0.0066
     MW     747  10.671    2.90    5.46  0.0045
     MW     751  10.729    2.90    5.49  0.0067
     MW     752  10.743    3.10    5.54  0.0095
     MW     753  10.757    2.50    5.38  0.0006
     MW     754  10.771    2.50    5.38  0.0005
     MW     755  10.786    2.50    5.38  0.0006
     MW     756  10.800    2.60    5.38  0.0007
     MW     757  10.814    2.50    5.38  0.0006
     MW     758  10.829    2.50    5.38  0.0006
     MW     763  10.900    2.90    5.49  0.0067
     MW     766  10.943    2.80    5.48  0.0059
     MW     767  10.957    2.90    5.47  0.0050
     MW     769  10.986    2.50    5.38  0.0006
     MW     770  11.000    2.50    5.38  0.0006
     MW     771  11.014    2.50    5.38  0.0006
     MW     772  11.029    2.70    5.43  0.0028
     MW     774  11.057    2.70    5.41  0.0022
     MW     775  11.071    2.60    5.41  0.0022
     MW     776  11.086    2.70    5.41  0.0023
     MW     777  11.100    2.60    5.40  0.0014
     MW     778  11.114    2.60    5.40  0.0013
     MW     779  11.129    2.60    5.39  0.0011
     MW     780  11.143    2.60    5.39  0.0011
     MW     781  11.157    2.60    5.39  0.0011
     MW     782  11.171    2.60    5.40  0.0011
     MW     783  11.186    2.60    5.40  0.0011
     MW     784  11.200    2.60    5.39  0.0011
     MW     785  11.214    2.60    5.39  0.0010
     MW     786  11.229    2.60    5.40  0.0013
     MW     787  11.243    2.60    5.39  0.0010
     MW     788  11.257    2.60    5.39  0.0011
     MW     789  11.271    2.60    5.39  0.0009
     MW     790  11.286    2.60    5.39  0.0010
     MW     791  11.300    2.60    5.39  0.0012
     MW     792  11.314    2.60    5.39  0.0009
     MW     793  11.329    2.70    5.40  0.0013
     MW     794  11.343    2.60    5.39  0.0011
     MW     795  11.357    2.60    5.39  0.0010
     MW     796  11.371    2.70    5.39  0.0013
     MW     797  11.386    2.60    5.39  0.0011
     MW     798  11.400    2.60    5.39  0.0011
     MW     799  11.414    2.60    5.40  0.0012
     MW     800  11.429    2.70    5.40  0.0012
     MW     801  11.443    2.60    5.40  0.0013
    M31       0   0.000    2.20    5.44  0.0009
    M31       1   0.014    2.20    5.43  0.0004
    M31       2   0.029    2.20    5.45  0.0011
    M31       3   0.043    2.50    5.50  0.0041
    M31       5   0.071    2.70    5.53  0.0066
    M31       7   0.100    2.20    5.43  0.0004
    M31       8   0.114    2.20    5.44  0.0007
    M31       9   0.129    2.20    5.43  0.0003
    M31      10   0.143    3.20    5.59  0.0084
    M31      11   0.157    2.20    5.42  0.0002
    M31      12   0.171    2.20    5.42  0.0003
    M31      13   0.186    2.30    5.44  0.0009
    M31      14   0.200    2.20    5.43  0.0003
    M31      15   0.214    2.20    5.42  0.0002
    M31      16   0.229    2.20    5.42  0.0002
    M31      17   0.243    2.20    5.42  0.0002
    M31      18   0.257    2.20    5.42  0.0002
    M31      19   0.271    2.40    5.46  0.0019
    M31      20   0.286    2.50    5.48  0.0030
    M31      21   0.300    2.40    5.47  0.0023
    M31      22   0.314    2.30    5.46  0.0016
    M31      23   0.329    2.30    5.45  0.0012
    M31      24   0.343    2.20    5.43  0.0003
    M31      25   0.357    2.20    5.43  0.0005
    M31      26   0.371    2.20    5.43  0.0004
    M31      27   0.386    2.20    5.42  0.0002
    M31      28   0.400    2.20    5.42  0.0002
    M31      29   0.414    2.20    5.43  0.0003
    M31      30   0.429    2.40    5.47  0.0026
    M31      31   0.443    2.20    5.42  0.0002
    M31      32   0.457    2.20    5.42  0.0002
    M31      33   0.471    2.20    5.42  0.0003
    M31      34   0.486    2.20    5.43  0.0005
    M31      35   0.500    2.20    5.44  0.0009
    M31      36   0.514    2.20    5.44  0.0009
    M31      37   0.529    2.10    5.43  0.0004
    M31      38   0.543    2.20    5.42  0.0002
    M31      39   0.557    2.20    5.43  0.0004
    M31      40   0.571    2.20    5.42  0.0002
    M31      41   0.586    2.20    5.42  0.0002
    M31      42   0.600    2.20    5.42  0.0002
    M31      43   0.614    2.30    5.46  0.0017
    M31      44   0.629    2.20    5.43  0.0005
    M31      45   0.643    2.20    5.43  0.0005
    M31      46   0.657    2.30    5.45  0.0013
    M31      47   0.671    2.10    5.43  0.0003
    M31      48   0.686    2.20    5.42  0.0002
    M31      49   0.700    2.20    5.42  0.0003
    M31      50   0.714    2.20    5.43  0.0005
    M31      51   0.729    2.20    5.42  0.0003
    M31      52   0.743    2.20    5.42  0.0002
    M31      53   0.757    2.20    5.43  0.0005
    M31      54   0.771    2.20    5.43  0.0006
    M31      55   0.786    2.20    5.42  0.0003
    M31      56   0.800    2.20    5.43  0.0005
    M31      57   0.814    2.20    5.43  0.0004
    M31      58   0.829    2.20    5.42  0.0002
    M31      59   0.843    2.20    5.43  0.0004
    M31      60   0.857    2.20    5.42  0.0002
    M31      61   0.871    2.70    5.52  0.0060
    M31      62   0.886    2.60    5.50  0.0041
    M31      63   0.900    2.50    5.48  0.0030
    M31      64   0.914    2.40    5.46  0.0019
    M31      65   0.929    2.30    5.46  0.0020
    M31      66   0.943    2.20    5.43  0.0003
    M31      67   0.957    2.30    5.45  0.0014
    M31      68   0.971    2.40    5.48  0.0030
    M31      69   0.986    2.20    5.42  0.0003
    M31      70   1.000    2.50    5.49  0.0037
    M31      71   1.014    2.20    5.43  0.0004
    M31      72   1.029    2.20    5.42  0.0003
    M31      73   1.043    2.20    5.42  0.0003
    M31      74   1.057    2.20    5.44  0.0008
    M31      75   1.071    2.30    5.45  0.0013
    M31      76   1.086    2.30    5.44  0.0012
    M31      77   1.100    2.30    5.44  0.0011
    M31      78   1.114    2.50    5.47  0.0029
    M31      79   1.129    2.20    5.43  0.0007
    M31      80   1.143    2.20    5.42  0.0003
    M31      81   1.157    2.20    5.42  0.0003
    M31      82   1.171    2.10    5.43  0.0003
    M31      83   1.186    2.50    5.47  0.0028
    M31      84   1.200    2.50    5.48  0.0029
    M31      85   1.214    2.20    5.42  0.0003
    M31      86   1.229    2.50    5.50  0.0045
    M31      87   1.243    2.50    5.50  0.0046
    M31      88   1.257    2.40    5.47  0.0031
    M31      89   1.271    2.30    5.47  0.0023
    M31      90   1.286    2.20    5.44  0.0010
    M31      91   1.300    2.20    5.44  0.0008
    M31      92   1.314    2.20    5.45  0.0011
    M31      93   1.329    2.20    5.44  0.0008
    M31      94   1.343    2.30    5.45  0.0013
    M31      95   1.357    2.20    5.43  0.0005
    M31      96   1.371    2.40    5.45  0.0017
    M31      97   1.386    2.20    5.43  0.0004
    M31      98   1.400    2.20    5.42  0.0003
    M31      99   1.414    2.20    5.43  0.0004
    M31     100   1.429    2.30    5.45  0.0015
    M31     101   1.443    2.20    5.42  0.0003
    M31     102   1.457    2.20    5.44  0.0008
    M31     103   1.471    2.40    5.45  0.0014
    M31     104   1.486    2.20    5.43  0.0005
    M31     105   1.500    2.20    5.42  0.0003
    M31     106   1.514    2.20    5.44  0.0009
    M31     107   1.529    2.20    5.43  0.0006
    M31     108   1.543    2.20    5.42  0.0003
    M31     109   1.557    2.20    5.42  0.0003
    M31     110   1.571    2.20    5.42  0.0003
    M31     111   1.586    2.30    5.46  0.0018
    M31     112   1.600    2.20    5.42  0.0003
    M31     113   1.614    2.20    5.42  0.0003
    M31     114   1.629    2.20    5.42  0.0003
    M31     115   1.643    2.30    5.45  0.0015
    M31     116   1.657    2.30    5.46  0.0020
    M31     117   1.671    2.20    5.44  0.0010
    M31     118   1.686    2.20    5.43  0.0005
    M31     119   1.700    2.20    5.42  0.0003
    M31     120   1.714    2.20    5.44  0.0007
    M31     121   1.729    2.30    5.45  0.0013
    M31     122   1.743    2.30    5.46  0.0026
    M31     123   1.757    2.30    5.46  0.0018
    M31     124   1.771    2.20    5.42  0.0003
    M31     125   1.786    2.20    5.43  0.0004
    M31     126   1.800    2.20    5.44  0.0008
    M31     127   1.814    2.20    5.42  0.0003
    M31     128   1.829    2.20    5.42  0.0003
    M31     129   1.843    2.30    5.45  0.0015
    M31     130   1.857    2.20    5.44  0.0008
    M31     131   1.871    2.30    5.44  0.0012
    M31     132   1.886    2.20    5.44  0.0008
    M31     133   1.900    2.30    5.44  0.0011
    M31     134   1.914    2.20    5.42  0.0003
    M31     135   1.929    2.20    5.42  0.0003
    M31     136   1.943    2.20    5.43  0.0004
    M31     137   1.957    2.20    5.43  0.0004
    M31     138   1.971    2.30    5.45  0.0017
    M31     139   1.986    2.30    5.46  0.0018
    M31     140   2.000    2.20    5.42  0.0003
    M31     141   2.014    2.20    5.42  0.0004
    M31     142   2.029    2.40    5.46  0.0019
    M31     143   2.043    2.20    5.42  0.0003
    M31     144   2.057    2.20    5.44  0.0008
    M31     145   2.071    2.30    5.44  0.0011
    M31     146   2.086    2.20    5.42  0.0003
    M31     147   2.100    2.20    5.42  0.0004
    M31     148   2.114    2.20    5.42  0.0003
    M31     149   2.129    2.20    5.42  0.0003
    M31     150   2.143    2.20    5.43  0.0005
    M31     151   2.157    2.30    5.44  0.0013
    M31     152   2.171    2.30    5.44  0.0011
    M31     153   2.186    2.20    5.43  0.0006
    M31     154   2.200    2.20    5.42  0.0004
    M31     155   2.214    2.20    5.43  0.0005
    M31     156   2.229    2.20    5.42  0.0004
    M31     157   2.243    2.20    5.44  0.0010
    M31     158   2.257    2.20    5.43  0.0005
    M31     159   2.271    2.30    5.44  0.0012
    M31     160   2.286    2.40    5.47  0.0029
    M31     161   2.300    2.20    5.42  0.0003
    M31     162   2.314    2.20    5.42  0.0003
    M31     163   2.329    2.30    5.44  0.0011
    M31     164   2.343    2.20    5.43  0.0006
    M31     165   2.357    2.20    5.43  0.0006
    M31     166   2.371    2.30    5.44  0.0011
    M31     167   2.386    2.30    5.45  0.0014
    M31     168   2.400    2.30    5.44  0.0011
    M31     169   2.414    2.20    5.42  0.0003
    M31     170   2.429    2.20    5.44  0.0008
    M31     171   2.443    2.20    5.44  0.0008
    M31     172   2.457    2.30    5.44  0.0011
    M31     173   2.471    2.20    5.43  0.0006
    M31     174   2.486    2.20    5.43  0.0005
    M31     175   2.500    2.20    5.43  0.0004
    M31     176   2.514    2.20    5.42  0.0003
    M31     177   2.529    2.20    5.43  0.0006
    M31     178   2.543    2.30    5.45  0.0015
    M31     179   2.557    2.20    5.43  0.0004
    M31     180   2.571    2.50    5.47  0.0026
    M31     181   2.586    2.20    5.42  0.0004
    M31     182   2.600    2.30    5.44  0.0011
    M31     183   2.614    2.20    5.43  0.0006
    M31     184   2.629    2.30    5.44  0.0010
    M31     185   2.643    2.20    5.42  0.0003
    M31     186   2.657    2.30    5.45  0.0016
    M31     187   2.671    2.20    5.43  0.0005
    M31     188   2.686    2.20    5.43  0.0004
    M31     189   2.700    2.20    5.42  0.0004
    M31     190   2.714    2.30    5.44  0.0010
    M31     191   2.729    2.30    5.44  0.0010
    M31     192   2.743    2.20    5.43  0.0007
    M31     193   2.757    2.30    5.43  0.0009
    M31     194   2.771    2.20    5.43  0.0007
    M31     195   2.786    2.20    5.43  0.0005
    M31     196   2.800    2.20    5.43  0.0004
    M31     197   2.814    2.20    5.42  0.0004
    M31     198   2.829    2.30    5.45  0.0016
    M31     199   2.843    2.30    5.44  0.0010
    M31     200   2.857    2.20    5.43  0.0005
    M31     201   2.871    2.20    5.43  0.0006
    M31     202   2.886    2.20    5.43  0.0007
    M31     203   2.900    2.20    5.43  0.0005
    M31     204   2.914    2.30    5.45  0.0015
    M31     205   2.929    2.40    5.47  0.0025
    M31     206   2.943    2.40    5.45  0.0019
    M31     207   2.957    2.30    5.45  0.0017
    M31     208   2.971    2.40    5.45  0.0018
    M31     209   2.986    2.40    5.45  0.0018
    M31     210   3.000    2.20    5.42  0.0004
    M31     211   3.014    2.40    5.45  0.0017
    M31     212   3.029    2.20    5.42  0.0004
    M31     213   3.043    2.20    5.42  0.0004
    M31     214   3.057    2.20    5.42  0.0004
    M31     215   3.071    2.40    5.46  0.0024
    M31     216   3.086    2.20    5.44  0.0008
    M31     217   3.100    2.20    5.44  0.0009
    M31     218   3.114    2.20    5.42  0.0004
    M31     219   3.129    2.40    5.46  0.0018
    M31     220   3.143    2.20    5.42  0.0004
    M31     221   3.157    2.20    5.43  0.0004
    M31     222   3.171    2.50    5.46  0.0019
    M31     223   3.186    2.20    5.43  0.0005
    M31     224   3.200    2.20    5.43  0.0006
    M31     225   3.214    2.20    5.42  0.0004
    M31     226   3.229    2.20    5.42  0.0004
    M31     227   3.243    2.20    5.42  0.0004
    M31     228   3.257    2.20    5.42  0.0004
    M31     229   3.271    2.20    5.43  0.0005
    M31     230   3.286    2.20    5.43  0.0008
    M31     231   3.300    2.20    5.42  0.0004
    M31     232   3.314    2.20    5.43  0.0005
    M31     233   3.329    2.20    5.42  0.0004
    M31     234   3.343    2.20    5.42  0.0004
    M31     235   3.357    2.20    5.43  0.0005
    M31     236   3.371    2.20    5.43  0.0004
    M31     237   3.386    2.20    5.42  0.0004
    M31     238   3.400    2.20    5.42  0.0004
    M31     239   3.414    2.20    5.42  0.0004
    M31     240   3.429    2.20    5.42  0.0004
    M31     241   3.443    2.20    5.43  0.0007
    M31     242   3.457    2.20    5.43  0.0006
    M31     243   3.471    2.20    5.42  0.0004
    M31     244   3.486    2.20    5.42  0.0004
    M31     245   3.500    2.20    5.42  0.0005
    M31     246   3.514    2.20    5.43  0.0004
    M31     247   3.529    2.20    5.43  0.0007
    M31     248   3.543    2.20    5.43  0.0005
    M31     249   3.557    2.20    5.42  0.0004
    M31     250   3.571    2.20    5.43  0.0005
    M31     251   3.586    2.20    5.43  0.0005
    M31     252   3.600    2.20    5.44  0.0008
    M31     253   3.614    2.20    5.42  0.0004
    M31     254   3.629    2.30    5.44  0.0013
    M31     255   3.643    2.20    5.43  0.0006
    M31     256   3.657    2.20    5.43  0.0006
    M31     257   3.671    2.20    5.43  0.0004
    M31     258   3.686    2.20    5.43  0.0004
    M31     259   3.700    2.30    5.43  0.0009
    M31     260   3.714    2.20    5.43  0.0008
    M31     261   3.729    2.50    5.46  0.0024
    M31     262   3.743    2.30    5.45  0.0013
    M31     263   3.757    2.40    5.45  0.0018
    M31     264   3.771    2.20    5.43  0.0008
    M31     265   3.786    2.40    5.45  0.0016
    M31     266   3.800    2.30    5.44  0.0012
    M31     267   3.814    2.20    5.43  0.0006
    M31     268   3.829    2.20    5.43  0.0008
    M31     269   3.843    2.20    5.43  0.0006
    M31     270   3.857    2.20    5.43  0.0005
    M31     271   3.871    2.20    5.43  0.0006
    M31     272   3.886    2.20    5.43  0.0005
    M31     273   3.900    2.20    5.43  0.0005
    M31     274   3.914    2.30    5.43  0.0008
    M31     275   3.929    2.20    5.43  0.0007
    M31     276   3.943    2.20    5.44  0.0008
    M31     277   3.957    2.30    5.44  0.0011
    M31     278   3.971    2.40    5.45  0.0016
    M31     279   3.986    2.30    5.44  0.0012
    M31     280   4.000    2.20    5.43  0.0004
    M31     281   4.014    2.20    5.43  0.0004
    M31     282   4.029    2.40    5.46  0.0020
    M31     283   4.043    2.40    5.46  0.0024
    M31     284   4.057    2.50    5.48  0.0033
    M31     285   4.071    2.60    5.48  0.0033
    M31     286   4.086    2.60    5.49  0.0042
    M31     287   4.100    2.80    5.50  0.0046
    M31     288   4.114    2.80    5.50  0.0051
    M31     289   4.129    2.20    5.42  0.0004
    M31     290   4.143    2.80    5.50  0.0045
    M31     291   4.157    2.20    5.42  0.0004
    M31     292   4.171    2.90    5.52  0.0053
    M31     293   4.186    2.20    5.42  0.0005
    M31     294   4.200    2.20    5.42  0.0005
    M31     295   4.214    2.90    5.54  0.0070
    M31     296   4.229    2.20    5.42  0.0004
    M31     297   4.243    2.20    5.43  0.0004
    M31     298   4.257    2.20    5.42  0.0004
    M31     299   4.271    2.20    5.42  0.0004
    M31     300   4.286    2.20    5.43  0.0005
    M31     301   4.300    2.20    5.43  0.0005
    M31     302   4.314    2.20    5.42  0.0005
    M31     303   4.329    2.20    5.42  0.0005
    M31     304   4.343    2.20    5.42  0.0004
    M31     305   4.357    2.20    5.42  0.0004
    M31     306   4.371    2.20    5.42  0.0005
    M31     307   4.386    2.20    5.43  0.0005
    M31     308   4.400    2.20    5.43  0.0005
    M31     309   4.414    2.20    5.43  0.0005
    M31     310   4.429    2.10    5.43  0.0005
    M31     311   4.443    2.20    5.43  0.0004
    M31     313   4.471    2.20    5.43  0.0005
    M31     314   4.486    2.20    5.43  0.0005
    M31     315   4.500    2.10    5.43  0.0004
    M31     316   4.514    2.20    5.43  0.0004
    M31     317   4.529    2.80    5.50  0.0044
    M31     318   4.543    2.80    5.51  0.0049
    M31     319   4.557    2.20    5.43  0.0005
    M31     320   4.571    2.20    5.43  0.0004
    M31     321   4.586    2.20    5.43  0.0005
    M31     323   4.614    2.70    5.52  0.0060
    M31     324   4.629    2.70    5.51  0.0053
    M31     325   4.643    2.70    5.51  0.0051
    M31     326   4.657    2.20    5.43  0.0005
    M31     327   4.671    2.60    5.48  0.0032
    M31     328   4.686    2.60    5.47  0.0027
    M31     329   4.700    2.60    5.47  0.0025
    M31     330   4.714    2.60    5.47  0.0026
    M31     331   4.729    2.60    5.47  0.0027
    M31     332   4.743    2.50    5.47  0.0030
    M31     333   4.757    2.50    5.48  0.0032
    M31     334   4.771    2.50    5.48  0.0030
    M31     335   4.786    2.50    5.48  0.0038
    M31     336   4.800    2.50    5.47  0.0028
    M31     337   4.814    2.50    5.47  0.0027
    M31     338   4.829    2.50    5.47  0.0026
    M31     339   4.843    2.50    5.47  0.0027
    M31     340   4.857    2.50    5.46  0.0022
    M31     341   4.871    2.50    5.46  0.0021
    M31     342   4.886    2.50    5.46  0.0019
    M31     343   4.900    2.50    5.46  0.0019
    M31     344   4.914    2.50    5.46  0.0019
    M31     345   4.929    2.40    5.46  0.0019
    M31     346   4.943    2.40    5.45  0.0018
    M31     347   4.957    2.40    5.46  0.0021
    M31     348   4.971    2.40    5.45  0.0019
    M31     349   4.986    2.30    5.45  0.0019
    M31     350   5.000    2.40    5.45  0.0018
    M31     351   5.014    2.40    5.45  0.0018
    M31     352   5.029    2.40    5.45  0.0017
    M31     353   5.043    2.40    5.45  0.0016
    M31     354   5.057    2.40    5.45  0.0015
    M31     355   5.071    2.40    5.45  0.0018
    M31     356   5.086    2.40    5.45  0.0015
    M31     357   5.100    2.40    5.45  0.0018
    M31     358   5.114    2.40    5.45  0.0020
    M31     359   5.129    2.40    5.46  0.0020
    M31     360   5.143    2.40    5.46  0.0023
    M31     361   5.157    2.40    5.46  0.0022
    M31     362   5.171    2.40    5.46  0.0019
    M31     363   5.186    2.30    5.46  0.0019
    M31     364   5.200    2.30    5.45  0.0015
    M31     365   5.214    2.30    5.45  0.0013
    M31     366   5.229    2.30    5.44  0.0011
    M31     367   5.243    2.30    5.44  0.0010
    M31     368   5.257    2.20    5.44  0.0009
    M31     369   5.271    2.30    5.44  0.0009
    M31     370   5.286    2.30    5.43  0.0009
    M31     371   5.300    2.20    5.44  0.0009
    M31     372   5.314    2.20    5.43  0.0008
    M31     373   5.329    2.20    5.43  0.0008
    M31     374   5.343    2.20    5.44  0.0009
    M31     375   5.357    2.30    5.43  0.0009
    M31     376   5.371    2.20    5.43  0.0008
    M31     377   5.386    2.30    5.43  0.0009
    M31     378   5.400    2.30    5.43  0.0009
    M31     379   5.414    2.20    5.43  0.0008
    M31     380   5.429    2.20    5.43  0.0007
    M31     381   5.443    2.20    5.43  0.0006
    M31     382   5.457    2.20    5.43  0.0006
    M31     383   5.471    2.20    5.43  0.0006
    M31     384   5.486    2.20    5.43  0.0006
    M31     385   5.500    2.20    5.44  0.0007
    M31     386   5.514    2.20    5.44  0.0007
    M31     387   5.529    2.20    5.44  0.0009
    M31     388   5.543    2.30    5.44  0.0012
    M31     389   5.557    2.30    5.45  0.0012
    M31     390   5.571    2.30    5.45  0.0014
    M31     391   5.586    2.30    5.45  0.0015
    M31     392   5.600    2.30    5.45  0.0015
    M31     393   5.614    2.40    5.45  0.0017
    M31     394   5.629    2.40    5.45  0.0016
    M31     395   5.643    2.40    5.45  0.0014
    M31     396   5.657    2.30    5.45  0.0014
    M31     397   5.671    2.30    5.44  0.0014
    M31     398   5.686    2.30    5.44  0.0011
    M31     399   5.700    2.30    5.44  0.0012
    M31     400   5.714    2.40    5.44  0.0013
    M31     401   5.729    2.40    5.45  0.0014
    M31     402   5.743    2.40    5.45  0.0015
    M31     403   5.757    2.40    5.45  0.0018
    M31     404   5.771    2.40    5.46  0.0019
    M31     405   5.786    2.40    5.46  0.0019
    M31     406   5.800    2.40    5.47  0.0024
    M31     407   5.814    2.40    5.47  0.0027
    M31     408   5.829    2.50    5.48  0.0030
    M31     409   5.843    2.70    5.52  0.0054
    M31     411   5.871    4.10    5.98  0.0336
    M31     433   6.186    4.90    6.64  0.1131
    M31     452   6.457    4.90    6.43  0.0826
    M31     457   6.529    4.00    5.82  0.0252
    M31     459   6.557    3.80    5.68  0.0142
    M31     460   6.571    3.60    5.60  0.0098
    M31     461   6.586    3.50    5.54  0.0059
    M31     462   6.600    3.40    5.50  0.0045
    M31     463   6.614    3.40    5.49  0.0039
    M31     464   6.629    3.40    5.48  0.0033
    M31     465   6.643    3.40    5.47  0.0031
    M31     466   6.657    3.40    5.46  0.0030
    M31     467   6.671    3.50    5.48  0.0036
    M31     468   6.686    3.60    5.48  0.0035
    M31     469   6.700    3.60    5.47  0.0032
    M31     470   6.714    3.60    5.47  0.0029
    M31     471   6.729    3.50    5.46  0.0028
    M31     472   6.743    3.50    5.45  0.0022
    M31     473   6.757    3.60    5.46  0.0026
    M31     474   6.771    3.50    5.46  0.0026
    M31     475   6.786    3.50    5.45  0.0022
    M31     476   6.800    3.40    5.46  0.0027
    M31     477   6.814    3.50    5.47  0.0031
    M31     478   6.829    3.60    5.48  0.0035
    M31     479   6.843    3.60    5.51  0.0051
    M31     480   6.857    3.60    5.51  0.0045
    M31     481   6.871    3.60    5.53  0.0057
    M31     482   6.886    3.60    5.55  0.0073
    M31     483   6.900    3.60    5.56  0.0076
    M31     486   6.943    3.70    5.62  0.0111
    M31     489   6.986    3.80    5.67  0.0143
    M31     492   7.029    3.80    5.69  0.0164
    M31     497   7.100    3.80    5.64  0.0126
    M31     498   7.114    3.70    5.61  0.0103
    M31     499   7.129    3.60    5.57  0.0085
    M31     501   7.157    3.60    5.57  0.0081
    M31     502   7.171    3.60    5.56  0.0083
    M31     503   7.186    3.60    5.56  0.0075
    M31     504   7.200    3.50    5.54  0.0073
    M31     505   7.214    3.60    5.56  0.0081
    M31     506   7.229    3.60    5.56  0.0080
    M31     507   7.243    3.60    5.56  0.0083
    M31     508   7.257    3.50    5.52  0.0059
    M31     512   7.314    3.60    5.55  0.0074
    M31     513   7.329    3.50    5.54  0.0071
    M31     514   7.343    3.50    5.52  0.0054
    M31     515   7.357    3.60    5.54  0.0065
    M31     516   7.371    3.70    5.56  0.0075
    M31     517   7.386    3.60    5.53  0.0060
    M31     518   7.400    3.60    5.54  0.0065
    M31     519   7.414    3.50    5.52  0.0055
    M31     520   7.429    3.60    5.53  0.0063
    M31     521   7.443    3.60    5.51  0.0048
    M31     522   7.457    3.50    5.50  0.0044
    M31     523   7.471    3.40    5.50  0.0046
    M31     524   7.486    3.50    5.49  0.0037
    M31     525   7.500    3.50    5.49  0.0037
    M31     526   7.514    3.50    5.48  0.0035
    M31     527   7.529    3.40    5.47  0.0035
    M31     528   7.543    3.40    5.46  0.0028
    M31     529   7.557    3.50    5.47  0.0030
    M31     530   7.571    3.50    5.47  0.0029
    M31     531   7.586    3.50    5.46  0.0027
    M31     532   7.600    3.40    5.46  0.0030
    M31     533   7.614    3.40    5.46  0.0032
    M31     534   7.629    3.50    5.47  0.0028
    M31     535   7.643    3.50    5.47  0.0033
    M31     536   7.657    3.50    5.48  0.0033
    M31     537   7.671    3.40    5.48  0.0039
    M31     538   7.686    3.40    5.47  0.0035
    M31     539   7.700    3.60    5.49  0.0039
    M31     540   7.714    3.60    5.51  0.0050
    M31     541   7.729    3.50    5.50  0.0048
    M31     542   7.743    3.50    5.51  0.0054
    M31     543   7.757    3.50    5.51  0.0053
    M31     545   7.786    3.60    5.56  0.0080
    M31     546   7.800    3.60    5.55  0.0072
    M31     547   7.814    3.60    5.55  0.0067
    M31     548   7.829    3.60    5.58  0.0093
    M31     549   7.843    3.70    5.60  0.0102
    M31     550   7.857    3.60    5.58  0.0095
    M31     551   7.871    3.60    5.60  0.0104
    M31     555   7.929    3.80    5.66  0.0140
    M31     556   7.943    3.80    5.65  0.0130
    M31     560   8.000    3.80    5.62  0.0105
    M31     562   8.029    3.90    5.62  0.0100
    M31     563   8.043    3.90    5.61  0.0093
    M31     565   8.071    3.80    5.56  0.0065
    M31     567   8.100    3.70    5.54  0.0059
    M31     568   8.114    3.70    5.52  0.0049
    M31     569   8.129    3.70    5.52  0.0046
    M31     570   8.143    3.60    5.48  0.0029
    M31     571   8.157    3.60    5.47  0.0029
    M31     572   8.171    3.70    5.48  0.0027
    M31     573   8.186    3.70    5.47  0.0024
    M31     574   8.200    3.60    5.46  0.0022
    M31     575   8.214    3.60    5.46  0.0022
    M31     576   8.229    3.60    5.46  0.0021
    M31     577   8.243    3.60    5.45  0.0020
    M31     578   8.257    3.60    5.45  0.0021
    M31     579   8.271    3.50    5.45  0.0019
    M31     580   8.286    3.50    5.45  0.0020
    M31     581   8.300    3.50    5.45  0.0020
    M31     582   8.314    3.40    5.45  0.0022
    M31     583   8.329    3.50    5.46  0.0024
    M31     584   8.343    3.50    5.46  0.0028
    M31     585   8.357    3.40    5.46  0.0030
    M31     586   8.371    3.50    5.48  0.0034
    M31     587   8.386    3.50    5.48  0.0038
    M31     588   8.400    3.50    5.48  0.0037
    M31     589   8.414    3.50    5.49  0.0043
    M31     590   8.429    3.50    5.48  0.0036
    M31     591   8.443    3.50    5.50  0.0051
    M31     592   8.457    3.50    5.48  0.0037
    M31     593   8.471    3.60    5.51  0.0047
    M31     594   8.486    3.60    5.49  0.0039
    M31     595   8.500    3.60    5.51  0.0048
    M31     596   8.514    3.60    5.50  0.0041
    M31     597   8.529    3.60    5.49  0.0035
    M31     598   8.543    3.70    5.51  0.0044
    M31     599   8.557    3.60    5.50  0.0043
    M31     600   8.571    3.70    5.51  0.0044
    M31     601   8.586    3.60    5.49  0.0040
    M31     602   8.600    3.70    5.50  0.0041
    M31     603   8.614    3.60    5.49  0.0036
    M31     604   8.629    3.60    5.49  0.0033
    M31     605   8.643    3.60    5.49  0.0035
    M31     606   8.657    3.60    5.50  0.0038
    M31     607   8.671    3.60    5.50  0.0041
    M31     608   8.686    3.60    5.51  0.0046
    M31     609   8.700    3.60    5.51  0.0048
    M31     610   8.714    3.60    5.52  0.0055
    M31     611   8.729    3.60    5.53  0.0055
    M31     612   8.743    3.60    5.52  0.0056
    M31     613   8.757    3.60    5.53  0.0057
    M31     614   8.771    3.60    5.53  0.0059
    M31     615   8.786    3.60    5.52  0.0056
    M31     616   8.800    3.60    5.52  0.0054
    M31     617   8.814    3.60    5.52  0.0055
    M31     620   8.857    3.50    5.49  0.0041
    M31     621   8.871    3.60    5.51  0.0049
    M31     622   8.886    3.60    5.50  0.0043
    M31     623   8.900    3.50    5.50  0.0051
    M31     624   8.914    3.60    5.49  0.0035
    M31     625   8.929    3.50    5.48  0.0035
    M31     626   8.943    3.60    5.49  0.0037
    M31     627   8.957    3.50    5.49  0.0039
    M31     628   8.971    3.50    5.49  0.0042
    M31     629   8.986    3.50    5.48  0.0033
    M31     630   9.000    3.50    5.47  0.0032
    M31     631   9.014    3.50    5.47  0.0029
    M31     632   9.029    3.50    5.46  0.0027
    M31     633   9.043    3.40    5.46  0.0026
    M31     634   9.057    3.50    5.46  0.0027
    M31     635   9.071    3.50    5.46  0.0023
    M31     636   9.086    3.50    5.45  0.0023
    M31     637   9.100    3.50    5.46  0.0027
    M31     638   9.114    3.50    5.46  0.0025
    M31     639   9.129    3.50    5.46  0.0027
    M31     640   9.143    3.50    5.46  0.0026
    M31     641   9.157    3.50    5.47  0.0028
    M31     642   9.171    3.50    5.46  0.0026
    M31     643   9.186    3.50    5.48  0.0035
    M31     644   9.200    3.50    5.48  0.0040
    M31     645   9.214    3.50    5.48  0.0036
    M31     646   9.229    3.50    5.50  0.0047
    M31     647   9.243    3.50    5.50  0.0049
    M31     648   9.257    3.60    5.53  0.0060
    M31     649   9.271    3.60    5.51  0.0046
    M31     650   9.286    3.60    5.53  0.0059
    M31     651   9.300    3.60    5.52  0.0050
    M31     652   9.314    3.60    5.54  0.0061
    M31     654   9.343    3.70    5.55  0.0062
    M31     655   9.357    3.70    5.56  0.0069
    M31     657   9.386    3.70    5.57  0.0078
    M31     658   9.400    3.70    5.56  0.0075
    M31     659   9.414    3.70    5.57  0.0079
    M31     661   9.443    3.70    5.55  0.0070
    M31     663   9.471    3.60    5.51  0.0051
    M31     664   9.486    3.60    5.52  0.0054
    M31     665   9.500    3.60    5.50  0.0044
    M31     666   9.514    3.60    5.49  0.0036
    M31     667   9.529    3.60    5.50  0.0048
    M31     668   9.543    3.60    5.48  0.0032
    M31     669   9.557    3.60    5.48  0.0030
    M31     670   9.571    3.60    5.48  0.0031
    M31     671   9.586    3.60    5.47  0.0029
    M31     672   9.600    3.70    5.48  0.0030
    M31     673   9.614    3.70    5.49  0.0032
    M31     674   9.629    3.70    5.48  0.0027
    M31     675   9.643    3.70    5.49  0.0032
    M31     676   9.657    3.70    5.49  0.0033
    M31     677   9.671    3.70    5.49  0.0034
    M31     678   9.686    3.70    5.48  0.0031
    M31     679   9.700    3.70    5.49  0.0034
    M31     680   9.714    3.70    5.50  0.0039
    M31     681   9.729    3.70    5.49  0.0033
    M31     682   9.743    3.70    5.50  0.0041
    M31     683   9.757    3.70    5.49  0.0036
    M31     684   9.771    3.60    5.48  0.0033
    M31     685   9.786    3.60    5.49  0.0037
    M31     686   9.800    3.60    5.48  0.0034
    M31     687   9.814    3.60    5.47  0.0031
    M31     688   9.829    3.50    5.47  0.0028
    M31     689   9.843    3.60    5.47  0.0026
    M31     690   9.857    3.50    5.46  0.0028
    M31     691   9.871    3.50    5.47  0.0029
    M31     692   9.886    3.50    5.46  0.0027
    M31     693   9.900    3.50    5.46  0.0025
    M31     694   9.914    3.50    5.46  0.0027
    M31     695   9.929    3.50    5.46  0.0024
    M31     696   9.943    3.50    5.46  0.0024
    M31     697   9.957    3.50    5.46  0.0027
    M31     698   9.971    3.50    5.46  0.0026
    M31     699   9.986    3.50    5.47  0.0031
    M31     700  10.000    3.60    5.48  0.0033
    M31     701  10.014    3.60    5.49  0.0038
    M31     702  10.029    3.60    5.50  0.0042
    M31     703  10.043    3.60    5.50  0.0043
    M31     704  10.057    3.70    5.53  0.0055
    M31     705  10.071    3.70    5.53  0.0053
    M31     706  10.086    3.60    5.52  0.0052
    M31     707  10.100    3.70    5.53  0.0052
    M31     708  10.114    3.70    5.55  0.0067
    M31     709  10.129    3.70    5.55  0.0067
    M31     710  10.143    3.70    5.53  0.0055
    M31     711  10.157    3.70    5.55  0.0064
    M31     712  10.171    3.70    5.54  0.0057
    M31     713  10.186    3.70    5.54  0.0065
    M31     714  10.200    3.70    5.54  0.0060
    M31     715  10.214    3.70    5.54  0.0067
    M31     716  10.229    3.60    5.52  0.0053
    M31     717  10.243    3.60    5.52  0.0056
    M31     718  10.257    3.70    5.52  0.0048
    M31     719  10.271    3.60    5.52  0.0053
    M31     720  10.286    3.60    5.52  0.0053
    M31     721  10.300    3.60    5.50  0.0043
    M31     722  10.314    3.60    5.51  0.0048
    M31     723  10.329    3.60    5.50  0.0046
    M31     724  10.343    3.60    5.50  0.0045
    M31     725  10.357    3.60    5.50  0.0043
    M31     726  10.371    3.60    5.50  0.0043
    M31     727  10.386    3.60    5.51  0.0045
    M31     728  10.400    3.60    5.51  0.0046
    M31     729  10.414    3.60    5.51  0.0053
    M31     730  10.429    3.60    5.51  0.0045
    M31     731  10.443    3.60    5.52  0.0056
    M31     732  10.457    3.70    5.55  0.0066
    M31     733  10.471    3.70    5.56  0.0071
    M31     734  10.486    3.70    5.55  0.0064
    M31     735  10.500    3.80    5.57  0.0074
    M31     736  10.514    3.70    5.57  0.0079
    M31     737  10.529    3.80    5.58  0.0078
    M31     738  10.543    3.80    5.56  0.0066
    M31     739  10.557    3.80    5.56  0.0065
    M31     740  10.571    3.90    5.59  0.0081
    M31     741  10.586    3.90    5.59  0.0085
    M31     742  10.600    3.90    5.60  0.0087
    M31     743  10.614    3.90    5.59  0.0076
    M31     744  10.629    4.00    5.60  0.0086
    M31     745  10.643    3.90    5.59  0.0085
    M31     746  10.657    4.00    5.61  0.0085
    M31     747  10.671    4.00    5.60  0.0080
    M31     748  10.686    4.10    5.61  0.0084
    M31     749  10.700    4.00    5.58  0.0064
    M31     750  10.714    4.00    5.57  0.0059
    M31     751  10.729    3.90    5.56  0.0058
    M31     752  10.743    4.00    5.57  0.0060
    M31     753  10.757    3.90    5.55  0.0057
    M31     754  10.771    4.00    5.57  0.0060
    M31     755  10.786    4.00    5.57  0.0061
    M31     756  10.800    3.90    5.55  0.0055
    M31     757  10.814    3.90    5.55  0.0055
    M31     758  10.829    3.90    5.54  0.0053
    M31     759  10.843    3.90    5.55  0.0055
    M31     760  10.857    3.90    5.54  0.0050
    M31     761  10.871    3.80    5.53  0.0050
    M31     762  10.886    3.80    5.53  0.0051
    M31     763  10.900    3.80    5.54  0.0055
    M31     764  10.914    3.70    5.52  0.0051
    M31     765  10.929    3.70    5.52  0.0048
    M31     766  10.943    3.60    5.50  0.0042
    M31     767  10.957    3.70    5.51  0.0045
    M31     768  10.971    3.60    5.51  0.0046
    M31     769  10.986    3.60    5.50  0.0040
    M31     770  11.000    3.50    5.49  0.0042
    M31     771  11.014    3.60    5.49  0.0040
    M31     772  11.029    3.60    5.48  0.0033
    M31     773  11.043    3.60    5.49  0.0039
    M31     774  11.057    3.60    5.49  0.0036
    M31     775  11.071    3.60    5.49  0.0036
    M31     776  11.086    3.60    5.48  0.0034
    M31     777  11.100    3.60    5.47  0.0031
    M31     778  11.114    3.70    5.47  0.0028
    M31     779  11.129    3.60    5.47  0.0027
    M31     780  11.143    3.60    5.46  0.0024
    M31     781  11.157    3.70    5.47  0.0023
    M31     782  11.171    3.70    5.46  0.0022
    M31     783  11.186    3.70    5.48  0.0028
    M31     784  11.200    3.70    5.47  0.0026
    M31     785  11.214    3.80    5.48  0.0026
    M31     786  11.229    3.80    5.49  0.0030
    M31     787  11.243    3.80    5.49  0.0032
    M31     788  11.257    3.80    5.49  0.0031
    M31     789  11.271    3.80    5.50  0.0033
    M31     790  11.286    3.80    5.51  0.0040
    M31     791  11.300    3.80    5.52  0.0046
    M31     792  11.314    3.80    5.52  0.0042
    M31     793  11.329    3.90    5.53  0.0048
    M31     794  11.343    3.80    5.52  0.0043
    M31     795  11.357    3.80    5.54  0.0053
    M31     796  11.371    3.80    5.54  0.0058
    M31     797  11.386    3.90    5.57  0.0067
    M31     799  11.414    3.90    5.59  0.0077
    M31     800  11.429    3.90    5.58  0.0076
    M31     801  11.443    3.90    5.59  0.0081
